782 8
N01 0.51613 0.33277 -1.0807 -1.1039 -0.45095 1.8677 -0.46081 0.11681 
</s> 0.67902 0.59721 -1.0769 -0.14205 -0.08833 1.3752 -0.98515 -0.3272 
... 0.33557 0.58441 -1.1926 -0.13445 -0.42117 1.2434 -0.98268 -0.48801 
N14 -0.94244 -0.11316 -1.306 -0.5909 -0.58558 1.9605 -1.1721 -1.5513 
X 0.44654 0.59491 -1.1221 -0.16561 -0.40625 1.2607 -0.98256 -0.29743 
N34 -0.93763 0.76239 -1.4788 -0.51169 -0.76874 1.8665 -1.489 -2.5142 
N57 0.81776 1.1259 -2.8266 1.6717 -0.10641 0.72223 -0.82103 -2.5328 
EN~A 0.75445 0.70871 -1.2415 -0.31553 -0.70864 1.1915 -1.1651 -0.073136 
N19 -1.4398 -0.40324 -5.0226 2.043 -0.82419 1.5635 -0.84006 -1.1737 
GAL~A 0.67322 0.64914 -0.97903 -0.46754 -0.74126 1.1915 -1.0571 0.12 
N39~A 0.052748 0.80564 -0.75271 -0.77856 -1.661 1.6255 -1.6235 1.4152 
SZE~A 0.19516 0.76101 -1.3817 -0.49804 -0.82021 1.4597 -1.1323 -0.11014 
AN 0.5854 0.59411 -1.5014 -0.12 -0.57945 1.2601 -0.98775 -0.078492 
N02 0.55847 -0.43113 -3.4644 0.4842 1.0944 1.8647 0.46623 0.93546 
PAP~A 0.52347 0.62074 -1.193 -0.20181 -0.68461 1.11 -1.0448 -0.038155 
SAL 0.41016 0.54137 -1.4746 -0.093039 -0.64996 1.488 -0.98888 -0.26683 
BA 0.29917 0.48344 -1.626 -0.037504 -0.60851 1.4848 -1.0389 -0.3018 
N04 -1.2186 -0.35799 -4.0152 1.8221 -0.49738 1.8646 -0.19547 0.027009 
N 0.24692 0.34747 -0.9047 -0.013916 -0.33445 0.8854 -0.5382 -0.1128 
SANGA~A 0.52202 0.56209 -1.1632 -0.19203 -0.68208 1.1198 -0.96741 -0.0050723 
N45 -1.5965 0.47089 -2.3627 0.50491 -0.28139 1.8912 -0.66911 -0.78473 
N08 -0.58601 -1.1576 -2.5142 0.68811 -0.13569 3.3557 -0.71835 2.4726 
N05 0.32589 1.1046 -3.745 0.89136 0.21217 2.8964 -0.64535 3.42 
NUN~A 0.75753 0.77584 -1.2052 -0.42169 -0.83835 1.3002 -1.2155 -0.031493 
GI 0.48503 0.58097 -1.3479 -0.17226 -0.64599 1.3917 -0.99812 -0.10404 
SZU 0.59314 0.65446 -1.4416 -0.44994 -0.81947 1.5442 -1.2224 -0.1762 
E2~A 0.86377 0.9212 -1.1611 -0.37147 -0.74377 1.2718 -1.1287 0.42979 
A 0.49251 0.50662 -1.3929 -0.081733 -0.46328 1.25 -1.0154 -0.040991 
UDU~A 0.50585 0.74709 -1.1001 -0.53749 -0.73745 1.3957 -1.1269 -0.29747 
N42~A 0.36188 1.5692 -2.7439 0.59567 -0.15634 1.9686 -0.7884 2.7653 
BU~A 0.72401 0.77719 -1.1202 -0.46789 -0.83692 1.3512 -1.1774 0.032587 
KI 0.50316 0.49237 -1.5039 -0.18029 -0.57049 1.4803 -1.0965 -0.25139 
NAM2 0.41962 0.54553 -1.439 -0.11946 -0.70921 1.4285 -1.0069 -0.050604 
N20 0.3176 2.0079 -4.0648 1.3564 -0.030859 2.5773 -0.76206 3.8403 
U4 0.46834 0.50247 -1.3806 -0.068947 -0.60139 1.2964 -1.0266 -0.15933 
DU 0.60711 0.52434 -1.3231 -0.14615 -0.5991 1.2562 -1.0506 -0.19428 
N51 0.75421 -0.23775 -2.7308 2.213 0.041645 0.87807 -2.4152 -2.1138 
PA~A 0.66027 0.60465 -1.095 -0.29593 -0.79312 1.1617 -1.087 0.03114 
ME~A 0.64537 0.74593 -1.0545 -0.34623 -0.66182 1.1298 -1.0578 0.35114 
BAR 0.39507 0.50843 -1.432 -0.076521 -0.54723 1.3244 -0.97882 -0.13269 
SAG 0.40347 0.63484 -1.5188 -0.067361 -0.70299 1.5137 -1.0836 -0.14492 
AB~A 0.81314 0.68046 -1.1423 -0.43989 -0.95029 1.181 -1.1963 0.031508 
SI 0.61549 0.59055 -1.3642 -0.35545 -0.7433 1.4493 -1.1807 -0.078484 
TUR 0.34792 0.48894 -1.3593 -0.20765 -0.55182 1.452 -0.92042 -0.12664 
GISZ 0.51383 0.52557 -1.53 -0.13363 -0.71418 1.3419 -1.1178 -0.23336 
KU6~A 0.62008 0.78278 -1.2016 -0.30421 -0.75201 1.2965 -1.1371 -0.0057614 
N03 -1.5362 0.26181 -3.3971 1.1403 -0.57959 2.8749 -0.47906 1.635 
GAR 0.59448 0.56286 -1.543 0.086305 -0.58671 1.3214 -1.4003 -0.48651 
AB2 0.53729 0.50691 -1.2862 -0.17465 -0.63046 1.1861 -0.92636 -0.10231 
N24 -0.31501 0.69456 -2.0793 0.62816 -0.68808 1.6082 -0.55497 1.6874 
N50 -0.69029 0.1639 -2.5311 1.1717 0.48439 2.2786 -1.4679 -1.7718 
HI 0.49106 0.60334 -1.2541 -0.13795 -0.55932 1.3339 -0.90667 0.37275 
SZITA~A1 0.5467 0.66719 -1.278 -0.36001 -0.72873 1.5258 -1.1376 -0.39233 
TUG2~A 0.68371 0.77906 -1.2065 -0.39093 -0.75143 1.3843 -1.1364 0.1135 
NE~A 0.49331 0.67859 -1.0722 -0.35749 -0.7246 1.0417 -0.97015 0.22396 
N48 -1.6336 0.83887 -2.1328 0.31057 -0.521 1.7906 -0.67939 -0.66749 
GU7 0.15193 0.49577 -1.6423 0.12447 -0.57245 1.3491 -0.86609 0.033273 
TE 0.26068 0.36994 -1.4875 0.049528 -0.53569 1.1115 -0.87176 -0.11478 
IB~A 0.74301 0.70319 -1.0828 -0.37438 -0.89081 1.1388 -1.1444 0.23766 
SZUBUR 0.44707 0.53192 -1.2496 -0.23641 -0.65173 1.3016 -0.95264 -0.043494 
SUHUR 0.28805 0.49132 -1.1988 -0.17274 -0.52392 1.2369 -0.93923 -0.34698 
SZU2 0.35862 0.54796 -1.3232 -0.25373 -0.68963 1.4039 -0.99719 -0.32615 
MUSZ3~A 0.61181 0.67339 -1.3197 -0.28388 -0.71524 1.3265 -1.0799 0.041294 
NI~A 0.65207 0.85271 -1.3463 -0.34917 -0.85028 1.4452 -1.2421 0.27677 
MUSZEN 0.53518 0.66001 -1.5494 -0.10275 -0.60351 1.4075 -0.96792 -0.17252 
SU~A 0.86409 0.86702 -1.1999 -0.43076 -0.83392 1.3079 -1.2349 -0.073062 
GAN2 0.13601 0.37855 -1.5431 -0.061881 -0.38151 1.6119 -1.052 -0.27347 
UNUG~A 0.63014 0.62659 -1.1859 -0.19725 -0.58566 1.2195 -0.96652 0.29228 
GA~A 0.91479 0.78746 -1.2187 -0.53465 -0.94694 1.3846 -1.377 -0.0059051 
N40 -1.7821 1.0576 -3.736 1.1754 -0.76077 2.7352 -0.58007 1.3911 
DUG~A 0.72925 0.7823 -1.2475 -0.43885 -0.74492 1.4086 -1.1242 0.17059 
KU3~A 0.71582 0.73236 -1.2139 -0.33254 -0.81358 1.2292 -1.1201 0.025805 
DA~A 0.7628 0.6733 -1.1517 -0.49045 -0.90036 1.2412 -1.1371 -0.030807 
KUR~A 0.64723 0.63747 -1.0705 -0.4258 -0.77389 1.2661 -1.0297 -0.03424 
RAD~A 0.75984 0.72252 -1.188 -0.35183 -0.69239 1.2394 -1.1134 0.095514 
UD5~A 0.35019 0.54816 -0.83373 -0.31507 -0.56914 0.99434 -0.77921 0.13209 
DUG~C 0.54509 0.58221 -1.3061 -0.29537 -0.57003 1.3471 -0.99428 -0.22452 
APIN~A 0.44597 0.59781 -1.2173 -0.19697 -0.62987 1.2193 -1.0739 -0.11512 
KISAL~B1 0.45742 0.54137 -1.4271 -0.18189 -0.66274 1.4532 -1.0514 -0.29696 
MASZ 0.42266 0.52609 -1.2679 -0.30125 -0.66628 1.4271 -1.0089 -0.34747 
ERIM~A 0.54843 0.70102 -1.1496 -0.43788 -0.77341 1.2916 -1.1258 -0.11765 
N58 0.25782 0.00912 -2.0841 0.84192 -0.34445 1.5216 -1.8097 -2.517 
N41 -1.6246 0.37114 -3.7971 1.8229 -0.68183 1.946 -0.31531 -0.088544 
GU4 0.38725 0.52431 -1.2803 -0.077552 -0.60128 1.2907 -0.94839 -0.093384 
N22 -0.32767 0.36377 -2.3096 0.69736 -0.049959 1.8075 -0.66678 1.1986 
UDUNITA~A 0.50201 0.56128 -0.97445 -0.37856 -0.63783 1.1653 -0.87852 -0.22213 
MA 0.39081 0.42425 -1.2377 -0.12214 -0.60383 1.2363 -0.8902 -0.3045 
TAK4~A 0.5223 0.60116 -1.1383 -0.2161 -0.65246 1.1468 -1.0182 0.12837 
U8 0.25398 0.3636 -0.97347 -0.097764 -0.3911 0.94262 -0.59927 -0.16942 
UB 0.27027 0.479 -1.2589 -0.006147 -0.50771 1.1822 -0.89879 -0.081578 
N46 -1.5058 0.21215 -3.8926 1.8093 -0.42544 1.3508 -0.29891 0.31226 
RU 0.26979 0.47781 -1.172 -0.054599 -0.51881 1.2074 -0.89488 0.0035594 
KISZ 0.51574 0.49677 -1.2652 -0.3537 -0.6401 1.3825 -1.0293 -0.50756 
SZE3 0.29278 0.59518 -1.3173 -0.33111 -0.66567 1.3553 -0.99743 -0.42603 
U2~B 0.51226 0.58476 -1.2846 -0.24249 -0.70935 1.3483 -1.1761 -0.22422 
TUR3~A 0.60982 0.66008 -1.2501 -0.32702 -0.71785 1.2659 -0.99782 -0.025394 
N57| 0.46741 0.94814 -2.4374 1.0233 -0.63214 1.468 -1.1838 -1.5204 
URU~A1 0.5036 0.57205 -1.39 -0.17186 -0.56951 1.3395 -1.0251 -0.22182 
MAR~A 0.57278 0.63284 -1.28 -0.29701 -0.76166 1.2604 -1.1349 -0.018909 
MASZ2 0.29029 0.39778 -0.99009 -0.25649 -0.49646 1.0587 -0.73049 -0.24835 
NAGA~A 0.69257 0.65949 -1.2055 -0.34891 -0.79021 1.2338 -1.1064 0.063819 
E2~B 0.56547 0.5683 -1.289 -0.23181 -0.70489 1.2774 -1.0998 -0.23103 
NUNUZ~A1 0.64076 0.65737 -1.5151 -0.087021 -0.61099 1.4264 -1.1113 -0.46535 
HI@G~A 0.57782 1.0621 -1.6834 0.070128 -0.46626 1.4545 -0.84469 1.9297 
UMUN2 0.34149 0.40516 -1.1198 -0.10889 -0.46947 1.092 -0.78869 -0.051226 
|U4XN57| 0.27833 0.91316 -1.7441 0.14785 -0.57706 1.4677 -0.51013 -0.048638 
AMAR 0.4036 0.44233 -1.2616 -0.014201 -0.47637 1.087 -0.75003 -0.094263 
GUG2 0.35628 0.49425 -1.3213 -0.055524 -0.47616 1.2231 -0.85026 0.16885 
SIG2~B 0.60331 0.6081 -1.3469 -0.31544 -0.72192 1.4279 -1.1222 -0.18751 
DUB~A 0.65737 0.65552 -1.1206 -0.31586 -0.73381 1.1667 -1.0075 0.04427 
SUKKAL 0.36711 0.53679 -1.2399 -0.16945 -0.59872 1.2792 -0.9206 -0.13705 
NA~A 0.8758 0.80206 -1.1878 -0.50333 -0.93067 1.3057 -1.2302 0.22572 
KASZ~C 0.54515 0.52301 -1.4106 -0.14041 -0.45842 1.3112 -0.8829 -0.022351 
N25 0.095168 1.0921 -2.6149 0.90851 -0.083385 1.8343 -0.49472 2.4265 
ERIN 0.35557 0.48422 -1.2566 -0.096482 -0.50475 1.2003 -0.8786 -0.11435 
U2~A 0.77101 0.97086 -1.0958 -0.52034 -0.78108 1.3882 -1.188 0.39654 
ZATU753 0.82031 0.69692 -1.1535 -0.44404 -0.77139 1.3425 -1.2465 -0.27147 
N18 -2.0652 0.20095 -4.0426 1.6923 -0.93343 3.2358 -1.2263 0.54467 
PIRIG~B1 0.42666 0.53951 -1.4102 -0.014876 -0.57252 1.2699 -1.0037 -0.46732 
SZA 0.52612 0.72544 -1.5703 -0.35463 -0.91789 1.7282 -1.2098 -0.17689 
LAGAB~B 0.35802 0.30172 -1.7471 0.011824 -0.79742 1.2937 -1.0976 -0.59523 
KAB 0.3584 0.49026 -1.1862 -0.061695 -0.49501 1.1509 -0.81587 0.13608 
MU 0.38286 0.64941 -1.507 0.084447 -0.39855 1.5196 -0.86298 0.72236 
AL 0.31266 0.52343 -1.507 -0.12102 -0.6309 1.4559 -0.9613 -0.19316 
N36 -1.0847 -0.08872 -3.8402 1.0804 -0.81323 1.3541 -1.0319 -0.87876 
|U4XN57 0.32845 1.0562 -2.0114 0.26161 -0.48237 1.4686 -0.32098 -0.11851 
ZATU659 0.80416 0.64246 -1.2005 -0.34429 -0.76422 1.2679 -1.3258 -0.46047 
DI 0.42218 0.54106 -1.3956 -0.069814 -0.55697 1.381 -0.90267 -0.10388 
ZATU752 0.8393 0.68449 -1.2425 -0.3917 -0.79705 1.3532 -1.2747 -0.27361 
|DUG~BXX| 0.36696 0.44637 -0.84161 -0.36465 -0.56507 1.0537 -0.75055 -0.25714 
GI6 0.45301 0.50912 -1.275 -0.18305 -0.56752 1.2105 -1.0047 -0.025611 
|N57 0.64445 1.1333 -2.3976 0.43067 -0.47794 1.3591 -0.83201 -0.98849 
KASZ~B 0.49802 0.53307 -1.3642 -0.23955 -0.54024 1.3461 -0.94082 -0.094319 
NAR 0.4788 0.50474 -1.4084 -0.11896 -0.61894 1.3338 -1.0906 0.052658 
ZI~A 0.59853 0.65057 -1.0116 -0.37347 -0.746 1.1462 -0.99355 0.3405 
DUG~B 0.63771 0.6824 -1.4236 -0.4383 -0.82372 1.589 -1.2616 -0.46006 
KASZ~A 0.59788 0.61163 -1.2453 -0.33221 -0.5576 1.2832 -0.98197 -0.02958 
GADA~A 0.59771 0.55104 -0.95271 -0.41079 -0.7231 1.0761 -0.9908 -0.081196 
UTUA~A 0.47106 0.50574 -0.91624 -0.28861 -0.62419 0.97442 -0.82495 -0.04431 
MUD 0.31128 0.50709 -1.3743 -0.015368 -0.57667 1.2664 -0.91177 0.14239 
NUN~B 0.5327 0.59382 -1.1816 -0.41847 -0.75607 1.393 -1.0792 -0.37595 
HASZHUR 0.27842 0.38102 -0.9879 -0.15031 -0.40919 0.9916 -0.74273 -0.18956 
SZA3~A1 0.53283 0.62201 -1.3228 -0.3216 -0.6541 1.447 -1.0633 -0.33404 
GIR3~C 0.43437 0.48941 -1.3392 -0.10772 -0.57434 1.263 -0.95022 -0.05266 
UKKIN~A 0.46419 0.52994 -1.0992 -0.26522 -0.56815 1.1327 -0.93339 -0.043095 
TUN3~A 0.67861 0.65134 -1.0819 -0.32737 -0.67505 1.1837 -1.0505 -0.020774 
UR2 0.50541 0.63818 -1.6106 -0.13946 -0.6308 1.4544 -1.1764 -0.17643 
GA2~A1 0.57738 0.7203 -1.4481 -0.30372 -0.68584 1.5224 -1.2232 -0.24885 
NIN 0.21669 0.51041 -1.6404 0.020305 -0.56515 1.3212 -0.93852 -0.12022 
AMA~A 0.6311 0.64557 -1.235 -0.3274 -0.78001 1.2338 -1.007 -0.026793 
|SZE~A.NAM2| 0.21919 0.4413 -1.2602 -0.094992 -0.44949 1.1943 -0.82228 -0.20829 
NAGAR~A 0.63501 0.66209 -1.2514 -0.2862 -0.7387 1.2429 -1.1271 -0.062098 
TAR~A 0.54711 0.64224 -1.1907 -0.26814 -0.76754 1.2487 -1.1103 0.237 
GIBIL 0.35366 0.51257 -1.6604 0.10521 -0.55499 1.2575 -0.98544 -0.11285 
DIN 0.39418 0.53451 -1.3058 -0.097172 -0.53819 1.1776 -0.87556 -0.22954 
IM~A 0.61106 0.79738 -1.1004 -0.5277 -0.89861 1.3158 -1.2195 0.12732 
URI3~A 0.59163 0.58967 -1.205 -0.27229 -0.66854 1.1661 -0.97042 0.038493 
KA~A 0.62485 0.70204 -1.3866 -0.29351 -0.86787 1.2915 -1.1123 0.21648 
N59 0.47108 0.52007 -3.4949 1.5457 -0.73813 1.8029 -2.6925 -2.1649 
N28 0.035027 0.76431 -2.1361 0.61012 -0.39039 1.5648 -0.66003 1.8162 
LA2 0.51256 0.43026 -1.4461 0.057365 -0.5748 1.2232 -0.9676 -0.053731 
NAGAR~B 0.57045 0.57752 -1.2288 -0.25176 -0.68196 1.2496 -1.0571 -0.22076 
NI~B 0.51746 0.5244 -1.3145 -0.21608 -0.68641 1.3139 -1.061 -0.32105 
TI 0.23183 0.47525 -1.3585 -0.062662 -0.40967 1.2336 -0.74708 -0.13692 
SIG 0.45386 0.59456 -1.4392 -0.27966 -0.64104 1.5224 -1.1054 -0.13374 
HAL 0.39647 0.53892 -1.4054 -0.034621 -0.54552 1.3063 -0.91814 0.020927 
SUG5 0.4758 0.56504 -1.3318 -0.04274 -0.61075 1.1933 -1.0221 0.040173 
AB~B 0.40061 0.40006 -1.5326 -0.013776 -0.68908 1.2279 -1.0501 -0.34956 
EZEN~B 0.53602 0.59573 -1.2635 -0.32431 -0.65126 1.4464 -1.0673 -0.25951 
E~A 0.71916 0.90398 -1.3029 -0.5205 -0.94244 1.2395 -1.306 0.37141 
NAMESZDA 0.3398 0.41421 -1.1063 -0.07575 -0.52701 1.1019 -0.78854 -0.026907 
NIM~A 0.65297 0.80366 -1.3198 -0.45698 -0.88998 1.4679 -1.2897 -0.0068315 
|GA~A.ZATU753| 0.44231 0.40401 -1.1867 -0.10658 -0.48131 1.1604 -0.84084 0.0034584 
GESZTU~B 0.46705 0.50065 -1.2698 -0.27023 -0.62845 1.2811 -0.9745 -0.070928 
|N58.BAD~A| 0.37548 0.54001 -1.4083 -0.070816 -0.51816 1.3275 -0.94879 -0.081464 
NIMGIR 0.33388 0.45379 -1.1614 -0.13931 -0.5023 1.1177 -0.84533 -0.076152 
GU 0.50998 0.55005 -1.4672 -0.083475 -0.70171 1.3531 -1.0074 -0.058326 
|GI&GI| 0.18195 0.34599 -1.4087 0.067819 -0.39973 1.1325 -0.75822 -0.19164 
SIG7 0.4428 0.51111 -1.1667 -0.21827 -0.55774 1.2103 -0.92382 -0.042528 
SZAB~A 0.59269 0.66085 -1.1735 -0.47091 -0.92189 1.3777 -1.202 -0.16411 
USZ~A 0.54392 0.58674 -1.1204 -0.29557 -0.63493 1.1585 -0.96959 -0.13269 
|NI~A.RU| 0.25199 0.47014 -1.4736 0.04834 -0.49733 1.3027 -0.9417 -0.12522 
SAR~A 0.50231 0.63358 -1.2388 -0.21652 -0.69631 1.2442 -1.0905 0.13209 
BARA2~A 0.56378 0.73601 -1.1664 -0.40949 -0.66846 1.3033 -1.0487 -0.0019611 
GIR3@G~B 0.40919 0.55758 -1.4159 -0.11187 -0.63546 1.3733 -1.06 -0.083278 
SI4~A 0.46193 0.78179 -1.336 -0.35039 -0.79808 1.4132 -1.1418 0.092533 
EN~B 0.45142 0.4934 -1.1219 -0.47008 -0.69437 1.3945 -1.1194 -0.54317 
NA2~A 0.70995 0.93451 -1.3733 -0.45668 -0.81211 1.541 -1.2322 0.34686 
KU~B1 0.30207 0.62186 -1.7113 -0.092364 -0.81161 1.6887 -1.1068 -0.20344 
UR~A 0.7864 0.76587 -1.3083 -0.42719 -0.89478 1.5152 -1.2846 0.20433 
ZAG~A 0.59481 0.69657 -1.0152 -0.38538 -0.73755 1.165 -1.0334 0.19625 
ZATU694~C 0.74676 0.63128 -1.2146 -0.31737 -0.70311 1.2693 -1.1933 -0.30533 
ISZ~B 0.39417 0.44637 -1.4059 -0.1563 -0.59566 1.3069 -0.94098 -0.19559 
KID~B 0.38576 0.40098 -1.2881 -0.21161 -0.67001 1.3725 -1.017 -0.20171 
NESAG2~A 0.525 0.62427 -1.0751 -0.25274 -0.60868 1.1596 -0.93864 0.17227 
DUR2 0.53599 0.5891 -1.4148 -0.098525 -0.55492 1.1941 -1.0108 -0.263 
ZATU647 0.86424 0.69585 -1.1338 -0.35824 -0.73118 1.267 -1.2547 -0.27871 
SI4~F 0.11577 0.45914 -1.572 0.018236 -0.59364 1.3706 -0.89267 -0.099267 
N52 -0.1256 0.0017539 -3.0771 1.2813 -0.13895 1.5419 -1.1634 -1.5329 
SZAGAN 0.33982 0.47761 -1.3812 -0.16731 -0.61043 1.3551 -0.96458 -0.19753 
UR5~A 0.32226 0.62252 -1.402 0.0010713 -0.49403 1.1924 -0.84342 0.67009 
LAGAB~A 0.70256 0.48009 -1.6217 -0.28065 -1.0089 1.3693 -1.3189 -0.43197 
GIR2~A 0.68027 0.79919 -1.1511 -0.34326 -0.66002 1.267 -1.047 0.24146 
DUB~B 0.50651 0.50191 -1.27 -0.15121 -0.6218 1.2457 -0.96768 -0.23389 
N21 -0.31892 0.40859 -4.5016 1.7977 -0.30457 2.6738 -0.19547 1.044 
GURUSZDA 0.46786 0.46562 -1.2158 -0.1598 -0.60912 1.2486 -0.99963 -0.21066 
|DUG~CXN57| 0.36119 0.5464 -1.0989 -0.14251 -0.53906 1.0777 -0.67384 -0.29865 
NIM~B1 0.41292 0.53803 -1.3439 -0.075798 -0.61953 1.3056 -1.0195 -0.19493 
N07~A 0.46722 0.68904 -2.1048 0.13336 -0.63658 1.889 -1.1836 1.3925 
SZAM2 0.25138 0.55519 -1.4825 -0.0039385 -0.60594 1.3234 -0.90878 -0.032533 
KAR2~A 0.77017 0.84955 -1.1941 -0.31762 -0.66994 1.3202 -1.1292 0.31576 
GURUSZ~A 0.50825 0.54974 -1.2242 -0.23171 -0.64596 1.2574 -1.0422 -0.24004 
KISIM~A 0.45458 0.55844 -1.0129 -0.38 -0.65006 1.1556 -0.90944 -0.041915 
NU 0.44086 0.46415 -1.1041 -0.057979 -0.5289 1.0612 -0.94054 -0.070582 
N29~A 0.036617 0.70982 -1.8543 0.43662 -0.78137 1.3868 -0.81265 1.4046 
N39~B -0.092716 0.53809 -1.3447 -0.66756 -1.6317 2.2139 -2.1562 0.2735 
SILA4~C 0.44077 0.55121 -1.3679 -0.15927 -0.54745 1.3227 -0.94252 -0.18391 
N15 0.050243 -0.48305 -3.4281 0.17436 0.078509 1.9029 -0.71537 -0.37265 
LAM~B 0.52252 0.55283 -1.5854 -0.10784 -0.72649 1.4541 -1.1035 -0.065967 
MUN~A1 0.48547 0.5605 -1.3378 -0.25808 -0.58933 1.3574 -1.0035 -0.26504 
IDIGNA 0.26159 0.35945 -1.1834 0.047949 -0.45767 1.0589 -0.76258 -0.017543 
ZATU644~A 0.7565 0.73016 -1.0663 -0.41908 -0.76814 1.2502 -1.1929 -0.16951 
AK~A 0.72977 0.74827 -1.0769 -0.40041 -0.81834 1.3033 -1.1686 0.24922 
DIM~A 0.56764 0.72129 -1.2116 -0.37227 -0.72257 1.2881 -1.0477 0.074115 
KASKAL 0.40808 0.48136 -1.267 -0.12421 -0.57942 1.2036 -0.88718 -0.053109 
SZIM~A 0.37085 0.84483 -1.5366 -0.45851 -0.97368 1.7072 -1.36 -0.0013404 
LAGAR~A 0.55562 0.52881 -1.2282 -0.26636 -0.7544 1.1657 -1.0894 -0.2153 
GARA2~A 0.62091 0.76314 -1.2145 -0.36945 -0.67795 1.3306 -1.1252 -0.0309 
GISZ3~B 0.46613 0.54132 -1.424 -0.14667 -0.70883 1.2765 -1.0492 -0.11715 
KALAM~B 0.47492 0.55094 -1.4433 -0.093314 -0.64902 1.3435 -1.0369 -0.082588 
ZATU648 0.80291 0.66011 -1.126 -0.40239 -0.73951 1.2387 -1.2463 -0.41246 
SZEN~B 0.50884 0.69626 -1.4887 -0.46659 -0.85523 1.7127 -1.2694 -0.4351 
N30~A 0.23115 0.7433 -1.6372 -0.11442 -0.87395 1.5163 -1.2506 0.45889 
SA~C 0.22171 0.58356 -1.5782 -0.1038 -0.67166 1.5322 -1.0561 -0.13619 
SILA3~A 0.73327 0.75902 -1.4605 -0.45936 -0.72428 1.5569 -1.1186 0.016698 
|BU~A+DU6~A| 0.36967 0.53103 -1.5152 -0.054013 -0.50977 1.3752 -1.0296 -0.26376 
ZATU710 0.76906 0.76091 -1.1941 -0.32797 -0.69826 1.3554 -1.1883 0.15286 
ABGAL 0.30143 0.3742 -1.0978 -0.061523 -0.43865 0.98792 -0.73129 -0.13046 
GAN~A 0.66187 0.7731 -1.2607 -0.36894 -0.72719 1.371 -1.2287 -0.14179 
|SAL.KUR~A| 0.45347 0.48356 -1.5137 -0.054641 -0.4829 1.426 -0.96944 -0.14367 
N54 0.70588 0.34365 -2.9353 1.8978 -0.30872 1.4172 -2.4442 -1.9466 
AD~A 0.85135 0.81917 -1.2491 -0.37446 -0.79611 1.3654 -1.2342 0.26517 
ZATU773~A 0.78968 0.73473 -1.1312 -0.4086 -0.78886 1.2922 -1.2167 -0.11052 
SZURUPPAK~A 0.52403 0.55941 -1.1599 -0.24437 -0.65139 1.2322 -0.96976 0.048281 
MEN~A 0.74139 0.69223 -1.2881 -0.26482 -0.66521 1.2206 -1.1393 0.00087131 
N30~C 0.079797 0.51417 -1.8164 0.22995 -0.61985 1.3923 -1.0738 0.21969 
KAK~A 0.68211 0.70662 -1.1206 -0.35207 -0.79692 1.2679 -1.1057 0.16112 
DUR~B 0.38354 0.54249 -1.2757 -0.22786 -0.65967 1.382 -0.99949 -0.42129 
BUR2 0.44685 0.443 -1.0592 -0.17389 -0.50662 0.97919 -0.87146 -0.14401 
ZATU759 0.78516 0.6822 -1.1648 -0.40947 -0.7765 1.3112 -1.2836 -0.42093 
SZAKIR~C 0.49881 0.56348 -1.1736 -0.20191 -0.61585 1.218 -0.91974 -0.1275 
ZABALAM~A 0.47525 0.53389 -1.0855 -0.18199 -0.59846 1.0214 -0.91375 0.013034 
N01@F 0.65739 -0.010522 -3.1404 -0.12396 -0.57258 2.2689 -0.93926 0.42352 
IR~A 0.65653 0.69486 -1.261 -0.31695 -0.78674 1.2412 -1.097 0.17248 
LU2 0.25668 0.42336 -1.1788 -0.00091832 -0.40265 1.0644 -0.70119 -0.012214 
GISZIMMAR~B1 0.31411 0.43684 -1.2011 -0.078793 -0.49422 1.1511 -0.85795 -0.101 
N26 -0.043193 0.54104 -1.95 0.64222 -0.36565 1.3564 -0.5921 1.18 
NU11 0.29894 0.325 -1.0438 0.015518 -0.40626 0.91132 -0.72387 -0.046465 
ZATU649 0.80685 0.64744 -1.1397 -0.35049 -0.74654 1.2152 -1.2193 -0.34665 
KINGAL 0.21731 0.31325 -0.81117 -0.12936 -0.39691 0.86683 -0.61061 -0.18928 
GA'AR~A1 0.42881 0.40733 -1.1761 0.046225 -0.46862 1.0487 -0.9322 -0.23713 
ADAB 0.30766 0.35009 -0.93215 -0.080974 -0.43541 0.93628 -0.71709 -0.14443 
|U4.N08| 0.17889 0.18537 -1.5952 0.1784 -0.54201 1.9153 -0.98684 0.93225 
N47 -0.62507 1.1939 -3.3189 1.2527 -0.26451 1.8868 -0.54629 1.9151 
I 0.23282 0.42823 -1.0773 0.029057 -0.332 0.93643 -0.62693 -0.010067 
N08| 0.010911 -0.40942 -2.2805 0.47126 -0.24918 2.6724 -0.76477 1.4881 
|GISZXSZU2~A| 0.31359 0.51613 -1.6337 -0.018295 -0.56898 1.4683 -1.0414 -0.24494 
GUM~B 0.3902 0.50906 -1.2725 -0.18326 -0.70693 1.2902 -1.0531 -0.16697 
MES 0.41868 0.38973 -1.2819 0.016897 -0.47341 1.134 -0.95197 -0.11057 
GAN~B 0.45935 0.55693 -1.2453 -0.30905 -0.65464 1.439 -1.1364 -0.3906 
ZATU686~A 0.85495 0.73622 -1.1079 -0.36243 -0.75992 1.1893 -1.2472 -0.16119 
UMBIN~A 0.39017 0.50327 -0.97829 -0.20269 -0.50631 1.0436 -0.86672 -0.067147 
GAN~C 0.35922 0.54072 -1.2925 -0.14972 -0.47712 1.344 -0.97194 -0.25511 
URUDU~A 0.48328 0.61302 -1.1706 -0.30385 -0.64205 1.2906 -1.0203 -0.064972 
LAL2~A 0.55771 0.60677 -1.0187 -0.20887 -0.5215 1.0222 -0.88747 0.26455 
PU2 0.2956 0.30795 -0.8443 0.01427 -0.43633 0.85579 -0.62891 -0.12919 
ZATU751~A 0.74614 0.72878 -1.2272 -0.32018 -0.78036 1.2611 -1.2085 -0.1479 
|N57.SZUBUR| 0.39339 0.48979 -1.3037 0.039458 -0.4373 1.1011 -0.79308 -0.22005 
ESZDA 0.40183 0.48041 -1.2491 -0.1043 -0.5549 1.2211 -0.86793 0.035821 
DU8~C 0.45317 0.47921 -1.6504 0.1336 -0.47224 1.3097 -1.0958 -0.026603 
ZATU714 0.71273 0.79799 -1.2452 -0.33673 -0.69811 1.4414 -1.1981 0.32024 
UTUL~A 0.40015 0.50949 -0.8782 -0.23864 -0.541 0.93089 -0.78053 0.14402 
N28~C 0.26293 0.88492 -2.2018 0.49443 -0.28508 1.594 -0.74014 1.5214 
|E2~AXN57@T| 0.30868 0.54052 -1.434 0.053241 -0.47945 1.1977 -0.77927 -0.068825 
BUR~A 0.6787 0.59429 -0.99609 -0.40259 -0.73928 1.1781 -1.0548 0.072281 
GISZ@T 0.4085 0.48543 -1.3178 -0.039173 -0.57946 1.1224 -0.89333 -0.15385 
GA2~A2 0.46053 0.59449 -1.4646 -0.12283 -0.60182 1.3522 -1.0998 -0.10044 
|U4.N08 0.044557 0.062488 -1.7844 0.25071 -0.62243 2.2362 -1.0989 1.2355 
|SZU2.EN~A| 0.29704 0.47113 -1.5131 0.010027 -0.47892 1.3375 -0.89233 -0.20647 
|U4XN01| 0.2235 0.68888 -1.4583 -0.21569 -0.60682 1.4785 -0.66044 0.1969 
SZIDIM 0.26684 0.45873 -1.0765 -0.18397 -0.5075 1.127 -0.79651 -0.11031 
SZUM 0.41955 0.50876 -1.1113 -0.25462 -0.59325 1.1693 -0.92426 -0.14171 
BULUG3 0.16801 0.33459 -0.93206 0.0022538 -0.42137 0.88208 -0.68172 -0.017387 
N57.PIRIG~B1| 0.38878 0.55315 -1.8002 0.39052 -0.44466 1.2312 -1.0077 -0.75887 
|TUG2~A.(BAD&BAD)| 0.2123 0.31572 -0.79355 -0.058956 -0.31457 0.72738 -0.52295 -0.098155 
|NUN~A+EN~A| 0.30373 0.44801 -1.2785 -0.063729 -0.49082 1.1953 -0.8638 -0.18286 
N49 -1.1527 0.34186 -3.346 1.0901 -0.56008 1.6554 -0.64952 0.14578 
|ZATU714XHI@G~A| 0.45543 0.8285 -1.6846 0.11706 -0.36259 1.5136 -0.88744 1.2103 
TUM~A 0.53619 0.67401 -1.0426 -0.35084 -0.6867 1.1544 -1.0405 0.066984 
DILMUN 0.25567 0.3473 -0.96756 -0.049869 -0.38747 0.89672 -0.65427 -0.19069 
|U4XN01 0.27186 0.76014 -1.2866 -0.38209 -0.65337 1.4638 -0.61403 0.17798 
ZATU697~A 0.8057 0.71989 -1.1647 -0.37986 -0.7934 1.2697 -1.2477 -0.13638 
|ZATU737XSAL| 0.42472 0.50266 -1.0731 -0.14897 -0.47905 1.103 -0.84156 0.066809 
|ZATU759XKU6~A| 0.42142 0.56787 -1.337 -0.17654 -0.52177 1.3581 -1.0215 -0.15313 
NI2 0.17996 0.30957 -0.87893 -0.004406 -0.3259 0.82574 -0.55354 -0.036063 
SZELU 0.3101 0.46551 -1.1394 -0.23515 -0.54971 1.1331 -0.79964 -0.14673 
ANSZE~B 0.29549 0.42082 -1.298 -0.14127 -0.49582 1.2425 -0.86053 -0.19656 
N01| 0.22498 0.39129 -2.1944 -0.30146 -0.50012 2.1896 -0.84758 0.40322 
SZA3~A2 0.42425 0.53984 -1.2036 -0.19522 -0.552 1.2454 -0.93944 -0.2375 
GI4~A 0.45592 0.69465 -1.2965 -0.2581 -0.75449 1.2847 -1.0426 0.19315 
DARA4~A1 0.3298 0.51382 -1.2863 -0.19583 -0.5474 1.2993 -0.93235 -0.33598 
SAGSZU 0.26692 0.38052 -1.1038 -0.02664 -0.42948 0.9946 -0.69879 0.0049521 
ZATU693 0.79218 0.63921 -1.066 -0.40508 -0.725 1.1832 -1.1937 -0.35158 
SZEG9 0.19472 0.42106 -1.1387 -0.12097 -0.48219 1.0481 -0.76456 -0.19701 
DU6~B 0.39862 0.46296 -1.171 -0.22998 -0.59604 1.1545 -0.96422 -0.27067 
SILA4~B 0.40909 0.53705 -1.3645 -0.19026 -0.62922 1.3592 -0.99329 -0.24852 
NIR~A 0.50013 0.62628 -1.2581 -0.2481 -0.70214 1.2991 -1.0585 0.1123 
PAD~A 0.59456 0.62755 -1.0255 -0.25969 -0.60684 1.0403 -0.93703 0.11901 
ZATU628~A 0.79667 0.7026 -1.1133 -0.41792 -0.73004 1.2206 -1.1803 -0.15677 
N38 -0.25952 0.24408 -1.7084 0.27358 -0.54254 1.1774 -0.76317 -0.2701 
IN~B 0.50211 0.53169 -1.2836 -0.3647 -0.76956 1.4622 -1.132 -0.3031 
SZITA~A3 0.42414 0.52261 -1.0657 -0.25279 -0.59097 1.2309 -0.90897 -0.27086 
|SZE~A&SZE~A| 0.20246 0.48855 -1.5375 -0.048959 -0.42173 1.4286 -0.94407 -0.28873 
|ZATU651XEN~A| 0.47893 0.54702 -1.4554 -0.054768 -0.53929 1.3331 -1.0575 -0.084877 
GAR3 0.18068 0.35555 -0.86054 -0.090289 -0.38165 0.81897 -0.76752 -0.44642 
TU~B 0.4829 0.56574 -1.5303 -0.3054 -0.81352 1.6201 -1.2115 -0.22469 
KALAM~A 0.5725 0.68376 -1.369 -0.21054 -0.71852 1.3039 -1.1058 0.074693 
URI 0.26502 0.27966 -0.88426 -0.040002 -0.30876 0.81668 -0.62001 -0.014234 
GUL 0.22953 0.39877 -1.2095 -0.033492 -0.48428 1.0875 -0.84383 -0.18521 
SZEN~C@T 0.25631 0.42069 -0.93826 -0.20199 -0.45693 1.0066 -0.71043 -0.24968 
KISZIK~A 0.49821 0.56815 -1.0949 -0.23037 -0.63994 1.1557 -0.95439 -0.014426 
N24~A -0.27753 0.81766 -2.0775 0.41049 -0.7072 1.657 -0.69315 1.1991 
SUM~A 0.57512 0.6837 -1.0335 -0.38999 -0.70971 1.1322 -1.0682 0.069903 
KU~B2 0.14463 0.5602 -1.589 -0.063232 -0.6888 1.5957 -0.95692 -0.1153 
TU~A 0.73204 0.78307 -1.2603 -0.4733 -0.8725 1.4037 -1.1739 0.027969 
ZATU788 0.76178 0.697 -1.1634 -0.35516 -0.74332 1.2959 -1.2463 -0.21505 
DARA4~C2 0.21632 0.4692 -1.2512 -0.13107 -0.50694 1.2259 -0.85654 -0.34528 
DAR~B 0.45264 0.5662 -1.3768 -0.25936 -0.70792 1.4417 -1.1557 -0.28407 
ZATU662 0.77488 0.63476 -0.98425 -0.36163 -0.68307 1.1363 -1.131 -0.34262 
DAH 0.13605 0.26906 -0.88255 0.0017667 -0.33449 0.63987 -0.54646 -0.15644 
SZITA~B1 0.3876 0.58449 -1.1796 -0.23838 -0.62969 1.3472 -0.9948 -0.31859 
GUKKAL~A 0.41657 0.51676 -0.97295 -0.23817 -0.57204 1.0259 -0.80726 0.050903 
BAHAR2~B 0.41882 0.45322 -1.0848 -0.14757 -0.51413 1.0223 -0.82391 -0.11275 
KITI 0.37311 0.38488 -1.1143 -0.064628 -0.39212 0.95244 -0.68485 -0.15989 
BU3 0.26384 0.31401 -0.69822 -0.12567 -0.31579 0.77322 -0.55425 -0.11622 
MUD3~A 0.55818 0.63655 -1.1761 -0.23683 -0.65677 1.1711 -0.98445 0.11637 
|ZATU737XDI| 0.40601 0.48121 -1.044 -0.14255 -0.47992 1.0887 -0.82918 0.12906 
|MUSZENXN57 0.44308 0.72522 -1.6146 0.15895 -0.44695 1.1865 -0.5779 -0.28975 
|GISZ.TE| -0.13755 0.1783 -1.6471 0.4238 -0.40336 0.93614 -0.59917 -0.3237 
ISZ~A 0.56841 0.60434 -1.205 -0.26821 -0.6553 1.2492 -1.0122 -0.10834 
NUNUZ~C 0.57932 0.59813 -1.4595 -0.039115 -0.56933 1.3225 -1.0266 -0.21035 
SA~A 0.68173 0.81516 -1.3585 -0.45319 -0.96527 1.448 -1.2907 -0.0093257 
GESZTU~A 0.54185 0.5769 -1.1429 -0.31293 -0.62618 1.1887 -0.93696 0.028963 
ZATU758 0.75641 0.6731 -1.1077 -0.43352 -0.76032 1.2893 -1.242 -0.35317 
SILANITA 0.27209 0.33328 -0.69043 -0.1709 -0.30559 0.72784 -0.52311 -0.12955 
DAR~A 0.58474 0.71879 -1.3782 -0.33128 -0.77044 1.408 -1.2304 0.031235 
GA~B 0.5472 0.54902 -1.3213 -0.26569 -0.7429 1.4017 -1.1979 -0.293 
SIG2~A1 0.54571 0.60377 -1.2929 -0.26757 -0.59664 1.3495 -1.0469 -0.15928 
TAG~A1 0.44056 0.484 -1.0279 -0.18023 -0.48265 1.0262 -0.76858 -0.048638 
NESAG2~B 0.36924 0.42217 -0.9803 -0.18612 -0.52237 1.0243 -0.82148 -0.089747 
DUR~A 0.58277 0.61721 -1.1218 -0.36136 -0.72082 1.2639 -1.016 -0.050535 
|SAR~AXSZE~A| 0.30984 0.49126 -1.3811 -0.066376 -0.47347 1.2972 -0.9119 -0.18219 
E~B 0.52108 0.57414 -1.6797 -0.26015 -0.88316 1.6496 -1.3208 -0.27684 
SZITA@G~A 0.44332 0.67685 -1.0955 -0.24434 -0.57893 1.2004 -0.89536 0.23059 
GIR3~A 0.69217 0.74151 -1.4066 -0.33954 -0.82127 1.4524 -1.1858 0.024867 
SIG2~A2 0.45293 0.51566 -1.2238 -0.14591 -0.50886 1.2015 -0.91749 -0.072353 
SZESZ~A 0.44259 0.52179 -1.1748 -0.26569 -0.58073 1.1914 -0.88496 -0.067469 
ZATU726~D 0.54777 0.48724 -0.79329 -0.27517 -0.52291 0.92704 -0.86226 -0.17096 
TA~C 0.36943 0.52026 -1.4065 -0.1027 -0.6117 1.3363 -0.94187 -0.079104 
SZAH2~A 0.48426 0.64974 -1.0847 -0.26573 -0.63785 1.1741 -0.90473 0.1634 
KISIM~B 0.37478 0.41303 -1.0546 -0.2105 -0.5646 1.1329 -0.80381 -0.20822 
N57.NUNUZ~A1| 0.45063 0.50545 -1.5126 0.31006 -0.39868 1.0984 -0.88283 -0.65533 
MIR~A 0.551 0.58766 -1.1235 -0.29454 -0.63811 1.1035 -0.92769 0.14951 
ZATU795 0.78473 0.71364 -1.113 -0.39083 -0.74943 1.249 -1.2155 -0.24896 
NINDA2 0.1769 0.33596 -1.0281 0.025027 -0.38525 0.91876 -0.62382 -0.014098 
|SZU&SZU| 0.21114 0.31602 -1.0331 -0.00039049 -0.35424 0.91974 -0.62756 -0.10197 
ESZGAR 0.26302 0.29515 -0.75927 -0.0099847 -0.28263 0.68721 -0.53272 -0.059511 
ZATU629 0.78725 0.60584 -1.0228 -0.37322 -0.67026 1.1266 -1.1681 -0.3075 
KIR11 0.28324 0.32159 -0.89093 -0.059253 -0.37975 0.86671 -0.6161 -0.10208 
MAR~B 0.50725 0.55601 -1.305 -0.23101 -0.69418 1.3603 -1.0992 -0.23798 
ERIM2 0.22034 0.32752 -0.87871 -0.081487 -0.40366 0.83868 -0.62966 -0.15295 
EZEN~A 0.691 0.69986 -1.2882 -0.26586 -0.65807 1.3313 -1.0946 -0.043948 
ZATU703 0.63064 0.66303 -1.1034 -0.33156 -0.70455 1.2546 -1.129 -0.16548 
NIM~B2 0.29381 0.44639 -1.1286 -0.061555 -0.49191 1.1105 -0.80798 -0.13554 
BAHAR2~A 0.56621 0.64149 -1.0911 -0.21493 -0.55946 1.0848 -0.90427 0.17026 
DIM~C 0.287 0.41639 -1.1098 -0.018207 -0.36414 0.98938 -0.70037 -0.036293 
ZATU764 0.70747 0.65038 -1.051 -0.39255 -0.69483 1.1968 -1.1432 -0.16898 
GIR~A 0.6836 0.68464 -1.3985 -0.33898 -0.79307 1.4004 -1.1639 0.1327 
SIG2~A3 0.39133 0.43018 -0.95727 -0.14996 -0.41192 0.9553 -0.7556 -0.063665 
ENGIZ 0.31876 0.3369 -0.98173 -0.12663 -0.36377 0.86282 -0.64196 -0.13223 
NAB 0.3726 0.4308 -1.1435 -0.079117 -0.57529 1.1569 -0.8358 -0.015508 
ZATU735~B 0.65828 0.65208 -1.2586 -0.34409 -0.75145 1.3306 -1.1938 -0.22518 
ZATU776 0.74896 0.65366 -1.016 -0.37842 -0.70177 1.1843 -1.1137 -0.23181 
N57.GAR| 0.45106 0.48779 -1.7255 0.55002 -0.35987 1.0822 -0.9996 -0.86169 
DU8~C@G 0.2453 0.2855 -0.95541 -0.00021545 -0.33156 0.82052 -0.63135 -0.059756 
|LAGAB~AXSZITA~A1| 0.37141 0.39281 -1.1409 -0.098141 -0.52929 1.0631 -0.79867 -0.29775 
|ZATU659XN01| 0.41526 0.48319 -1.1437 -0.17644 -0.49579 1.1545 -0.84555 0.021808 
|DUG~BXSIG7| 0.30051 0.37183 -0.69413 -0.27117 -0.44507 0.85287 -0.62101 -0.21247 
ZATU720 0.71395 0.70469 -1.1077 -0.33731 -0.66436 1.2527 -1.1305 -0.1237 
|KA2XLAM| 0.19672 0.24803 -0.70026 -0.027826 -0.24233 0.64804 -0.45364 0.0098081 
SZA@G 0.34285 0.50704 -1.1842 -0.1898 -0.62365 1.2312 -0.8555 -0.12881 
|ZATU651XGAR| 0.43061 0.46492 -1.1139 -0.060315 -0.44867 1.0469 -0.86725 -0.034896 
PIRIG~A1 0.40227 0.48616 -1.0695 -0.1157 -0.44742 1.0372 -0.79167 -0.30502 
KASZ~D 0.31195 0.34099 -0.87203 -0.14124 -0.28624 0.87487 -0.55433 -0.064511 
ASAR 0.18074 0.20655 -0.78512 0.076328 -0.2431 0.64638 -0.45858 0.025169 
BAD 0.25021 0.39928 -1.0228 -0.071967 -0.41065 0.94335 -0.65797 -0.13304 
|EN2.E2~B| 0.16908 0.31466 -1.0145 0.12797 -0.27504 0.73021 -0.53783 -0.05248 
BAHAR2~C 0.32104 0.36598 -0.94988 -0.055391 -0.37764 0.83171 -0.6554 -0.05782 
ZATU749~B 0.59349 0.64114 -1.0907 -0.43105 -0.75881 1.3357 -1.2106 -0.26742 
BALAG 0.2261 0.25953 -0.83949 -0.050591 -0.37504 0.76552 -0.59194 -0.15371 
N07~B 0.20804 0.36572 -1.9342 0.22243 -0.47304 1.6584 -0.86591 0.71235 
TUG2~A@G 0.34094 0.39954 -0.91323 -0.1664 -0.43445 0.93629 -0.70689 -0.089658 
SUM~B 0.39522 0.47278 -1.2286 -0.18217 -0.64496 1.2273 -1.0321 -0.21831 
|SAGXMA| 0.35617 0.50194 -1.3542 -0.087933 -0.53364 1.3157 -0.89016 -0.12 
ZATU756 0.72222 0.67725 -1.1505 -0.38313 -0.73778 1.2693 -1.1967 -0.33918 
BALA~A 0.49019 0.56343 -1.0164 -0.30336 -0.67697 1.0607 -0.94437 -0.025336 
DARA4~C1 0.20964 0.45213 -1.1274 -0.11154 -0.44724 1.0999 -0.77145 -0.27518 
NU@G 0.20472 0.25829 -0.65718 -0.082244 -0.31046 0.63098 -0.46027 -0.038408 
|(UDU~AXTAR)~B| 0.21819 0.3215 -0.95856 -0.033028 -0.35205 0.88784 -0.61834 -0.084197 
N24~B -0.30038 0.53274 -2.0907 0.52091 -0.63818 1.5889 -0.70133 0.62506 
|DUG~BXDIN| 0.30277 0.35061 -0.76539 -0.2676 -0.46794 0.87219 -0.64114 -0.22168 
GA2~B 0.5026 0.60314 -1.37 -0.27524 -0.71049 1.4184 -1.2121 -0.22869 
|DUG~BXSZE~A| 0.35685 0.54624 -1.3087 -0.27926 -0.60742 1.3717 -0.96934 -0.29911 
AZ 0.14819 0.2381 -1.0607 0.090587 -0.33708 0.70654 -0.49725 0.021073 
SZEN~A 0.6801 0.81892 -1.5642 -0.39787 -0.86507 1.6519 -1.3306 -0.19123 
N09 0.011354 0.14272 -2.2205 0.43896 -0.1808 1.7654 -0.53788 1.0334 
SAG@N 0.18891 0.3083 -0.76835 -0.01697 -0.338 0.75571 -0.54347 -0.0063531 
UR4~B 0.29042 0.46547 -1.3384 -0.10142 -0.53978 1.3242 -0.96819 -0.16516 
ZATU725 0.70465 0.65899 -1.0537 -0.36001 -0.67329 1.2044 -1.1233 -0.14369 
KID~A 0.59986 0.62488 -1.1736 -0.29976 -0.70893 1.2353 -1.0382 0.11495 
PAP@T 0.24191 0.29624 -0.85087 -0.0049873 -0.38906 0.71776 -0.5951 -0.12935 
|SILA3~AXSZE~A@T| 0.31279 0.4001 -1.0476 -0.15097 -0.36903 1.0315 -0.66545 -0.092533 
AGAR2 0.31003 0.29267 -0.82325 -0.050023 -0.33555 0.75566 -0.55011 -0.22875 
ZATU777 0.73036 0.64306 -1.0066 -0.36057 -0.6829 1.1889 -1.1316 -0.20801 
NUN~C 0.43768 0.50182 -1.1557 -0.19935 -0.52918 1.1493 -0.88941 -0.17376 
BIR3~A 0.51749 0.55329 -1.003 -0.29165 -0.61677 1.04 -0.88283 0.043058 
GA'AR~A2 0.3452 0.31568 -1.1213 0.17292 -0.36765 0.86455 -0.85807 -0.21766 
BARA3 0.20032 0.3362 -0.8033 -0.07692 -0.3099 0.77241 -0.59071 -0.17948 
ZATU651 0.8285 0.63463 -1.2763 -0.29237 -0.74645 1.3053 -1.3761 -0.45315 
|SILA3~AXGARA2~A| 0.43995 0.55313 -1.2902 -0.21066 -0.49533 1.3038 -0.87736 -0.11587 
MUNSZUB~B 0.3979 0.46527 -1.2945 -0.096194 -0.58388 1.1827 -0.92234 -0.081535 
|SILA3~AXX| 0.39403 0.44316 -1.091 -0.20411 -0.40752 1.1161 -0.70108 -0.067652 
|SIXKU~B1| 0.24586 0.4823 -1.5427 0.039758 -0.5235 1.3357 -0.8815 -0.18184 
SILA4~A 0.51479 0.68745 -1.2724 -0.29937 -0.67032 1.3345 -1.0254 0.020053 
TI@T 0.24849 0.38922 -1.0069 -0.025348 -0.36638 0.92275 -0.66113 -0.094501 
N57.KU3~A| 0.46533 0.63936 -1.9752 0.37042 -0.48467 1.3825 -1.1206 -0.73615 
ZATU625 0.79156 0.64382 -1.091 -0.37688 -0.68443 1.1714 -1.1811 -0.23122 
N01)| 0.1289 0.22573 -1.6488 -0.069682 -0.3482 1.4636 -0.57351 0.37524 
|SILA3~AXSZU| 0.40998 0.44737 -1.1845 -0.16805 -0.42185 1.1711 -0.74113 -0.080971 
BAN~A 0.60485 0.66522 -1.1359 -0.2918 -0.67757 1.1648 -1.0193 0.033263 
GUM~A 0.54735 0.6813 -1.0921 -0.37383 -0.72263 1.2049 -1.0811 0.07766 
N08~B 0.087529 0.045047 -2.2862 0.31854 -0.5094 2.1274 -0.98917 0.6502 
SZIR~A 0.50865 0.63367 -1.2186 -0.33372 -0.75234 1.327 -1.0538 0.015147 
ZATU718 0.65168 0.74679 -1.3192 -0.24137 -0.72534 1.4357 -1.1774 0.12062 
MUNU3 0.23627 0.3318 -0.72293 -0.082394 -0.32135 0.74779 -0.49883 -0.04005 
BAN~B 0.41845 0.46921 -1.0937 -0.27321 -0.57841 1.2016 -0.91677 -0.23454 
MIR~B 0.42101 0.42833 -1.0568 -0.22105 -0.53046 1.0543 -0.82912 -0.16641 
GU~A 0.76417 0.8873 -1.5473 -0.44034 -0.93395 1.6277 -1.3309 0.068376 
SANGA~B 0.32601 0.40003 -1.0527 -0.088945 -0.51159 0.98424 -0.79426 -0.15127 
KISAL~A1 0.42872 0.44981 -1.0633 -0.21862 -0.51782 1.1342 -0.83968 -0.24784 
|DUG~BXMASZ| 0.29979 0.38205 -0.75908 -0.28765 -0.44278 0.86556 -0.61776 -0.21954 
NIR~B 0.40017 0.49663 -1.2308 -0.23666 -0.62459 1.2752 -0.98089 -0.20668 
ZATU687 0.78949 0.62082 -1.0586 -0.35279 -0.6807 1.1432 -1.1886 -0.35589 
NUMUN 0.24328 0.34313 -0.87264 -0.069631 -0.38518 0.83292 -0.62278 -0.063474 
ZATU750 0.71934 0.66636 -1.1601 -0.39083 -0.70051 1.3311 -1.2151 -0.32374 
ZATU651@G 0.63284 0.53886 -1.0319 -0.27273 -0.60366 1.1032 -1.0461 -0.31826 
RAD~A@G 0.35205 0.33511 -0.88755 -0.096438 -0.34823 0.81412 -0.63715 -0.061337 
GAZI 0.17232 0.13236 -0.4282 -0.077701 -0.19363 0.46409 -0.36511 -0.092054 
KAL~B2 0.27181 0.43571 -1.0951 -0.063239 -0.46681 1.0561 -0.73547 -0.050547 
ZATU694~D 0.64148 0.51002 -0.88272 -0.32967 -0.6006 0.9768 -0.96532 -0.30917 
|UR2XN57| 0.24594 0.49153 -1.0713 0.091386 -0.37808 0.87224 -0.48704 -0.19463 
|GISZXSZU2~B| 0.20332 0.35207 -1.25 0.024689 -0.4241 1.0586 -0.76568 -0.23072 
RAD~B 0.41755 0.40242 -1.0642 -0.23006 -0.54752 1.0487 -0.88488 -0.17255 
DU6~A 0.66247 0.76278 -1.2727 -0.32355 -0.76476 1.3595 -1.1904 -0.024813 
|GA2~A1XX| 0.28655 0.44218 -0.97636 -0.16469 -0.45597 1.0048 -0.6924 -0.094354 
N14| -0.33384 0.04431 -1.1503 0.0038487 -0.29348 1.0889 -0.592 -0.34056 
TAG~B 0.44202 0.50939 -1.1932 -0.19902 -0.65287 1.1962 -0.9656 -0.18608 
ZATU686~B 0.76103 0.62452 -1.1388 -0.31545 -0.70795 1.2113 -1.1897 -0.30096 
N23 0.014236 0.57574 -2.1511 0.62199 -0.27815 1.6141 -0.64502 1.0862 
NUNUZ~A2 0.49289 0.54266 -1.2825 -0.040632 -0.50877 1.1747 -0.92802 -0.36766 
SZE~A@T 0.080851 0.39101 -1.0066 -0.1866 -0.44718 0.99351 -0.70049 -0.19237 
EN~C 0.29997 0.49463 -1.3195 -0.12037 -0.43025 1.2554 -0.95925 -0.3109 
GISZ3~A 0.63297 0.71178 -1.4548 -0.26258 -0.81318 1.3457 -1.1823 0.011669 
|ZATU737XX| 0.45238 0.53747 -1.167 -0.13166 -0.51436 1.1885 -0.90586 0.1593 
SUKUD 0.22359 0.38779 -0.94125 -0.090955 -0.42009 0.93023 -0.68303 -0.1422 
UTUA~B 0.28238 0.32805 -0.84754 -0.1605 -0.45194 0.87539 -0.69139 -0.18056 
UDUNITA~C 0.31495 0.41968 -0.89743 -0.21767 -0.44208 0.99757 -0.68421 -0.24548 
|(SZAXHI@G~A)~A| 0.22755 0.43757 -0.99425 0.037955 -0.24457 0.87919 -0.52955 0.48601 
DAM 0.14879 0.21818 -0.67907 -0.0757 -0.31363 0.62585 -0.43617 -0.077114 
LUM 0.17428 0.22653 -0.64799 0.0053395 -0.25158 0.62838 -0.51287 -0.0036141 
SZUR2~A 0.64102 0.78191 -1.2615 -0.35768 -0.73896 1.379 -1.1315 0.18632 
|NIR~AXAN| 0.1601 0.25734 -0.74059 -0.027284 -0.28242 0.70058 -0.49926 -0.066969 
SIMUG 0.20002 0.29697 -0.7517 -0.07655 -0.28664 0.71623 -0.48987 -0.0076619 
UH3~A 0.56317 0.55728 -0.86813 -0.29286 -0.60652 0.93796 -0.83432 0.099596 
ZATU749~A 0.64283 0.73184 -0.98417 -0.44753 -0.80249 1.249 -1.1483 0.035212 
APIN~B 0.29824 0.3973 -1.0118 -0.19127 -0.52053 1.086 -0.8526 -0.28915 
|GA2~A1XU4| 0.22701 0.36883 -0.85723 -0.14154 -0.38953 0.8795 -0.60489 -0.10553 
|KUR~A.E2~A| 0.31339 0.45669 -1.1803 -0.051481 -0.41846 1.0789 -0.78183 -0.12985 
ZATU749~C 0.58499 0.59279 -0.9776 -0.36202 -0.64199 1.158 -1.0259 -0.22193 
LUGAL 0.15315 0.28513 -0.67681 -0.056029 -0.28634 0.70305 -0.49183 -0.061392 
N27 -0.046155 0.55064 -1.709 0.62511 -0.16034 1.2055 -0.27493 1.3206 
HI@G~B 0.40841 0.73337 -1.4995 0.056573 -0.4911 1.3462 -0.84918 0.88025 
|NUN~A+NAM2| 0.19044 0.32692 -0.94253 -0.036282 -0.36899 0.86738 -0.60829 -0.12052 
EN2 0.11657 0.21308 -0.81086 0.014023 -0.20578 0.70512 -0.51183 -0.076889 
|U4X(N14.N01 0.11963 0.42228 -1.1071 -0.08398 -0.36984 1.1255 -0.5865 0.27493 
TUM~C 0.28424 0.38922 -1.0486 -0.060364 -0.4185 0.96519 -0.70445 0.0012855 
IM~B 0.40503 0.49696 -1.3194 -0.17596 -0.70341 1.3264 -1.0924 -0.20967 
MAH~A 0.41894 0.5386 -0.95088 -0.262 -0.56329 0.99027 -0.80981 0.16703 
|SZU2.E2~B| 0.20882 0.40777 -1.237 0.051314 -0.38898 1.0388 -0.70062 -0.13731 
GUN3~A 0.61501 0.6575 -1.1451 -0.31395 -0.66508 1.2037 -1.0082 0.008029 
|GA2~A1XKU6~A| 0.3489 0.54136 -1.3097 -0.16875 -0.52435 1.3123 -0.95324 -0.23266 
ENKUM 0.066671 0.074034 -0.24524 -0.0054328 -0.075423 0.21231 -0.14847 -0.062818 
SZUR2~B 0.47498 0.5657 -1.2507 -0.26865 -0.66207 1.3084 -1.0359 -0.14504 
UR4~A 0.45415 0.66596 -1.2464 -0.19241 -0.63673 1.2221 -0.97279 0.20888 
KA2~A 0.71743 0.92238 -1.4135 -0.37862 -0.75375 1.4986 -1.1994 0.37491 
|(SUKUD+SUKUD)~B| 0.13737 0.21805 -0.63424 -0.044966 -0.26876 0.60543 -0.41157 -0.070341 
BU~B 0.47683 0.52928 -1.3957 -0.22823 -0.76658 1.4584 -1.1428 -0.24155 
N35 -0.18738 0.23076 -1.5528 0.0912 -0.37118 1.0986 -0.7116 -0.18213 
TI~A 0.55723 0.70466 -1.0653 -0.31864 -0.68546 1.1881 -1.0279 0.29972 
ALIM 0.083071 0.16847 -0.32661 -0.058239 -0.1426 0.37439 -0.28064 0.011408 
EZINU~A 0.41138 0.45461 -0.9786 -0.15112 -0.49398 0.9354 -0.77976 0.064664 
NUNUZ~A0 0.47904 0.45807 -1.0893 -0.047433 -0.43291 1.0066 -0.79315 -0.28976 
GALGA~A 0.49367 0.4409 -0.7694 -0.26637 -0.52704 0.82756 -0.76568 0.02021 
|ZATU651XNUN~A| 0.47335 0.54294 -1.3085 -0.093622 -0.51704 1.2458 -0.97509 -0.064598 
ARARMA2~A 0.36461 0.45105 -0.74736 -0.1667 -0.41445 0.7782 -0.63372 0.13765 
|NINDA2XX| 0.10584 0.24959 -0.77982 0.022113 -0.30005 0.69769 -0.47791 0.011327 
UKKIN~B 0.33865 0.37169 -0.95529 -0.23834 -0.48973 1.0478 -0.78858 -0.18834 
|ZATU737XBUR~A| 0.49707 0.56233 -1.4167 -0.12466 -0.57894 1.4316 -1.0582 0.071184 
EN@G~B 0.30189 0.42646 -1.0647 -0.10393 -0.48569 1.0326 -0.77971 -0.1046 
SZE3@T 0.24479 0.36705 -0.99024 -0.14355 -0.43591 0.95834 -0.69971 -0.13043 
GURUSZDA~A 0.54606 0.51202 -1.1385 -0.24837 -0.67288 1.1711 -0.99644 -0.11913 
ZATU623 0.78299 0.622 -1.0561 -0.39433 -0.68507 1.1618 -1.1893 -0.33965 
|ZATU662XN14| 0.32374 0.37678 -0.77697 -0.10864 -0.3386 0.84005 -0.65191 0.039771 
KAR2~B 0.53012 0.54174 -1.1469 -0.20697 -0.56958 1.1547 -0.93752 -0.093082 
SUG 0.30312 0.43187 -0.94826 -0.069338 -0.46125 0.82489 -0.68582 -0.014911 
|U4.SZU2| 0.22369 0.33297 -1.1436 0.016229 -0.40556 1.1148 -0.63855 0.20489 
DARA4~C4 0.20798 0.41853 -1.0915 -0.12436 -0.44041 1.077 -0.74698 -0.29718 
|GA2~BXDUB~A| 0.27225 0.38243 -1.0307 -0.11448 -0.41787 0.98672 -0.70976 -0.11256 
HALUB 0.092052 0.13583 -0.32617 -0.06006 -0.1416 0.32531 -0.23531 -0.0071291 
UR3~B1 0.30651 0.3842 -1.1281 -0.036694 -0.43207 1.0218 -0.72235 -0.13662 
|MAH~AXMASZ| 0.12674 0.20154 -0.50467 -0.071859 -0.19055 0.48125 -0.3202 -0.027447 
NANNA~A 0.42399 0.43129 -0.74985 -0.23041 -0.54302 0.78966 -0.71712 0.10806 
KIB 0.34015 0.31083 -0.95518 -0.020294 -0.34158 0.85798 -0.59196 -0.0833 
ZATU707~A 0.74069 0.71185 -1.1283 -0.34767 -0.70913 1.2666 -1.1762 0.058056 
|ZATU737XU4| 0.39351 0.47747 -1.0349 -0.13176 -0.46695 1.0676 -0.81812 0.12898 
|SILA3~AXSZU2| 0.41949 0.43392 -1.193 -0.1553 -0.39836 1.1448 -0.72131 -0.074349 
GAL~B 0.45166 0.46333 -1.2272 -0.25582 -0.68612 1.2785 -1.0347 -0.22668 
GUB3~A 0.43224 0.53066 -0.99302 -0.1837 -0.57763 0.98964 -0.79162 0.061806 
ZATU681 0.77962 0.62371 -1.0398 -0.3531 -0.69191 1.1311 -1.1702 -0.32881 
GUN3~B 0.32925 0.39196 -1.0374 -0.14045 -0.48196 1.0418 -0.81013 -0.14844 
SZENNUR~A 0.38425 0.45119 -0.88089 -0.24414 -0.51376 0.93239 -0.72318 -0.067464 
NINKUM 0.085835 0.1526 -0.41482 -0.0087029 -0.14314 0.38987 -0.28137 -0.035876 
GIR3@G~C 0.33004 0.44597 -1.1489 -0.055998 -0.42822 1.0518 -0.79357 0.032272 
N06 -0.12591 0.02999 -1.8581 0.40181 -0.12592 1.4553 -0.26036 0.81604 
NAM~A 0.61786 0.75316 -1.3292 -0.33722 -0.8345 1.3652 -1.2042 0.11155 
|DUG~BXBALA~A| 0.34072 0.42665 -1.001 -0.22774 -0.50045 1.0556 -0.785 -0.19919 
ZATU644~B 0.6905 0.61533 -1.1216 -0.33327 -0.71644 1.2556 -1.1854 -0.33139 
|LAGAB~B.TE| 0.063369 0.13792 -1.0899 0.18842 -0.35951 0.68108 -0.49991 -0.27825 
|DUG~BXKASKAL| 0.25737 0.3168 -0.66371 -0.21984 -0.40135 0.76591 -0.55206 -0.17655 
|GA2~A2X(GU4.SZE3)| 0.13994 0.33723 -0.96354 -0.019064 -0.36972 0.84522 -0.55818 0.038476 
|HIXN57| 0.24792 0.51205 -1.0686 0.11907 -0.39756 0.86016 -0.49312 -0.25289 
|DUG~BXN57| 0.39998 0.59473 -1.1765 -0.17248 -0.60566 1.179 -0.76608 -0.35726 
|LAGAB~AXSZA| 0.34444 0.34999 -1.2379 -0.034292 -0.50863 1.0411 -0.79658 -0.24531 
EZINU~D 0.12863 0.16326 -0.6271 0.056008 -0.21183 0.51495 -0.39125 0.037492 
SZURUPPAK~B 0.39929 0.42669 -1.069 -0.18533 -0.54334 1.1119 -0.83612 -0.087756 
GISZGAL 0.29014 0.38683 -1.0698 -0.037428 -0.45535 0.96101 -0.71927 -0.1228 
SIG2~D1 0.27608 0.29279 -0.59518 -0.10943 -0.28088 0.64903 -0.51265 -0.084408 
|SILA3~AXNI~A| 0.42657 0.50634 -1.3074 -0.16239 -0.47714 1.2908 -0.8421 -0.085195 
|GA2~A1XGESZTU~C5| 0.22726 0.30351 -0.75193 -0.12731 -0.3402 0.7386 -0.5332 -0.050113 
ZATU646 0.78436 0.66337 -1.2885 -0.27279 -0.75711 1.244 -1.2811 -0.39671 
IL 0.13234 0.19697 -0.69848 0.17563 -0.16436 0.64214 -0.41854 -0.083477 
|KU6~A+KU6~A| 0.28634 0.40947 -1.0463 -0.073477 -0.36324 1.0028 -0.74372 -0.22319 
SZAB~B 0.36115 0.51141 -1.4117 -0.1837 -0.74895 1.3972 -1.0734 -0.34513 
|GA2~A1XSUKUD| 0.21792 0.35023 -0.79247 -0.14053 -0.3764 0.83369 -0.57171 -0.11172 
ZATU786 0.7339 0.67254 -1.0777 -0.37754 -0.71417 1.2316 -1.1613 -0.18193 
TUR3~B 0.37733 0.40986 -1.2133 -0.14466 -0.51502 1.1487 -0.81215 -0.15626 
ANSZE~A 0.27085 0.52575 -1.1151 -0.24977 -0.52219 1.0999 -0.84308 -0.035865 
N16 -0.42872 0.0098365 -1.568 0.40407 -0.28331 1.0219 -0.49169 -0.23755 
|SILA3~AXKU6~A| 0.43005 0.52746 -1.368 -0.18638 -0.48423 1.3553 -0.90942 -0.18486 
SZA3~C 0.41314 0.54889 -1.2976 -0.17001 -0.56568 1.3051 -0.97002 -0.1483 
SIG2~E 0.29353 0.30168 -0.73906 -0.19091 -0.36045 0.77663 -0.59671 -0.11529 
LAHTAN2 0.052619 0.062369 -0.30251 0.0071162 -0.097749 0.3056 -0.2064 -0.019321 
|USZ~A&USZ~A| 0.27406 0.3454 -1.0156 -0.051052 -0.36412 0.93914 -0.64005 -0.15345 
NIGIN 0.15842 0.29501 -0.6662 0.0020942 -0.25999 0.65122 -0.45455 -0.035117 
TAG~A2 0.27549 0.32102 -0.79147 -0.044008 -0.30821 0.68038 -0.54793 0.036534 
SUR 0.20957 0.40035 -0.91368 -0.10769 -0.38874 0.88523 -0.65314 -0.11986 
|DUG~BXHI| 0.31967 0.38747 -0.76218 -0.29489 -0.48147 0.92468 -0.65797 -0.21636 
|MAXMA| 0.17619 0.26276 -0.6638 -0.071213 -0.24965 0.65854 -0.43141 -0.04724 
KAD4~A 0.31969 0.46519 -0.78208 -0.16733 -0.44036 0.7878 -0.66666 0.18768 
DANNA 0.1076 0.19125 -0.64038 -0.0052074 -0.2467 0.58405 -0.4061 -0.076483 
|DUG~BXNAGA~A| 0.3915 0.4624 -1.0739 -0.24439 -0.54073 1.1294 -0.81372 -0.19508 
TUR@G 0.21164 0.28593 -0.76403 -0.088201 -0.29998 0.74315 -0.44879 0.0069105 
AD~C 0.37179 0.37747 -1.085 -0.028097 -0.40032 1.0013 -0.70895 0.035003 
GUKKAL~C 0.24137 0.35394 -0.93352 -0.066392 -0.40077 0.89238 -0.63713 -0.044209 
UR3~B2 0.20288 0.32402 -0.93804 -0.022313 -0.31451 0.84877 -0.56228 -0.07235 
|SZU2.E2~A| 0.35633 0.59156 -1.6376 -0.0083424 -0.54238 1.4731 -1.006 -0.14332 
IR11 0.16446 0.19066 -0.54885 -0.0091515 -0.21483 0.45333 -0.32004 -0.0018237 
URI5 0.20743 0.13877 -0.60634 -0.016674 -0.22535 0.54456 -0.38742 0.0033408 
USZ~B 0.40568 0.4317 -1.2452 -0.19744 -0.58757 1.1962 -0.90728 -0.20218 
|DUG~AXN57| 0.38472 0.59064 -1.2577 -0.10664 -0.54889 1.2141 -0.75434 -0.23068 
ZA~V 0.18402 0.18047 -0.26145 -0.09862 -0.13105 0.27863 -0.26856 -0.1486 
GISZIMMAR~A2 0.28402 0.38912 -1.154 -0.030048 -0.44343 1.0194 -0.81324 -0.11956 
ZATU694~B 0.72217 0.63252 -1.2164 -0.368 -0.77119 1.3279 -1.2331 -0.3555 
KUR@G~A 0.39372 0.56935 -0.92178 -0.12154 -0.45571 0.93358 -0.66619 0.48125 
SAG@G 0.24793 0.40798 -1.0122 -0.058699 -0.40254 0.98179 -0.71339 -0.031822 
ZATU728 0.70095 0.63809 -1.0143 -0.36574 -0.67904 1.1669 -1.1313 -0.21567 
ANSZE~E 0.1528 0.27907 -0.84842 -0.063579 -0.25855 0.78157 -0.51446 -0.10885 
ZATU679 0.75283 0.63031 -1.0193 -0.35809 -0.6508 1.11 -1.1455 -0.35286 
|DU8~CXAMAR| 0.18524 0.20705 -0.69019 -0.030382 -0.23603 0.61137 -0.45797 -0.067308 
|EZEN~AXSU~A| 0.3329 0.41679 -1.1568 -0.037627 -0.39883 1.0562 -0.76737 -0.1406 
ALAN~A 0.51641 0.56337 -1.0278 -0.25035 -0.57259 1.0194 -0.8891 0.04915 
|DARA3~DXKAR2| 0.16839 0.20369 -0.55272 -0.047549 -0.18233 0.49697 -0.34717 -0.02916 
N29~B 0.045542 0.51537 -1.9214 0.3363 -0.64772 1.5468 -0.96016 0.56522 
GI4~B 0.32405 0.44739 -1.2954 -0.12786 -0.5977 1.2234 -0.96388 -0.15377 
GESZTIN~A 0.44093 0.46914 -0.98332 -0.20785 -0.49375 0.98472 -0.81337 0.0062927 
GIR~B 0.52847 0.51662 -1.4061 -0.25701 -0.71796 1.4081 -1.1077 -0.18046 
NA~B 0.51746 0.54147 -1.2936 -0.22706 -0.74892 1.3604 -1.0997 -0.12628 
ZATU628~B 0.71795 0.60605 -1.1906 -0.33618 -0.70136 1.2592 -1.1779 -0.2782 
RI8~A 0.38797 0.43944 -0.64588 -0.22504 -0.45481 0.70008 -0.64071 0.16601 
UBI~C 0.13304 0.27068 -0.91275 0.0074004 -0.32723 0.74483 -0.54246 -0.061516 
KIN2~C 0.25849 0.31072 -0.93627 -0.084087 -0.34146 0.88718 -0.639 -0.071347 
N34@F -0.080333 0.22408 -1.1358 -0.016066 -0.36317 0.90872 -0.60636 -0.30123 
|(BU~A&BU~A).NA2~A| 0.19845 0.29711 -0.73834 -0.078861 -0.29704 0.69469 -0.51377 -0.080994 
UR3~A3 0.24846 0.29033 -0.81704 -0.062321 -0.28881 0.76869 -0.54726 -0.091473 
IB~B 0.37731 0.41361 -1.2584 -0.087429 -0.61522 1.1398 -0.97355 -0.22665 
ZATU676~A 0.80392 0.67095 -1.1442 -0.32585 -0.72963 1.1915 -1.2275 -0.17835 
MA2 0.21472 0.26083 -0.84295 -0.06785 -0.33649 0.81159 -0.6011 -0.13275 
ZAR~C 0.38527 0.45466 -0.94463 -0.096083 -0.43626 0.88233 -0.77029 -0.1103 
NAM2@T 0.21908 0.29803 -0.76413 -0.097501 -0.3876 0.74696 -0.54204 -0.060463 
|SAGXGESZTU~A| 0.32198 0.42737 -1.1748 -0.09215 -0.45069 1.1136 -0.78319 -0.087976 
ZATU735~A 0.6912 0.74728 -1.3018 -0.35791 -0.77512 1.3645 -1.2163 -0.044322 
GESZTU~C3 0.27316 0.28982 -0.75129 -0.12586 -0.33668 0.73984 -0.52977 0.01163 
N37 -0.30025 0.34214 -1.3558 0.21965 -0.3224 0.95368 -0.64071 0.25344 
|SILA3~AXGA~A| 0.45968 0.51281 -1.3306 -0.18473 -0.48502 1.3118 -0.86795 -0.082502 
ZATU630 0.74302 0.6287 -1.0383 -0.36647 -0.67722 1.1225 -1.1433 -0.32997 
ZATU732 0.73681 0.6889 -1.173 -0.38557 -0.76299 1.3011 -1.201 -0.18649 
SZAKIR~B 0.47349 0.54855 -1.1624 -0.2724 -0.65636 1.2472 -0.96066 -0.19575 
ALAN~C 0.32759 0.382 -1.031 -0.05516 -0.38428 0.97417 -0.73214 -0.074091 
BUR~B 0.41648 0.4662 -1.1056 -0.24411 -0.63303 1.1939 -0.93721 -0.27095 
|BAD&BAD| 0.16132 0.24509 -0.61149 -0.042197 -0.24154 0.55552 -0.38527 -0.048053 
ZATU811 0.61649 0.53364 -0.96315 -0.25767 -0.53169 1.0201 -0.93615 -0.20408 
|BU~A.DU6~A| 0.31351 0.46528 -1.2717 -0.079714 -0.44982 1.1696 -0.8874 -0.22925 
|DUG~BXHI@G~A| 0.40724 0.66476 -1.3892 -0.097625 -0.46287 1.3635 -0.8432 0.49519 
ZATU713 0.73061 0.71312 -1.1339 -0.33816 -0.65675 1.2729 -1.1334 0.078805 
|SILA3~AXDUG~A| 0.44789 0.53476 -1.3292 -0.17089 -0.46969 1.316 -0.84782 -0.045605 
ZATU639 0.76032 0.61168 -1.0261 -0.37529 -0.6942 1.1464 -1.1628 -0.3246 
NA2~B2 0.2158 0.32858 -0.78188 -0.11163 -0.35961 0.80012 -0.57534 -0.013298 
ZATU809 0.60732 0.54959 -0.95177 -0.24444 -0.54338 1.0141 -0.9315 -0.19031 
KAR 0.42411 0.42363 -1.0781 -0.068273 -0.41522 0.96107 -0.80587 0.0065966 
ZATU762~A 0.80076 0.80376 -1.2256 -0.39212 -0.76645 1.3423 -1.2114 0.12919 
|DUG~BXGISZ| 0.26935 0.34868 -0.77399 -0.21928 -0.45924 0.82602 -0.60517 -0.21426 
ZATU676~B 0.71838 0.57251 -1.1552 -0.29381 -0.67642 1.1819 -1.1557 -0.31089 
N24' -0.35907 0.41159 -1.4471 0.54847 -0.28279 1.0503 -0.19682 1.0121 
ZATU682 0.79475 0.63339 -1.053 -0.34097 -0.7052 1.1488 -1.2053 -0.32612 
DARA3~C 0.2853 0.41678 -1.1365 -0.094143 -0.41914 1.092 -0.79303 -0.1143 
|DUG~BX(SZE~A.NAM2)| 0.20283 0.3027 -0.73966 -0.18536 -0.36953 0.778 -0.56045 -0.16489 
ZATU819 0.55206 0.50468 -1.0815 -0.18062 -0.56558 0.99538 -0.92438 -0.25086 
NANSZE~B 0.28099 0.41756 -1.1848 -0.1343 -0.48389 1.1612 -0.79624 -0.16625 
DU7 0.24778 0.26464 -0.7812 -0.0062923 -0.25041 0.70107 -0.52827 -0.12883 
ALAN~B 0.38692 0.40089 -0.99187 -0.21066 -0.50061 1.0463 -0.8126 -0.17815 
|SILA3~AXHI| 0.36722 0.41882 -1.0137 -0.18001 -0.36552 1.026 -0.65391 -0.044586 
LI 0.057438 0.16488 -0.31719 0.0041318 -0.092409 0.27946 -0.20983 -0.016759 
ZATU821 0.60773 0.52465 -1.0827 -0.18068 -0.55319 1.0957 -0.92577 -0.20758 
SZIR~B 0.37944 0.51608 -1.2082 -0.29648 -0.67436 1.3006 -0.9928 -0.2189 
KISAL~B2 0.35286 0.44198 -1.1562 -0.15557 -0.5219 1.1866 -0.83606 -0.19025 
NAGA~B 0.45327 0.47214 -1.1284 -0.18201 -0.61322 1.1358 -0.93322 -0.12761 
KUSZU2~B 0.37088 0.41164 -1.0377 -0.1908 -0.50967 1.0406 -0.79079 -0.18174 
GADA~B@G 0.18692 0.19836 -0.402 -0.1655 -0.27197 0.46916 -0.39971 -0.14726 
|NINDA2XN01| 0.13579 0.2844 -0.83878 -0.072411 -0.33965 0.78355 -0.51341 -0.0077762 
LISZ 0.22485 0.23131 -0.60558 -0.11012 -0.30421 0.54641 -0.46958 -0.18022 
|DUG~BXTI| 0.28641 0.35869 -0.68833 -0.27768 -0.44511 0.8615 -0.62523 -0.22383 
ZAG~C 0.33305 0.40404 -0.85758 -0.16173 -0.392 0.84597 -0.69654 -0.14732 
|HI.SUHUR| 0.10416 0.16097 -0.4117 -0.039575 -0.1772 0.43981 -0.30466 -0.076137 
N43 -0.71877 0.42316 -1.9847 0.65307 -0.27115 1.1891 -0.34978 0.42893 
|MAH~AXX| 0.12292 0.19866 -0.52093 -0.020955 -0.18816 0.47006 -0.32943 0.022716 
|DU8~CXUDU~A| 0.25856 0.37595 -1.1065 -0.071487 -0.38611 1.0404 -0.75581 -0.11779 
|(UDU~AXTAR)~A| 0.29298 0.39868 -1.1929 -0.036361 -0.42049 1.1017 -0.76404 -0.075607 
ZATU697~B 0.72327 0.6055 -1.1887 -0.31493 -0.7485 1.2548 -1.1949 -0.3349 
|SILA3~AXGESZTU~C3| 0.32221 0.34766 -0.90214 -0.15605 -0.34127 0.89716 -0.5856 -0.012159 
ZATU729 0.7153 0.65739 -1.0111 -0.37913 -0.65676 1.1905 -1.1151 -0.21884 
BIR3~B 0.28465 0.33222 -0.94338 -0.13508 -0.45659 0.8982 -0.72291 -0.13042 
|DUG~BXGESZTU~A| 0.37602 0.45854 -1.1117 -0.23512 -0.52431 1.1593 -0.83982 -0.17116 
TILLA2 0.16622 0.16895 -0.48519 0.01363 -0.20569 0.46404 -0.32596 0.038425 
N08)| -0.13448 -0.2345 -1.3882 0.34056 -0.11362 1.4964 -0.37535 0.82057 
EZEN~C 0.39952 0.53218 -1.2601 -0.12707 -0.48362 1.2397 -0.88783 -0.14557 
|U4.(N14.N08 -0.010803 0.043449 -1.1088 0.13513 -0.32654 1.3395 -0.62837 0.64383 
|DUG~BXSI4~A| 0.33404 0.47806 -1.0714 -0.23412 -0.54477 1.148 -0.82533 -0.21887 
MUSZ3~A@G 0.32443 0.36838 -0.9036 -0.12424 -0.40851 0.89434 -0.65814 -0.057283 
HI~A@G 0.21551 0.30177 -0.78364 -0.030419 -0.28743 0.71703 -0.48219 0.094611 
|N58.BAD~B| 0.18581 0.33249 -0.84093 -0.038303 -0.32077 0.76695 -0.55826 -0.077742 
|EN~A+NUN~B| 0.16346 0.2276 -0.66844 -0.031619 -0.22754 0.60516 -0.44944 -0.14254 
|DUG~BXSA~A| 0.38759 0.48183 -1.1219 -0.26828 -0.57489 1.2232 -0.87421 -0.22866 
N57.EN2| 0.28332 0.39702 -1.4409 0.4535 -0.28678 0.84429 -0.72865 -0.66414 
SIPA 0.21994 0.27637 -0.60478 -0.14625 -0.32354 0.61102 -0.4565 -0.01561 
KALAM~G 0.27035 0.3487 -0.90934 -0.0065337 -0.3661 0.81947 -0.60568 0.006297 
TUKU 0.14412 0.14293 -0.38878 -0.075135 -0.16228 0.43075 -0.29749 -0.049921 
GISZIMMAR~A1 0.34195 0.44101 -1.1997 -0.093252 -0.50725 1.143 -0.86742 -0.14415 
|GIXKU~B1| 0.17067 0.37623 -1.3527 0.076213 -0.44367 1.128 -0.74733 -0.19379 
UNUG~B 0.50536 0.47748 -1.223 -0.16443 -0.5739 1.2439 -0.95248 -0.17076 
SZITA~B3 0.29504 0.43466 -0.80771 -0.21398 -0.46569 0.96543 -0.71312 -0.23832 
|URU~A1XN57 0.31492 0.4992 -1.1678 0.087401 -0.35317 0.90978 -0.48739 -0.22354 
N42~B 0.023971 0.88986 -2.1254 0.51455 -0.22716 1.5195 -0.64714 1.4002 
ZATU839 0.58506 0.50528 -0.83528 -0.2851 -0.53546 0.95373 -0.90398 -0.22744 
ZATU847 0.61505 0.57953 -1.0037 -0.25955 -0.55081 1.0561 -0.96419 -0.17715 
ZATU711 0.74129 0.74194 -1.204 -0.32857 -0.70431 1.3751 -1.2143 0.097502 
AMA~B 0.38062 0.41615 -1.0805 -0.14569 -0.53561 1.0458 -0.77283 -0.18402 
ZATU669 0.7797 0.63533 -1.0102 -0.36681 -0.67443 1.1328 -1.1515 -0.29022 
TUM~B 0.39833 0.45022 -1.1622 -0.20313 -0.60966 1.197 -0.9291 -0.16249 
SUHUR@T 0.19658 0.3022 -0.74803 -0.082045 -0.32488 0.75469 -0.57028 -0.14541 
ZATU680~B 0.7154 0.61228 -1.0974 -0.3211 -0.67425 1.168 -1.1535 -0.31274 
ZATU631 0.75179 0.60136 -1.0332 -0.36346 -0.69671 1.1278 -1.1529 -0.31763 
|E2~BXN57@T| 0.23825 0.38288 -1.0103 0.043463 -0.33913 0.7983 -0.52345 -0.11173 
DA~B 0.4343 0.46108 -1.2033 -0.23108 -0.69511 1.2317 -1.0273 -0.25731 
|UKKIN~BXDIN| 0.12111 0.14963 -0.43658 -0.077135 -0.19008 0.44085 -0.29425 -0.029574 
NANSZE~A 0.26268 0.50861 -1.0158 -0.22967 -0.51146 1.0402 -0.77772 -0.023197 
SU3 0.24354 0.30968 -0.74833 -0.070793 -0.31546 0.71228 -0.50978 -0.11119 
NA2~B1 0.3323 0.40011 -0.98112 -0.14813 -0.4551 0.97156 -0.70819 -0.1214 
UDU~C 0.22118 0.3808 -0.91581 -0.13311 -0.36782 0.92262 -0.66394 -0.19701 
ENDIB 0.01622 0.020686 -0.11049 -0.026971 -0.041935 0.083628 -0.083621 -0.066453 
UR3~A2 0.33119 0.4007 -1.0362 -0.063636 -0.38518 0.91881 -0.6904 -0.14626 
SZEN~E 0.26265 0.41663 -0.93506 -0.23999 -0.45175 0.96895 -0.70098 -0.26445 
UR~B 0.4559 0.55063 -1.5013 -0.24562 -0.76459 1.5725 -1.1747 -0.27516 
KA2~B 0.46864 0.52858 -1.2714 -0.22297 -0.61175 1.2741 -0.98016 -0.089957 
BAPPIR~D 0.10987 0.12951 -0.37958 -0.017181 -0.1443 0.36129 -0.25492 -0.055483 
EZINU~C 0.21586 0.2777 -0.9114 0.046544 -0.32282 0.76797 -0.58197 0.036942 
DARA4~B 0.30933 0.55314 -1.506 -0.18015 -0.67695 1.4885 -1.0773 -0.3665 
SZITA~B2 0.32355 0.52485 -1.0474 -0.22699 -0.55768 1.199 -0.87076 -0.24384 
ZATU624~A 0.68085 0.71244 -1.1679 -0.33562 -0.75255 1.2347 -1.1631 -0.067682 
NUNUZ~B1 0.49704 0.52043 -1.2341 -0.056538 -0.52948 1.1406 -0.89334 -0.27825 
ZATU621~A 0.76184 0.65496 -1.0622 -0.37036 -0.70197 1.151 -1.1509 -0.1418 
LAL3~A 0.52822 0.49011 -0.87965 -0.2389 -0.55411 0.88531 -0.76271 0.072586 
ANSZE~F 0.12279 0.25499 -0.7896 -0.048251 -0.26756 0.72659 -0.46954 -0.10331 
|GA2~A1XHI| 0.24876 0.3934 -0.87224 -0.16636 -0.38304 0.90429 -0.63274 -0.091669 
TA~A 0.85485 0.85149 -1.4234 -0.48915 -1.033 1.5736 -1.362 0.052835 
EDIN 0.14632 0.15587 -0.41486 -0.011645 -0.14982 0.3453 -0.31705 -0.074745 
|LAGAB~AXPA~A| 0.33788 0.32921 -1.2193 -0.021884 -0.48807 1.0319 -0.79525 -0.22236 
DARA4~C3 0.2119 0.41509 -1.0788 -0.11938 -0.43205 1.0523 -0.7418 -0.27676 
USZUMGAL 0.1754 0.20979 -0.54811 -0.037087 -0.23817 0.52911 -0.41191 -0.077119 
ZATU636 0.73263 0.58207 -1.1824 -0.30287 -0.70552 1.1625 -1.1704 -0.37682 
URUDU@G~D 0.16455 0.22657 -0.68983 -0.018218 -0.26532 0.65099 -0.46291 0.033111 
|(SUKUD+SUKUD)~A| 0.17969 0.29032 -0.83676 -0.056818 -0.33494 0.80439 -0.55078 -0.066705 
|NINDA2XHI| 0.096971 0.22691 -0.66393 0.023757 -0.23518 0.59479 -0.40373 0.017059 
|SZE~A.KIN2~C| 0.1222 0.24353 -0.74298 -0.046969 -0.23485 0.69821 -0.47637 -0.12035 
ME3 0.13852 0.17799 -0.43252 -0.03123 -0.15501 0.38703 -0.3298 -0.019558 
SAR~B 0.41654 0.52427 -1.222 -0.20621 -0.61697 1.281 -0.98951 -0.16387 
|GA2~A1XGIR~A| 0.33355 0.46225 -1.2161 -0.13137 -0.49184 1.1897 -0.82716 -0.11381 
|U4+N08| 0.093873 0.089913 -0.81476 0.069088 -0.23971 0.9521 -0.40436 0.4054 
ABZU 0.1436 0.052493 -0.18713 -0.026127 -0.089859 0.14587 -0.13532 0.013558 
SUHUR@N 0.16777 0.24774 -0.617 -0.072008 -0.25689 0.63442 -0.46405 -0.13976 
ZATU624~B 0.63416 0.60031 -1.2054 -0.27742 -0.70754 1.2664 -1.149 -0.28468 
DIB 0.11577 0.16544 -0.53469 -0.082168 -0.23618 0.51075 -0.36629 -0.054813 
ZATU678 0.76143 0.60544 -1.0472 -0.36089 -0.64991 1.1166 -1.1511 -0.34896 
ZATU757 0.79295 0.72836 -1.1793 -0.37986 -0.72286 1.2568 -1.166 -0.36131 
URUDU@G~A 0.38384 0.52004 -1.0604 -0.11628 -0.46168 1.033 -0.76604 0.33841 
SILA3~B 0.48623 0.54641 -1.2835 -0.29582 -0.55401 1.3276 -0.93407 -0.16546 
LAGAR~B1 0.38734 0.35782 -1.0577 -0.1189 -0.53541 0.99788 -0.84502 -0.29801 
KUR~B 0.34523 0.46151 -1.0896 -0.252 -0.62703 1.1982 -0.85892 -0.32038 
MURUB2 0.17728 0.2545 -0.74216 -0.027656 -0.29955 0.65262 -0.49803 -0.010498 
|ZATU714XHI@G| 0.35517 0.60847 -1.1619 0.061038 -0.26545 1.081 -0.63706 0.94899 
|GA2~A1XSUHUR| 0.2327 0.36112 -0.84482 -0.12847 -0.37767 0.86528 -0.61787 -0.13506 
|SZITA~A1XUDU~A| 0.32029 0.45601 -1.109 -0.15216 -0.44595 1.1463 -0.80735 -0.21956 
IB~C 0.28072 0.36584 -0.98447 0.027795 -0.36753 0.82331 -0.6819 0.022239 
|EZEN~AX(U2~B.A)| 0.19783 0.22154 -0.60304 -0.026502 -0.22307 0.56207 -0.40857 -0.050562 
MUD3~D 0.19022 0.24868 -0.70723 0.0065965 -0.26324 0.62587 -0.47199 0.023498 
|GIXSZE3| 0.10803 0.17577 -0.73763 0.012691 -0.2534 0.59314 -0.4289 -0.10723 
ZATU751~B 0.67585 0.63755 -1.2428 -0.29743 -0.73281 1.2954 -1.1731 -0.29915 
|SILA3~AXHASZHUR| 0.32454 0.35626 -0.91847 -0.14291 -0.34754 0.9191 -0.61307 -0.083676 
ZATU762~B 0.6906 0.63729 -1.1849 -0.33874 -0.73334 1.2938 -1.1576 -0.13355 
|(DUBXDISZ)~A| 0.16976 0.22724 -0.67156 0.0020294 -0.2498 0.59948 -0.43399 -0.029679 
KAL~A 0.62709 0.74807 -1.2239 -0.36461 -0.77311 1.335 -1.0695 0.20063 
KID~C 0.28234 0.33089 -1.0215 -0.058972 -0.42003 1.0035 -0.71662 -0.05033 
GAL 0.41307 0.51864 -1.3397 -0.16605 -0.58566 1.446 -1.1298 -0.33755 
|NUN~A+EN~B| 0.17651 0.30417 -0.78814 -0.093045 -0.33298 0.77242 -0.55929 -0.1595 
|DUG~BXANSZE~B| 0.23667 0.3302 -0.82301 -0.20157 -0.39734 0.88133 -0.59259 -0.1969 
NAM~D 0.24054 0.27843 -0.81116 -0.011156 -0.36548 0.73398 -0.53445 -0.0024879 
GU4@G 0.21183 0.26818 -0.82013 -0.013754 -0.30516 0.77958 -0.51153 -0.012285 
ZATU695 0.79563 0.63072 -1.0665 -0.38357 -0.73274 1.177 -1.1986 -0.3385 
N57.SZUBUR| 0.42043 0.46397 -1.4616 0.24533 -0.40815 1.1095 -0.8941 -0.45956 
ZATU696 0.78649 0.64125 -1.083 -0.37888 -0.71889 1.1774 -1.1923 -0.35454 
SZE~B 0.33665 0.63456 -1.7505 -0.3151 -0.82858 1.7687 -1.2421 -0.34437 
|U4XN14| 0.078846 0.41727 -0.97698 -0.0090189 -0.32491 0.99019 -0.35998 0.19066 
|DUG~BXTAK4~A| 0.3417 0.43184 -1.0351 -0.2011 -0.51042 1.0983 -0.80206 -0.18765 
