782 8
N01 0.51428 0.049175 -0.89794 -0.27591 -0.26258 1.4706 -1.1162 0.51796 
</s> 0.67326 0.61167 -0.95625 0.39874 0.48197 0.81207 -0.77164 -0.083589 
... 0.28194 0.58274 -1.0535 0.20899 0.15575 1.004 -0.66798 0.23501 
N14 -0.36978 0.9877 -1.21 -0.43563 0.15374 1.5463 -0.92189 -0.11394 
X 0.50069 0.56957 -1.01 0.28842 0.10101 1.0414 -0.50777 0.30394 
N34 -0.48845 1.7931 -1.6325 -0.48745 0.17851 0.88235 -0.84175 -0.56929 
N57 -0.13623 0.78854 -2.5021 -0.070971 -2.2432 1.4455 -0.42411 -1.866 
EN~A 1.407 0.52564 -0.97843 0.061203 -0.048101 0.93217 -0.93336 0.21697 
N19 0.55091 0.43146 -4.0136 1.1144 0.87094 0.30806 -1.2676 -0.98655 
GAL~A 0.69842 0.35154 -1.0162 0.17675 -0.0038348 0.91155 -0.89274 0.25873 
N39~A 0.35111 2.3603 -1.3667 -0.11657 -1.0268 1.3367 -0.42561 1.6012 
SZE~A 0.13264 1.1243 -1.1528 -0.12834 0.46856 1.088 -0.62454 0.19475 
AN 0.78079 0.43655 -1.2527 0.15033 -0.0072481 0.86926 -0.84066 -0.0084984 
N02 1.2912 -1.05 -2.4685 -0.42074 0.88606 1.4392 -0.25948 0.28854 
PAP~A 0.75884 0.552 -1.3093 0.072053 -0.014448 0.72004 -0.78803 -0.15384 
SAL 0.55128 0.63363 -1.0673 0.042193 -0.015163 1.1165 -0.7162 -0.013693 
BA 0.45813 0.53885 -1.2593 0.32641 0.19637 0.88696 -0.72127 0.38175 
N04 0.3572 -0.30195 -3.3838 1.1805 0.73289 0.44954 -0.91757 -0.34359 
N 0.32558 0.36458 -1.0386 0.21773 0.035145 0.81937 -0.43646 0.080481 
SANGA~A 0.61805 0.45621 -1.0932 0.097662 -0.039236 0.9003 -0.95092 0.05458 
N45 -1.0535 1.691 -1.7954 0.0078767 0.76781 1.6127 -0.32295 -0.17269 
N08 -0.51928 -1.768 -2.0751 0.47633 0.18054 2.1927 -1.7065 2.1019 
N05 0.84833 1.0688 -2.9938 1.4579 1.0649 1.5143 -0.3916 2.4358 
NUN~A 1.2106 0.45147 -1.0509 0.032667 -0.1338 0.86863 -0.96557 0.27771 
GI 0.68607 0.46893 -1.1419 -0.046592 0.015822 1.1112 -0.7591 -0.12673 
SZU 0.74129 0.71636 -1.096 0.032078 -0.16888 1.107 -1.0234 0.0017118 
E2~A 1.1357 0.46758 -1.1284 0.12187 -0.2024 0.88901 -1.0156 0.12245 
A 0.70321 0.47279 -1.1451 0.035674 0.11596 1.0516 -0.7973 0.027313 
UDU~A 0.68866 0.66406 -0.94591 -0.32532 -0.14781 1.1894 -1.1988 -0.040486 
N42~A 1.0956 1.6625 -2.5029 1.4464 1.0828 1.2148 -0.45399 2.2725 
BU~A 0.87469 0.60189 -1.1339 0.05584 -0.021416 0.80873 -0.80312 -0.022675 
KI 0.55061 0.57835 -1.1271 -0.14977 0.14064 1.3602 -0.91368 -0.15287 
NAM2 0.55756 0.454 -1.4709 0.22118 0.03855 0.84111 -0.67098 -0.087961 
N20 0.93213 2.1982 -3.0953 1.7811 1.0778 1.4284 -0.20884 2.1192 
U4 0.55096 0.30088 -1.2655 0.21098 0.015272 0.89192 -0.7805 -0.1134 
DU 0.8435 0.60406 -1.0874 0.032958 -0.071718 1.1436 -0.9638 -0.1435 
N51 -0.33739 1.2412 -1.7147 1.4644 -0.41063 1.486 -1.1349 -1.5739 
PA~A 0.92826 0.35313 -1.3802 0.089466 0.11747 0.67003 -1.0114 -0.25249 
ME~A 0.81285 0.79158 -0.94662 -0.027558 0.19838 0.91832 -0.80854 0.21668 
BAR 0.31258 0.21811 -1.273 0.2745 -0.097533 1.1326 -0.92072 0.37635 
SAG 0.63764 0.53026 -1.2866 0.22851 0.096144 1.0729 -0.81578 0.16355 
AB~A 0.82945 0.56509 -1.0849 -0.12179 -0.18734 1.0592 -1.0784 -0.062145 
SI 0.88686 0.3439 -1.075 0.095247 -0.15737 0.97567 -1.0753 0.047359 
TUR 0.60227 0.32299 -1.1301 0.02465 -0.046189 1.1996 -0.77407 0.21453 
GISZ 0.95207 0.31566 -1.0375 0.024591 -0.026432 0.92451 -1.0735 -0.20547 
KU6~A 0.96199 0.62024 -1.1022 -0.04105 -0.1233 0.94164 -1.0171 0.037987 
N03 -0.50812 -0.37357 -3.2391 1.4093 0.3909 1.4884 -0.73778 1.3367 
GAR 0.22162 0.59044 -1.1167 0.28731 -0.24612 1.3308 -1.1248 -0.044072 
AB2 0.49813 0.34954 -1.1786 0.071324 -0.11409 1.0306 -0.78288 0.010099 
N24 -0.24683 1.422 -1.7301 0.77 -0.37224 1.0593 0.16702 1.2465 
N50 -1.0564 1.3746 -1.7169 0.34085 0.42156 2.8121 -0.30923 -1.0144 
HI 0.67997 0.56529 -1.1008 0.18344 -0.12845 1.0311 -0.63637 0.43159 
SZITA~A1 0.58702 0.58597 -1.0446 -0.037781 -0.10781 1.118 -0.98521 -0.11311 
TUG2~A 1.0115 0.4504 -1.0227 0.11436 -0.16057 1.0732 -1.0474 0.30731 
NE~A 0.66522 0.75626 -0.95993 -0.065328 0.21542 0.79936 -0.75444 0.28797 
N48 -0.71968 2.1558 -1.8135 -0.14418 0.37378 0.96473 -0.48687 -0.11923 
GU7 0.074787 0.63097 -1.5972 0.52847 0.17088 0.95779 -0.49885 0.48741 
TE 0.46068 0.20544 -1.6685 0.21943 -0.11979 0.66036 -0.76826 -0.11092 
IB~A 0.94049 0.56087 -0.98637 -0.035598 -0.20743 0.92769 -1.0861 0.10967 
SZUBUR 0.63674 0.69527 -1.0869 0.1047 -0.18004 1.024 -0.75176 0.18102 
SUHUR 0.1881 0.37284 -1.2121 -0.025394 -0.14845 1.1602 -0.8667 0.16438 
SZU2 0.56314 0.50835 -0.99091 -0.034488 -0.17227 1.0763 -1.0243 -0.22865 
MUSZ3~A 0.8178 0.3607 -1.1652 0.038109 -0.27313 1.0909 -1.0263 0.27002 
NI~A 0.92091 0.64237 -1.1014 -0.022426 -0.20299 1.0788 -1.0629 0.049367 
MUSZEN 0.51321 0.52236 -1.1941 -0.040543 -0.29585 1.3757 -0.8039 0.11399 
SU~A 0.92195 0.7878 -1.347 -0.14434 -0.50604 0.92337 -0.90178 -0.32744 
GAN2 -0.37969 0.67353 -1.3689 -0.090418 0.28147 1.7503 -0.76898 -0.0326 
UNUG~A 0.66642 0.52422 -1.104 0.30267 0.15311 0.92246 -0.68071 0.60741 
GA~A 0.87373 0.36923 -0.94184 -0.10713 -0.2017 1.0356 -1.3221 0.092901 
N40 -0.81303 0.65407 -3.3425 1.416 0.54372 1.2761 -0.49323 1.0499 
DUG~A 0.6724 0.71502 -0.93297 0.19586 0.18043 1.0717 -0.69578 0.83331 
KU3~A 0.93704 0.48262 -1.0739 -0.035082 -0.27118 0.97105 -0.99016 -0.04255 
DA~A 0.93897 0.40831 -1.0638 -0.034495 -0.099403 0.98256 -1.1111 0.14604 
KUR~A 1.0927 0.43476 -0.9079 -0.088929 -0.34079 1.002 -1.0517 0.046373 
RAD~A 1.2102 0.47395 -1.2196 -0.23892 0.052292 0.98487 -0.97107 -0.040254 
UD5~A 0.65088 0.46861 -0.99476 0.10915 0.018604 0.84378 -0.79207 0.34423 
DUG~C 0.46581 0.37337 -0.99869 0.07055 0.015632 1.1762 -0.85297 0.23612 
APIN~A 0.71242 0.59765 -1.2259 0.039556 -0.0078446 0.94492 -0.89758 -0.10586 
KISAL~B1 0.69931 0.57981 -1.2031 0.062072 -0.059574 1.1103 -0.87818 -0.10316 
MASZ 0.38236 0.55112 -0.96679 -0.23484 -0.05703 1.4964 -1.1308 -0.16645 
ERIM~A 0.83611 0.66969 -1.0308 -0.040794 -0.12285 1.0984 -1.1039 0.097086 
N58 -0.38632 0.85442 -1.7064 0.1664 -0.60873 2.1938 -1.0648 -1.6496 
N41 -0.20363 0.89148 -3.8121 1.5928 0.82886 0.42237 -0.49773 -0.41339 
GU4 0.39832 0.48355 -1.1764 0.32965 0.04134 0.98856 -0.61994 0.29709 
N22 -0.66434 0.60697 -1.5337 0.32823 0.50478 1.9508 -0.49099 0.66202 
UDUNITA~A 0.62001 0.34521 -1.0256 -0.058463 -0.12441 0.93207 -0.90154 -0.042857 
MA 0.4178 0.39793 -1.1908 0.14008 -0.023389 1.0645 -0.78224 -0.013737 
TAK4~A 0.78015 0.33718 -1.1247 0.018336 -0.098213 1.0278 -0.95715 0.18442 
U8 0.35475 0.31442 -1.1329 0.055235 -0.039668 0.91291 -0.66359 -0.020981 
UB 0.48913 0.65077 -1.2591 0.19708 0.0020234 1.0926 -0.71422 0.1854 
N46 0.30598 1.0662 -3.3748 1.3831 1.1645 0.060925 -0.53563 0.19105 
RU 0.4757 0.37204 -1.26 0.26542 0.054046 0.95062 -0.71016 0.18367 
KISZ 0.78725 0.40811 -0.87962 -0.22254 -0.11301 1.2702 -1.0903 -0.19142 
SZE3 0.28467 0.71174 -1.0518 -0.10619 0.10555 1.2538 -0.95733 0.0031692 
U2~B 0.76522 0.52528 -1.0452 0.036241 -0.24566 1.0943 -0.97765 0.19928 
TUR3~A 0.80591 0.47471 -1.1832 0.10135 -0.045466 0.94592 -0.78312 0.24306 
N57| -0.12312 1.0112 -2.0876 -0.0022253 -1.5986 1.9619 -0.88426 -1.3333 
URU~A1 0.59721 0.49852 -1.1831 -0.11033 -0.23258 1.1418 -0.90881 -0.17669 
MAR~A 0.76853 0.52628 -1.2376 0.11393 -0.046208 0.85075 -0.98083 0.06832 
MASZ2 0.29746 0.38595 -0.97465 -0.13337 -0.083919 1.1392 -0.8416 -0.10598 
NAGA~A 0.83162 0.46661 -1.1038 0.15842 -0.16354 0.84605 -0.97219 0.33646 
E2~B 0.78406 0.51579 -1.2369 0.04012 -0.31834 0.88861 -0.92059 -0.15447 
NUNUZ~A1 0.87117 0.66971 -1.2931 -0.12431 -0.3774 1.1185 -0.8316 -0.24872 
HI@G~A 0.70321 1.3577 -1.786 0.9649 0.4095 0.9728 -0.22245 2.0845 
UMUN2 0.50284 0.45687 -1.192 0.23337 0.043794 0.82781 -0.62021 0.043071 
|U4XN57| -0.029196 0.69755 -1.3777 -0.15058 -0.81772 1.4719 -0.54132 0.21777 
AMAR 0.4053 0.35391 -1.1961 0.21565 -0.10149 0.97298 -0.71851 0.09426 
GUG2 0.44828 0.54471 -1.2224 0.37311 0.11827 0.92069 -0.49613 0.51588 
SIG2~B 0.83977 0.43295 -1.1157 0.083219 -0.30499 1.116 -1.0191 0.20247 
DUB~A 0.65125 0.55254 -1.1731 0.0037776 -0.08991 0.95101 -0.88713 -0.039557 
SUKKAL 0.47578 0.4713 -1.1873 0.17656 -0.082674 0.91871 -0.723 0.14035 
NA~A 1.1231 0.44371 -1.0909 0.11415 -0.038313 0.86554 -1.1452 0.26606 
KASZ~C 0.60155 0.40143 -1.0977 -0.045886 0.085695 1.2376 -0.85404 0.086347 
N25 0.52902 1.6942 -2.3736 1.4504 0.71907 1.3176 0.056198 1.9538 
ERIN 0.7882 0.51487 -1.2015 0.16154 0.098094 0.87904 -0.76901 0.030454 
U2~A 0.96665 0.59677 -0.79463 0.025982 -0.11082 1.0395 -1.0503 0.48212 
ZATU753 0.86031 0.63483 -0.82962 0.098528 -0.2045 1.1428 -1.1009 0.30199 
N18 -0.85651 0.10341 -4.1113 1.8047 0.77662 1.9327 -1.0306 1.1882 
PIRIG~B1 0.40474 0.7028 -1.3968 0.017805 -0.48763 1.184 -0.85331 -0.57386 
SZA 0.63513 0.75222 -1.3206 0.042247 -0.31396 1.2091 -0.97025 0.15297 
LAGAB~B 0.50024 0.257 -1.5087 0.10478 0.095296 0.77914 -1.1032 -0.37468 
KAB 0.42206 0.38638 -1.1204 0.20627 0.059401 0.98861 -0.76533 0.18809 
MU 0.37857 0.62461 -1.3867 0.70849 0.27856 1.054 -0.39385 1.3649 
AL 0.49379 0.559 -1.2417 0.050814 -0.12265 1.2083 -0.76632 0.11764 
N36 0.34849 1.2674 -3.8503 0.76814 0.73349 0.1606 -0.73963 -0.62972 
|U4XN57 -0.019756 0.83975 -1.6997 -0.24746 -1.0321 1.5407 -0.44611 0.10222 
ZATU659 0.88524 0.48281 -0.87819 0.032301 -0.30721 1.2578 -1.3635 -0.022848 
DI 0.48513 0.5411 -1.2305 0.20353 0.093553 1.1767 -0.69202 -0.038463 
ZATU752 0.89873 0.63619 -0.89866 0.15798 -0.21838 1.1556 -1.0929 0.19971 
|DUG~BXX| 0.32378 0.25902 -0.866 0.072911 -0.15942 0.91522 -0.71391 0.20707 
GI6 0.65871 0.36046 -1.1772 0.042763 0.0096257 0.91444 -0.87481 -0.014982 
|N57 -0.0046507 1.0395 -2.2412 -0.26177 -1.5257 1.1671 -0.41394 -1.0677 
KASZ~B 0.55547 0.41101 -1.1281 -0.068681 0.021726 1.1382 -0.89192 0.13191 
NAR 0.43547 0.42532 -1.1863 0.17393 -0.13963 1.1227 -0.84501 0.43421 
ZI~A 0.82908 0.61222 -0.97231 0.095999 0.052899 0.86322 -0.86926 0.39537 
DUG~B 0.57211 0.47916 -1.0951 -0.03252 -0.16048 1.3761 -1.0939 0.21469 
KASZ~A 0.63349 0.42418 -0.98665 -0.13384 0.098657 1.1449 -0.96432 0.21742 
GADA~A 0.67011 0.34183 -0.88893 -0.0045687 -0.12883 0.89879 -0.97234 0.088435 
UTUA~A 0.60896 0.34022 -0.97138 0.069575 -0.043871 0.8137 -0.84105 0.11939 
MUD 0.29301 0.31456 -1.5358 0.44812 -0.15491 0.935 -0.63869 0.50542 
NUN~B 0.72767 0.39672 -0.92016 -0.092305 -0.24292 1.0271 -0.9553 0.04457 
HASZHUR 0.245 0.48805 -0.96573 0.0039995 -0.036969 0.89552 -0.77182 0.051699 
SZA3~A1 0.74978 0.48631 -1.0859 -0.032623 -0.12516 1.1332 -0.96571 -0.08784 
GIR3~C 0.5624 0.4865 -1.1726 -0.033468 0.02087 1.1465 -0.7334 -0.050457 
UKKIN~A 0.73502 0.42379 -1.0738 0.075781 -0.01339 0.86394 -0.78954 0.095346 
TUN3~A 0.874 0.39157 -1.0597 0.059737 -0.12167 0.88914 -0.894 0.032225 
UR2 0.76982 0.54218 -1.2986 0.080285 0.020541 1.1889 -0.9148 0.063692 
GA2~A1 0.79805 0.45082 -1.0425 -0.032793 -0.23505 1.285 -1.1335 -0.018065 
NIN 0.50763 0.61417 -1.5029 0.14655 -0.1566 1.0907 -0.85116 0.13468 
AMA~A 0.83126 0.48941 -1.1854 0.11157 -0.11024 0.88322 -0.93298 0.11521 
|SZE~A.NAM2| 0.18338 0.61128 -1.2251 0.011731 0.2317 1.1789 -0.60221 -0.10447 
NAGAR~A 0.84725 0.47978 -1.1212 0.18285 -0.22079 0.92544 -1.0508 0.16178 
TAR~A 0.64415 0.62529 -1.1751 0.22911 -0.13455 0.92231 -0.84797 0.45083 
GIBIL 0.479 0.8151 -1.6809 0.016764 -0.075385 0.8492 -0.696 -0.43875 
DIN 0.59608 0.57149 -1.1568 0.18847 0.073061 0.91792 -0.67427 0.073738 
IM~A 0.75187 0.73292 -1.0516 -0.064477 -0.24188 1.1234 -1.1364 0.33855 
URI3~A 0.91359 0.41492 -1.1713 0.064562 -0.1126 1.0164 -0.96965 0.13257 
KA~A 0.88172 0.2791 -1.5065 0.3842 0.21355 0.59793 -1.0163 0.1842 
N59 -0.11694 1.2264 -2.7585 0.50789 -0.91208 2.413 -1.7583 -1.7513 
N28 0.031775 1.4998 -1.6128 0.88399 0.11642 1.0816 0.13421 1.476 
LA2 0.78408 0.47881 -1.1919 0.33195 0.06519 0.81786 -0.91446 0.066476 
NAGAR~B 0.72505 0.44172 -1.0525 0.1465 -0.24607 1.026 -0.99718 0.086936 
NI~B 0.55679 0.55063 -1.3133 -0.049567 -0.47108 1.1854 -0.92036 -0.39881 
TI 0.41173 0.64033 -1.3339 0.04034 0.065357 1.1082 -0.61412 -0.0017197 
SIG 0.62654 0.13275 -1.2706 0.13908 -0.13627 1.1362 -1.1509 0.38134 
HAL 0.55747 0.56294 -1.2446 0.18554 -0.0544 0.99388 -0.66673 0.1796 
SUG5 0.60093 0.62293 -1.3291 0.30752 -0.010308 0.89783 -0.78413 0.28636 
AB~B 0.50846 0.30405 -1.3055 0.2018 0.087714 0.78989 -0.94161 -0.22062 
EZEN~B 0.7834 0.34267 -1.1629 0.060201 -0.21345 1.1746 -1.0622 0.033494 
E~A 1.0037 0.78052 -1.1284 -0.13139 0.27856 0.65403 -1.0887 0.13485 
NAMESZDA 0.35824 0.31743 -1.3184 0.27699 -0.057309 0.8864 -0.62511 0.10672 
NIM~A 0.78032 0.67002 -1.1571 -0.030376 -0.25278 1.1357 -1.1684 0.11936 
|GA~A.ZATU753| 0.40338 0.20114 -1.2067 0.29023 0.00013554 1.0029 -0.7542 0.43718 
GESZTU~B 0.58725 0.52449 -1.1684 0.088921 -0.153 1.0402 -0.82401 0.34136 
|N58.BAD~A| 0.42242 0.67522 -1.3583 0.18849 -0.047465 1.0526 -0.52879 0.27396 
NIMGIR 0.49463 0.42959 -1.1238 0.052421 -0.058452 0.91801 -0.73486 -0.10523 
GU 0.53154 0.48744 -1.1521 0.25621 -0.11762 0.94867 -0.66815 0.21792 
|GI&GI| 0.2671 0.42914 -1.2278 0.21306 0.15285 1.0147 -0.59385 -0.088726 
SIG7 0.58368 0.29031 -1.0937 0.27332 -0.037972 0.87646 -0.79986 0.36044 
SZAB~A 0.60629 0.45269 -1.127 -0.060511 -0.19509 1.0692 -1.1117 0.093099 
USZ~A 0.72265 0.37777 -1.0395 0.025751 -0.045981 0.96392 -0.80798 0.26405 
|NI~A.RU| 0.12183 0.83526 -1.4839 -0.027219 -0.15482 1.4255 -0.69194 -0.30924 
SAR~A 0.65983 0.59619 -1.1898 0.27243 0.04253 0.84438 -0.86184 0.20399 
BARA2~A 0.70644 0.50406 -0.97917 0.049206 -0.10517 1.0429 -0.9502 0.21224 
GIR3@G~B 0.48664 0.55533 -1.3373 -0.017437 0.0067559 1.175 -0.77453 -0.0067715 
SI4~A 0.80001 0.49872 -1.2117 0.15209 -0.038264 0.82888 -0.91682 0.40026 
EN~B 0.80189 0.36018 -0.89854 -0.060948 -0.24257 1.1063 -1.0924 -0.049861 
NA2~A 0.9702 0.55722 -1.1969 0.14226 -0.12501 1.1975 -1.11 0.47742 
KU~B1 0.4557 0.86636 -1.344 0.035645 -0.21478 1.3158 -0.99721 0.20605 
UR~A 1.068 0.29473 -1.1041 0.078645 -0.12095 1.0993 -1.1731 0.3739 
ZAG~A 0.68806 0.68146 -0.97301 0.072851 -0.15938 0.89293 -0.84564 0.31954 
ZATU694~C 0.88762 0.57645 -0.84548 0.0056396 -0.2458 1.283 -1.2331 -0.075535 
ISZ~B 0.63668 0.32283 -1.249 0.018788 -0.035313 0.92514 -0.7461 0.022528 
KID~B 0.52529 0.28944 -1.328 0.073791 -0.10474 1.1665 -0.96301 -0.084071 
NESAG2~A 0.71135 0.43302 -1.0553 0.17514 -0.0060153 0.91861 -0.85526 0.22451 
DUR2 0.68801 0.58046 -1.1957 0.025595 0.0093793 1.1024 -0.82903 -0.16702 
ZATU647 0.93218 0.59316 -0.82698 0.09569 -0.19718 1.2551 -1.2136 0.034446 
SI4~F 0.51861 0.48133 -1.6256 0.46212 0.14037 0.63287 -0.61479 0.22289 
N52 -0.45337 1.1938 -3.1173 1.2544 -0.028703 2.1378 0.23417 -1.3178 
SZAGAN 0.39151 0.59664 -1.3894 0.1267 -0.014734 0.95088 -0.73424 -0.059766 
UR5~A 0.67495 0.70073 -1.5189 0.66976 0.4264 0.60187 -0.5429 0.90002 
LAGAB~A 0.89967 0.41208 -1.4824 -0.13185 -0.14912 1.0596 -1.3902 -0.35208 
GIR2~A 0.88503 0.45887 -0.94731 0.038501 -0.14119 1.0149 -0.94734 0.25206 
DUB~B 0.67096 0.40741 -1.1532 0.10186 -0.008046 0.9739 -0.83461 -0.18905 
N21 0.044885 1.5705 -4.0544 1.9368 0.61922 2.4165 0.73702 0.11353 
GURUSZDA 0.54766 0.35591 -1.1938 0.1697 -0.031672 1.0202 -0.7757 -0.025918 
|DUG~CXN57| 0.27237 0.40595 -1.0899 0.035877 -0.34842 1.0489 -0.6333 0.017005 
NIM~B1 0.50032 0.53145 -1.1851 0.1263 -0.18717 0.95411 -0.8455 -0.156 
N07~A 1.2164 -0.14585 -1.9406 0.62005 0.34108 1.2113 -1.1923 1.4381 
SZAM2 0.30919 0.77704 -1.6847 0.38585 0.10733 0.70162 -0.65555 0.14573 
KAR2~A 1.0455 0.48189 -1.0216 0.25872 -0.042832 1.0064 -1.0933 0.23593 
GURUSZ~A 0.61846 0.43121 -1.1396 0.12132 0.0035082 1.0188 -0.80765 0.13029 
KISIM~A 0.4971 0.38503 -1.0163 0.023336 -0.091069 1.0115 -0.89475 0.22781 
NU 0.77775 0.44483 -1.0346 0.207 -0.078572 0.81041 -0.744 0.17834 
N29~A 0.10053 1.2137 -2.0722 1.0202 0.11311 0.64714 -0.24786 0.72552 
N39~B 0.34751 2.3347 -1.6922 -0.062769 -0.96731 1.6427 -0.67894 1.2601 
SILA4~C 0.6284 0.55012 -1.0883 0.12432 -0.14833 1.0765 -0.86308 0.010938 
N15 1.1107 -0.45371 -3.1077 -0.66466 0.9151 1.2641 -0.67423 -0.5364 
LAM~B 0.69671 0.54129 -1.3053 0.10064 -0.16806 1.1259 -0.88447 0.10287 
MUN~A1 0.72978 0.33991 -1.2599 -0.11059 -0.25305 1.109 -0.91011 -0.12288 
IDIGNA 0.61199 0.46061 -1.2385 0.20029 0.0084985 1.0372 -0.7716 0.077369 
ZATU644~A 0.83818 0.50071 -0.8112 -0.0005469 -0.26133 1.151 -1.1804 0.062375 
AK~A 0.98498 0.54284 -0.95889 0.082504 -0.12338 0.94399 -0.99289 0.21465 
DIM~A 0.66906 0.73961 -1.0682 0.016966 -0.12501 1.074 -0.8465 0.20181 
KASKAL 0.53859 0.53376 -1.1472 0.11376 -0.073494 1.0047 -0.71923 0.16305 
SZIM~A 0.40593 1.1878 -1.4025 -0.084701 -0.11414 1.3886 -1.141 0.4267 
LAGAR~A 0.7427 0.41284 -1.1151 0.076 -0.17016 0.88427 -1.1055 -0.036248 
GARA2~A 0.6999 0.5264 -0.97797 0.084589 -0.12927 1.1184 -1.0117 0.17876 
GISZ3~B 0.83826 0.45387 -1.2821 0.12114 -0.10182 1.0127 -1.0008 -0.015362 
KALAM~B 0.63123 0.52418 -1.26 0.20699 -0.04093 1.019 -0.8125 0.12785 
ZATU648 0.83702 0.61167 -0.81641 -0.026243 -0.24669 1.2603 -1.2382 -0.095587 
SZEN~B 0.59438 0.51306 -1.0958 -0.17714 -0.27244 1.4731 -1.2414 0.0056505 
N30~A 0.29321 1.2155 -1.697 0.51413 -0.074017 0.86074 -0.47434 0.92949 
SA~C 0.5852 0.76665 -1.4157 0.18268 0.062503 1.1368 -0.86635 0.066168 
SILA3~A 0.93576 0.37361 -1.1617 0.0012066 -0.044621 1.1952 -0.97316 0.17872 
|BU~A+DU6~A| 0.50101 0.703 -1.3444 0.15212 0.076288 0.97395 -0.54666 -0.042798 
ZATU710 0.84384 0.93802 -0.88286 0.36626 -0.013616 1.1023 -0.83052 0.85486 
ABGAL 0.41684 0.49612 -1.1795 0.15464 -0.011531 0.98982 -0.6449 0.048773 
GAN~A 0.72481 0.56277 -1.0874 -0.090317 -0.24159 1.0994 -0.99706 0.020203 
|SAL.KUR~A| 0.88897 0.48556 -1.2636 0.094075 -0.024859 1.1789 -0.74462 0.040746 
N54 -0.2833 1.2083 -2.4893 1.2409 -0.77867 1.7371 -1.3529 -1.8148 
AD~A 1.1811 0.53805 -1.0698 -0.10378 -0.081471 0.99737 -1.0013 0.16349 
ZATU773~A 0.9292 0.66603 -0.89527 0.1209 -0.14253 1.1157 -1.0915 0.29223 
SZURUPPAK~A 0.73766 0.59944 -1.1025 0.08024 -0.095436 1.0202 -0.89265 0.066993 
MEN~A 1.3421 0.56912 -1.1214 0.040532 -0.053893 0.9472 -0.88238 0.21003 
N30~C 0.015053 1.136 -1.86 0.7768 -0.0027106 0.90651 -0.45124 0.50905 
KAK~A 0.93394 0.56156 -1.0295 0.086945 -0.11701 1.0212 -0.97845 0.1432 
DUR~B 0.49451 0.57282 -1.1122 -0.044535 -0.10163 1.3644 -0.97667 -0.16891 
BUR2 0.64871 0.40317 -1.0163 0.089265 -0.03397 0.91645 -0.76234 0.019384 
ZATU759 0.88474 0.69812 -0.84962 0.041232 -0.20274 1.1506 -1.1196 0.15863 
SZAKIR~C 0.56365 0.65674 -1.124 0.15109 -0.12613 1.0816 -0.83769 0.10136 
ZABALAM~A 0.57617 0.45728 -1.1794 0.16951 -0.075116 0.88814 -0.79893 0.16142 
N01@F 0.77912 -0.63139 -2.951 0.10759 0.1065 1.9652 -1.26 0.91065 
IR~A 0.97849 0.38716 -1.2578 0.21972 -0.062494 0.73436 -0.96395 0.25855 
LU2 0.40124 0.49643 -1.1883 0.19139 0.072664 0.87967 -0.62194 0.00073826 
GISZIMMAR~B1 0.42244 0.38998 -1.1585 0.13273 -0.049147 0.97728 -0.85509 0.033547 
N26 -0.034056 1.1029 -1.5198 0.73442 -0.051248 1.1149 -0.13237 1.0304 
NU11 0.49708 0.39384 -1.1738 0.25174 -0.011696 0.71919 -0.58294 0.022866 
ZATU649 0.8748 0.51464 -0.84092 0.034728 -0.28117 1.1902 -1.2377 -0.096091 
KINGAL 0.2471 0.44462 -0.82755 -0.0058743 -0.032625 0.84239 -0.54606 -0.011932 
GA'AR~A1 0.41179 0.47178 -1.064 0.30679 -0.12439 0.85081 -0.79256 -0.37029 
ADAB 0.40775 0.3825 -1.0213 0.14498 -0.0080165 0.82428 -0.58408 0.0046607 
|U4.N08| 0.059134 -0.23707 -1.5404 0.48277 -0.14132 1.3898 -1.036 1.2914 
N47 0.33216 1.8643 -2.9076 1.4715 0.91759 0.99833 -0.31071 1.7605 
I 0.50109 0.64902 -1.2863 0.38435 0.17503 0.83191 -0.50181 0.19904 
N08| 0.10359 -1.0126 -2.0775 0.55209 0.1792 1.8517 -1.2909 1.4662 
|GISZXSZU2~A| 0.53039 0.70928 -1.4173 0.28166 0.010678 1.1846 -0.80404 -0.16735 
GUM~B 0.46076 0.70334 -1.1199 0.13063 -0.21404 1.0685 -0.85675 0.064927 
MES 0.6532 0.45343 -1.1688 0.1769 -0.0099516 1.0085 -0.78241 0.12726 
GAN~B 0.38021 0.47906 -1.051 -0.044402 -0.22602 1.2431 -0.97639 -0.035067 
ZATU686~A 1.1074 0.59029 -0.92915 0.046598 -0.24897 1.1224 -1.2606 0.0046903 
UMBIN~A 0.65974 0.44631 -0.92798 0.087503 0.0068731 0.80926 -0.72696 0.11472 
GAN~C 0.26226 0.63315 -1.2516 0.074577 -0.080563 1.31 -0.84605 -0.036333 
URUDU~A 0.69581 0.62939 -1.0916 -0.091007 -0.10023 1.1351 -1.0121 0.035817 
LAL2~A 0.82307 0.47628 -1.0065 0.10835 -0.066459 0.89806 -0.91214 0.22247 
PU2 0.51265 0.35357 -0.95835 0.26499 -0.034688 0.79309 -0.58199 0.10899 
ZATU751~A 0.99046 0.68805 -1.0166 0.17674 -0.13741 0.9872 -1.0722 0.21386 
|N57.SZUBUR| 0.42764 0.61886 -1.2904 0.13547 -0.37014 0.91216 -0.56186 -0.17151 
ESZDA 0.53038 0.3827 -1.444 0.24784 -0.084932 1.0362 -0.73359 0.14904 
DU8~C 0.30661 0.75347 -1.4481 0.63819 0.074175 1.0526 -0.81513 -0.19198 
ZATU714 0.82761 1.0829 -0.97266 0.42706 0.02695 1.2122 -0.82223 1.1319 
UTUL~A 0.43658 0.48175 -1.0601 0.17718 0.036874 0.82203 -0.62892 0.28175 
N28~C 0.35176 1.3396 -1.9563 1.2316 0.60542 1.0495 0.0016642 1.6754 
|E2~AXN57@T| 0.357 0.58633 -1.6073 0.32299 -0.044309 1.0123 -0.60142 0.037361 
BUR~A 0.91722 0.28069 -0.91334 0.030277 -0.17233 0.91875 -0.99379 0.13738 
GISZ@T 0.70118 0.43854 -1.2372 0.1285 -0.032004 0.78466 -0.84275 -0.26816 
GA2~A2 0.61265 0.56671 -1.3403 0.2317 -0.08756 1.2534 -1.0487 0.082202 
|U4.N08 -0.10347 -0.39561 -1.882 0.60207 -0.17416 1.7148 -1.2943 1.7163 
|SZU2.EN~A| 0.54852 0.51524 -1.3198 0.14943 0.01907 0.97019 -0.63905 -0.088263 
|U4XN01| 0.063882 0.59786 -1.3767 -0.030818 -0.48831 1.3219 -0.57504 0.62378 
SZIDIM 0.37942 0.54637 -1.0643 0.10541 0.016416 0.93116 -0.68884 0.11316 
SZUM 0.54219 0.58431 -0.96402 0.029442 -0.11705 0.92757 -0.83033 -0.056316 
BULUG3 0.31926 0.57716 -1.2595 0.29109 0.02215 0.82898 -0.46617 0.2645 
N57.PIRIG~B1| 0.24565 0.79 -1.8601 0.13453 -0.76033 1.2319 -0.75777 -0.95252 
|TUG2~A.(BAD&BAD)| 0.38697 0.37968 -0.96872 0.17731 -0.06309 0.73132 -0.52776 0.12266 
|NUN~A+EN~A| 0.49012 0.46788 -1.1559 0.11622 -0.04382 0.90219 -0.52712 0.080553 
N49 0.0027337 1.0049 -3.4131 1.0255 1.0133 0.60336 -0.6656 0.014059 
|ZATU714XHI@G~A| 0.58239 1.1611 -1.7392 0.93328 0.44557 1.1891 -0.33419 1.7915 
TUM~A 0.76482 0.59155 -0.93074 -0.059057 -0.1195 0.977 -0.93474 0.24231 
DILMUN 0.32365 0.42442 -1.1536 0.24226 0.02825 0.79848 -0.52466 0.01541 
|U4XN01 0.071531 0.72832 -1.2941 -0.13247 -0.61258 1.4006 -0.6474 0.6587 
ZATU697~A 0.98638 0.57279 -0.95181 0.045515 -0.21367 1.2148 -1.2532 0.12768 
|ZATU737XSAL| 0.5463 0.43017 -1.0524 0.28185 0.022681 0.92203 -0.71275 0.48113 
|ZATU759XKU6~A| 0.58199 0.57927 -1.2501 0.14405 0.076049 1.0801 -0.72923 0.39636 
NI2 0.31829 0.34709 -0.96282 0.12589 -0.11584 0.71961 -0.53207 -0.15425 
SZELU 0.31212 0.4443 -1.0332 0.035027 0.015235 0.9242 -0.68523 0.093524 
ANSZE~B 0.43799 0.4043 -1.2899 0.1506 0.15288 1.0243 -0.65218 0.030105 
N01| 0.1873 0.141 -1.9741 0.091554 -0.083912 1.7138 -0.91151 0.73187 
SZA3~A2 0.53756 0.55476 -1.1032 0.087981 -0.054236 1.0399 -0.88062 -0.028139 
GI4~A 0.74173 0.44597 -1.2595 0.13764 -0.060423 0.89348 -0.86281 0.28658 
DARA4~A1 0.50192 0.48625 -1.0853 -0.022968 -0.069192 0.96082 -0.76904 -0.11973 
SAGSZU 0.42976 0.42958 -1.2469 0.29534 0.056114 0.80773 -0.57435 0.12398 
ZATU693 0.9051 0.53687 -0.76727 -0.012534 -0.29065 1.1965 -1.2469 -0.035869 
SZEG9 0.25657 0.46961 -1.3575 0.20147 0.1825 0.80864 -0.67361 -0.1117 
DU6~B 0.54775 0.47262 -1.0211 0.048281 -0.082583 0.89092 -0.78457 -0.020991 
SILA4~B 0.63508 0.45048 -1.1773 0.18673 -0.10042 0.93402 -0.82632 -0.0075071 
NIR~A 0.71622 0.34412 -1.1802 0.18261 -0.090637 0.8496 -0.89654 0.15065 
PAD~A 0.82341 0.42322 -1.0108 -0.064374 -0.034847 0.74395 -0.76745 0.0071964 
ZATU628~A 0.96824 0.5274 -0.94685 0.047745 -0.11194 1.0511 -1.1034 0.071433 
N38 -0.10575 1.2204 -2.3634 0.7152 0.14664 1.0757 0.13826 -0.12763 
IN~B 0.75147 0.45389 -1.1272 0.074334 -0.17429 1.0989 -0.96028 0.081757 
SZITA~A3 0.42696 0.58543 -1.0633 0.099091 -0.022243 0.97263 -0.77699 -0.031357 
|SZE~A&SZE~A| -0.037477 0.88306 -1.3971 0.0013089 0.39557 1.6389 -0.55634 -0.09762 
|ZATU651XEN~A| 0.58039 0.51284 -1.2552 0.24056 -0.010701 1.0906 -0.8184 0.31303 
GAR3 0.13542 0.46776 -0.85959 0.093504 -0.052823 0.77931 -0.62362 -0.13251 
TU~B 0.57507 0.3663 -1.4466 0.25582 -0.083781 1.1567 -0.93593 0.3458 
KALAM~A 0.7345 0.56276 -1.2793 0.17556 -0.016911 1.0128 -0.92076 0.21322 
URI 0.48153 0.31081 -0.86239 0.10207 0.004107 0.82817 -0.67079 0.064407 
GUL 0.34886 0.52212 -1.2301 0.27217 0.093666 0.74323 -0.55538 0.038985 
SZEN~C@T 0.22476 0.43955 -0.95195 -0.075572 -0.076374 1.05 -0.8092 0.055252 
KISZIK~A 0.70671 0.51224 -1.0151 0.059885 -0.04358 0.9677 -0.85678 0.059942 
N24~A -0.13071 0.54664 -2.1699 1.0162 0.12785 0.8189 -0.29255 0.88926 
SUM~A 0.80503 0.65921 -1.0052 -0.039103 -0.172 0.96445 -0.93906 0.24855 
KU~B2 0.33698 0.89004 -1.6415 0.23704 -0.03084 1.2982 -0.85012 0.41562 
TU~A 0.90528 0.54427 -1.092 -0.043501 -0.22624 0.96501 -0.88532 0.20129 
ZATU788 0.91145 0.83248 -1.0376 0.20263 -0.17408 1.1869 -1.1261 0.37032 
DARA4~C2 0.28109 0.71327 -1.1955 0.001819 -0.0082713 1.0119 -0.7038 -0.16858 
DAR~B 0.64185 0.56131 -1.1902 0.060159 -0.11644 1.2273 -1.0462 0.0096154 
ZATU662 0.85581 0.52044 -0.71109 0.039415 -0.24786 1.1269 -1.1514 -0.0031332 
DAH 0.35575 0.37749 -1.1572 0.2528 0.070023 0.51978 -0.49596 -0.085187 
SZITA~B1 0.43046 0.65662 -1.0418 0.043262 -0.094169 1.0254 -0.82669 -0.072862 
GUKKAL~A 0.56688 0.40882 -0.90479 0.10654 -0.0857 0.78542 -0.7318 0.19637 
BAHAR2~B 0.6758 0.4877 -1.1112 0.14744 -0.1191 0.93904 -0.78246 0.11498 
KITI 0.59093 0.42488 -1.317 0.083864 -0.023943 0.87747 -0.63147 -0.072955 
BU3 0.41178 0.35075 -0.94344 0.16153 0.062393 0.79666 -0.57487 0.010504 
MUD3~A 0.73936 0.45688 -1.185 0.14639 -0.083093 0.90413 -0.83265 0.24609 
|ZATU737XDI| 0.48 0.38283 -0.98149 0.27002 0.0071877 0.90791 -0.70745 0.56222 
|MUSZENXN57 0.42612 0.74163 -1.5498 -0.148 -0.72711 1.5131 -0.63339 -0.34121 
|GISZ.TE| 0.44218 0.32467 -1.683 0.48848 0.33309 0.46989 -0.70559 -0.41252 
ISZ~A 0.80731 0.47974 -1.0933 0.011563 -0.0087571 0.99554 -0.85921 0.18263 
NUNUZ~C 0.79803 0.67069 -1.2471 0.0012172 -0.24357 1.1195 -0.79291 -0.036003 
SA~A 0.97204 0.61631 -1.1884 0.0041494 -0.025684 0.86073 -1.1243 0.14215 
GESZTU~A 0.65892 0.59488 -1.0593 0.0079097 -0.19793 0.98223 -0.7633 0.3272 
ZATU758 0.8541 0.69623 -0.85194 0.074227 -0.19244 1.1517 -1.1139 0.21826 
SILANITA 0.3544 0.22788 -0.64725 0.09892 -0.016609 0.54162 -0.44762 0.062034 
DAR~A 0.80027 0.62489 -1.25 0.11689 -0.050433 0.99363 -1.0359 0.14416 
GA~B 0.61361 0.44665 -1.052 0.036658 -0.22491 1.1545 -1.0322 -0.077696 
SIG2~A1 0.76686 0.38571 -1.0369 0.026731 -0.24633 1.123 -1.0052 0.1217 
TAG~A1 0.50206 0.38737 -0.83249 0.044775 -0.090565 0.73618 -0.5683 0.066474 
NESAG2~B 0.50924 0.34814 -0.98411 0.1356 -0.042738 0.80948 -0.6961 0.091529 
DUR~A 0.73736 0.35299 -0.95975 -0.088638 -0.088606 1.0628 -0.93311 0.066266 
|SAR~AXSZE~A| 0.37282 0.66754 -1.2437 0.10142 0.11172 1.2345 -0.66547 -0.019465 
E~B 0.85822 0.45574 -1.3683 0.048258 -0.13054 1.1081 -1.1296 -0.024911 
SZITA@G~A 0.50723 0.80696 -1.056 0.14512 0.047215 0.9432 -0.69651 0.40584 
GIR3~A 0.8873 0.48421 -1.3322 -0.074985 -0.013378 1.2065 -0.93908 0.051214 
SIG2~A2 0.59662 0.47053 -1.1117 0.18976 -0.1437 1.0386 -0.87938 0.1556 
SZESZ~A 0.48942 0.40521 -1.0491 0.016129 0.03979 1.0101 -0.78096 0.29026 
ZATU726~D 0.61732 0.55355 -0.60462 0.09194 -0.1086 0.84929 -0.8027 0.21799 
TA~C 0.55935 0.65541 -1.3177 0.22424 -0.056413 1.0958 -0.7348 0.15077 
SZAH2~A 0.65235 0.55431 -0.99813 0.11668 -0.10187 0.88328 -0.79868 0.29982 
KISIM~B 0.43258 0.30653 -1.0264 0.10421 -0.087899 0.95506 -0.76087 0.032606 
N57.NUNUZ~A1| 0.38288 0.69157 -1.5478 0.053461 -0.6497 1.0817 -0.66618 -0.73375 
MIR~A 0.7085 0.25851 -1.0925 0.19008 -0.022988 0.6967 -0.78877 0.29623 
ZATU795 0.89614 0.82894 -0.87399 0.11186 -0.18811 1.1706 -1.115 0.26487 
NINDA2 0.21444 0.36435 -1.1501 0.29845 -0.029831 0.78796 -0.55978 0.0056381 
|SZU&SZU| 0.39476 0.52409 -1.1777 0.19203 0.028397 0.82718 -0.55953 -0.091045 
ESZGAR 0.31988 0.36647 -0.93148 0.20323 -0.083225 0.73901 -0.53155 0.074291 
ZATU629 0.93953 0.53014 -0.76741 0.058426 -0.17386 1.0736 -1.145 0.037248 
KIR11 0.47454 0.40705 -0.99535 0.14874 -0.047942 0.86534 -0.59665 0.064414 
MAR~B 0.63644 0.47098 -1.0893 0.033006 -0.14041 1.1777 -1.0339 -0.0016937 
ERIM2 0.47336 0.41227 -0.87011 0.1083 0.0070205 0.69203 -0.5835 -0.059962 
EZEN~A 1.0656 0.451 -1.2147 0.12848 -0.089723 1.0481 -0.95219 0.13961 
ZATU703 0.74899 0.70658 -0.87472 0.18792 -0.11854 1.082 -1.0164 0.34275 
NIM~B2 0.40993 0.51164 -1.226 0.14452 -0.12718 0.9456 -0.75249 -0.093532 
BAHAR2~A 0.81964 0.50239 -1.0165 0.19476 -0.080154 0.91723 -0.85991 0.2511 
DIM~C 0.30625 0.56907 -1.004 0.16878 0.018547 0.93478 -0.54235 -0.037273 
ZATU764 0.80653 0.69698 -0.79584 0.14333 -0.13207 1.054 -1.0136 0.39404 
GIR~A 0.99799 0.3694 -1.2769 0.028186 -0.081828 1.0039 -0.97004 0.17714 
SIG2~A3 0.50779 0.35975 -0.87538 0.13767 -0.12127 0.86034 -0.72753 0.18297 
ENGIZ 0.44049 0.56638 -1.2396 0.19729 0.046387 0.79159 -0.51616 0.065617 
NAB 0.49467 0.43862 -1.1536 0.22377 -0.012018 0.95116 -0.6462 0.11875 
ZATU735~B 0.76712 0.67565 -1.0365 0.16107 -0.10069 1.0648 -1.0457 0.22564 
ZATU776 0.86543 0.71227 -0.76256 0.1577 -0.16307 1.0656 -0.99038 0.35781 
N57.GAR| 0.10446 0.8341 -1.9719 0.15005 -0.90279 1.4389 -0.88267 -1.0828 
DU8~C@G 0.2331 0.41043 -0.95787 0.29499 0.025368 0.7318 -0.53087 -0.067415 
|LAGAB~AXSZITA~A1| 0.4293 0.38607 -1.1378 0.084561 -0.03503 0.82775 -0.73906 -0.22175 
|ZATU659XN01| 0.43532 0.35484 -1.0662 0.20976 -0.079468 0.98872 -0.70386 0.45471 
|DUG~BXSIG7| 0.28729 0.2296 -0.69866 0.074429 -0.13074 0.75405 -0.58223 0.1578 
ZATU720 0.80231 0.77114 -0.75462 0.13334 -0.11126 1.0596 -1.0025 0.32843 
|KA2XLAM| 0.35513 0.36493 -0.99463 0.17148 0.038412 0.69996 -0.44492 0.089292 
SZA@G 0.40176 0.62784 -1.2276 0.15466 -0.057446 1.0046 -0.7159 0.1519 
|ZATU651XGAR| 0.46255 0.47471 -1.1035 0.25359 -0.075098 0.97792 -0.76783 0.30933 
PIRIG~A1 0.3975 0.53468 -1.0003 -0.0079803 -0.27741 0.87514 -0.62313 -0.34604 
KASZ~D 0.34297 0.29186 -0.81191 -0.031888 0.10776 0.8786 -0.62649 0.093842 
ASAR 0.24989 0.27959 -0.84504 0.21263 0.020681 0.66452 -0.44065 0.11462 
BAD 0.40057 0.45636 -1.0585 0.1624 -0.038851 0.81968 -0.57476 0.11467 
|EN2.E2~B| 0.28906 0.45312 -1.2307 0.21375 -0.07558 0.68105 -0.48959 0.0098732 
BAHAR2~C 0.47255 0.40867 -0.93813 0.18035 -0.036169 0.77357 -0.60739 0.094471 
ZATU749~B 0.75353 0.77098 -0.89917 0.084808 -0.19155 1.1197 -1.0236 0.31465 
BALAG 0.32936 0.33041 -0.96645 0.14595 0.0021314 0.63337 -0.5337 0.04289 
N07~B 0.77857 -0.12128 -1.7253 0.55166 0.20962 1.1197 -0.90862 0.98556 
TUG2~A@G 0.532 0.349 -0.94458 0.13042 -0.06444 0.84266 -0.66136 0.089209 
SUM~B 0.59603 0.56048 -1.135 0.083353 -0.21156 1.016 -0.89744 0.029534 
|SAGXMA| 0.74139 0.58846 -1.4104 0.21566 -0.089687 1.2144 -0.73675 0.030086 
ZATU756 0.785 0.75969 -0.87511 0.036897 -0.18011 1.2414 -1.1004 0.16221 
BALA~A 0.59669 0.56992 -1.1219 0.072061 0.011882 0.79651 -0.8447 0.15429 
DARA4~C1 0.28751 0.66805 -1.089 7.2048e-05 -0.026781 0.92172 -0.66005 -0.14221 
NU@G 0.33609 0.33721 -0.75465 0.11979 0.014551 0.57488 -0.39069 0.095201 
|(UDU~AXTAR)~B| 0.30858 0.4687 -1.0109 0.13536 0.05311 0.80448 -0.50995 0.064387 
N24~B -0.0077277 0.64583 -2.4111 1.0438 0.22022 0.77481 -0.38016 0.32462 
|DUG~BXDIN| 0.29811 0.25299 -0.82683 0.071072 -0.11004 0.80518 -0.62812 0.12152 
GA2~B 0.7386 0.51079 -1.2689 0.09704 -0.18975 1.2571 -1.1364 0.09008 
|DUG~BXSZE~A| 0.2919 0.59945 -1.2221 0.049164 0.010423 1.305 -0.7437 0.11724 
AZ 0.40541 0.47414 -1.3296 0.29885 0.014584 0.63306 -0.4435 0.18319 
SZEN~A 0.92626 0.64596 -1.2476 -0.069585 -0.13505 1.39 -1.1644 0.14766 
N09 0.58254 -0.19746 -1.987 0.5388 0.34414 1.1458 -0.80169 0.95827 
SAG@N 0.35721 0.39527 -0.90321 0.22895 0.078338 0.6979 -0.47912 0.14843 
UR4~B 0.42019 0.46039 -1.3975 0.24153 0.058622 1.0561 -0.8039 -0.040872 
ZATU725 0.81029 0.73066 -0.77254 0.13631 -0.13084 1.081 -1.017 0.38051 
KID~A 0.81623 0.43215 -1.1322 0.0074127 -0.10139 0.92304 -0.87931 0.085502 
PAP@T 0.43701 0.48473 -1.2861 0.20823 0.08099 0.72181 -0.58874 -0.075956 
|SILA3~AXSZE~A@T| 0.38091 0.39944 -1.0056 0.037986 0.1128 1.0097 -0.56804 0.023058 
AGAR2 0.40277 0.28405 -0.87383 0.14342 -0.075688 0.6993 -0.5539 -0.098243 
ZATU777 0.8244 0.69209 -0.72152 0.1558 -0.12465 1.0598 -1.0059 0.33982 
NUN~C 0.59042 0.50406 -1.0569 0.071003 -0.075101 0.93018 -0.73555 0.10887 
BIR3~A 0.68567 0.40783 -1.0002 0.019819 -0.044544 0.87207 -0.76036 0.12821 
GA'AR~A2 0.2531 0.59635 -1.2086 0.45769 -0.065135 0.8282 -0.77628 -0.38826 
BARA3 0.2391 0.3659 -0.91367 0.14483 0.0083821 0.68319 -0.52565 0.044918 
ZATU651 0.85113 0.63475 -0.9243 0.10229 -0.24366 1.2694 -1.3224 -0.027498 
|SILA3~AXGARA2~A| 0.55284 0.46329 -1.1639 0.098248 -0.011057 1.1471 -0.73878 0.064002 
MUNSZUB~B 0.63703 0.50179 -1.3493 0.21964 -0.044281 1.0007 -0.81913 0.041286 
|SILA3~AXX| 0.49491 0.32295 -1.05 0.065739 0.052053 1.0357 -0.65078 0.049004 
|SIXKU~B1| 0.57396 0.72614 -1.6168 0.17932 -0.028097 1.205 -0.86597 -0.078725 
SILA4~A 0.73909 0.4539 -1.0953 0.12374 -0.12414 0.95294 -0.89151 0.203 
TI@T 0.293 0.58483 -1.1925 0.15134 0.094299 0.93157 -0.59888 0.05879 
N57.KU3~A| 0.28947 0.87318 -1.9749 0.089348 -0.71362 1.4332 -0.80121 -0.80026 
ZATU625 0.92514 0.55407 -0.80943 0.046252 -0.1969 1.1014 -1.1576 0.054696 
N01)| 0.2028 0.38179 -1.6611 0.26967 0.14519 1.152 -0.68476 0.7038 
|SILA3~AXSZU| 0.54287 0.3817 -1.112 0.050522 0.028016 1.1067 -0.69834 -0.02797 
BAN~A 0.88104 0.48584 -1.0795 0.070536 -0.12218 0.86248 -0.82589 0.19677 
GUM~A 0.71155 0.67074 -0.95801 -0.022393 -0.088151 0.98866 -0.90592 0.26483 
N08~B 0.5468 -0.20262 -2.3198 0.56627 0.25316 1.4897 -1.3155 0.69565 
SZIR~A 0.67338 0.53568 -1.1104 0.10204 -0.046986 0.90739 -0.87682 0.20326 
ZATU718 0.81059 0.84471 -1.0209 0.38533 -0.031926 1.1762 -0.92014 0.74594 
MUNU3 0.30336 0.28464 -0.77206 0.13615 -0.048288 0.61087 -0.42488 0.10289 
BAN~B 0.5499 0.38405 -1.0336 0.056338 -0.1359 0.96849 -0.81218 0.08242 
MIR~B 0.53521 0.26703 -0.96953 0.10206 -0.060948 0.85452 -0.75852 0.10839 
GU~A 0.93737 0.76139 -1.3806 0.049792 -0.12414 1.0891 -0.92698 0.24865 
SANGA~B 0.437 0.40274 -0.93659 0.11035 -0.050607 0.80621 -0.70839 -0.063689 
KISAL~A1 0.60941 0.32571 -0.87612 -0.024331 -0.058098 0.86629 -0.7038 -0.11111 
|DUG~BXMASZ| 0.28967 0.27421 -0.74472 0.012176 -0.085399 0.77403 -0.59253 0.11271 
NIR~B 0.56016 0.40219 -1.1156 0.078714 -0.13515 1.0518 -0.89606 0.0044149 
ZATU687 0.89013 0.57437 -0.81813 0.014198 -0.23341 1.1983 -1.2162 -0.074097 
NUMUN 0.39848 0.44354 -1.2136 0.29064 0.075386 0.64777 -0.51469 0.060892 
ZATU750 0.81266 0.69231 -0.8563 0.07797 -0.14078 1.1732 -1.0522 0.20413 
ZATU651@G 0.68598 0.5136 -0.80552 0.053871 -0.16898 1.0913 -1.0243 -0.0043425 
RAD~A@G 0.65689 0.42161 -1.1623 -0.0013769 0.059547 0.86628 -0.655 -0.064886 
GAZI 0.12298 0.11132 -0.36184 0.02706 -0.066652 0.46722 -0.34745 -0.013505 
KAL~B2 0.44543 0.48961 -1.1865 0.19729 0.014122 0.92803 -0.70997 0.097167 
ZATU694~D 0.7304 0.43114 -0.6321 -0.042088 -0.22964 1.0332 -1.0455 -0.076742 
|UR2XN57| 0.1544 0.41089 -0.991 0.014072 -0.3817 0.87463 -0.43028 -0.065193 
|GISZXSZU2~B| 0.38554 0.56552 -1.2082 0.2936 0.026529 0.88317 -0.64665 -0.18552 
RAD~B 0.6984 0.34503 -1.062 -0.095284 -0.039111 0.86921 -0.79933 -0.092985 
DU6~A 0.87856 0.65783 -1.1105 0.014538 -0.059654 0.98337 -0.92423 0.065356 
|GA2~A1XX| 0.40001 0.3751 -1.0295 0.14698 -0.072288 0.91865 -0.70451 0.11471 
N14| -0.011139 0.32842 -1.2851 0.11216 0.20676 0.88582 -0.57739 0.14281 
TAG~B 0.54247 0.4572 -1.0758 0.063684 -0.15347 0.95673 -0.80583 0.045611 
ZATU686~B 0.9773 0.55702 -0.9567 0.070417 -0.23024 1.1548 -1.1994 -0.042715 
N23 0.15807 1.0808 -2.0923 0.91326 0.41379 1.3171 -0.20782 0.80167 
NUNUZ~A2 0.61115 0.71112 -1.1862 -0.060882 -0.24925 0.9993 -0.73697 -0.2341 
SZE~A@T 0.007758 0.6809 -0.99547 -0.029916 0.23861 0.96283 -0.4908 0.022455 
EN~C 0.47189 0.72969 -1.3073 0.19878 0.096772 1.1755 -0.82388 0.036044 
GISZ3~A 1.0158 0.46958 -1.291 0.07685 -0.13363 1.016 -1.1268 0.046062 
|ZATU737XX| 0.53029 0.4599 -1.1384 0.34787 0.039598 0.98696 -0.75113 0.63638 
SUKUD 0.24625 0.35594 -1.0661 0.17104 -0.037686 0.83031 -0.57884 0.11419 
UTUA~B 0.40318 0.32266 -0.88802 0.0833 -0.077025 0.79435 -0.65338 0.051216 
UDUNITA~C 0.40247 0.34845 -0.91138 0.0047301 -0.086332 0.84211 -0.66959 -0.056521 
|(SZAXHI@G~A)~A| 0.28683 0.64376 -1.0823 0.4278 0.1804 0.72228 -0.22941 0.7439 
DAM 0.33387 0.40498 -0.7997 0.069775 -0.029621 0.62934 -0.3844 0.043919 
LUM 0.27987 0.3081 -0.77735 0.16312 0.078625 0.58954 -0.46669 3.1448e-05 
SZUR2~A 0.93352 0.63697 -1.0617 0.10498 -0.1446 1.0609 -1.0376 0.22048 
|NIR~AXAN| 0.22458 0.34659 -0.90956 0.16459 -0.011482 0.68546 -0.45332 -0.011826 
SIMUG 0.3345 0.32417 -0.7334 0.13547 0.017274 0.56929 -0.4222 0.12378 
UH3~A 0.71487 0.37135 -0.85509 0.047676 -0.055313 0.68991 -0.70824 0.15044 
ZATU749~A 0.78017 0.80273 -0.845 0.1119 -0.19739 1.0383 -0.97336 0.43562 
APIN~B 0.44381 0.45532 -1.028 0.048508 -0.053844 0.8863 -0.73981 -0.11541 
|GA2~A1XU4| 0.35703 0.32237 -0.87636 0.097198 -0.075716 0.82027 -0.6257 0.094158 
|KUR~A.E2~A| 0.46858 0.50846 -1.1153 0.093537 -0.15949 0.91924 -0.61507 -0.029174 
ZATU749~C 0.67135 0.67387 -0.76508 0.10399 -0.13596 1.0229 -0.91209 0.27073 
LUGAL 0.19747 0.34638 -0.71572 0.098379 0.020895 0.61776 -0.38308 0.03934 
N27 0.091421 1.0245 -1.6156 0.97348 0.39471 0.88477 0.20919 1.1613 
HI@G~B 0.50203 0.91543 -1.4973 0.55962 0.13086 1.004 -0.43874 1.0594 
|NUN~A+NAM2| 0.28047 0.41252 -0.99945 0.079509 0.024722 0.78846 -0.45761 -0.044442 
EN2 0.19132 0.47224 -1.0549 0.14351 0.037732 0.82471 -0.50049 0.046057 
|U4X(N14.N01 0.080505 0.61172 -1.4069 0.31294 -0.0053956 1.0223 -0.57269 0.74674 
TUM~C 0.47477 0.48146 -1.0405 0.11269 -0.070214 0.92724 -0.64786 0.071049 
IM~B 0.54909 0.4939 -1.2217 0.151 -0.14509 1.0045 -0.94838 -0.0074776 
MAH~A 0.5769 0.38072 -1.023 0.097334 0.034437 0.87421 -0.76641 0.36248 
|SZU2.E2~B| 0.40784 0.5635 -1.3277 0.20633 -0.016911 0.88544 -0.60097 -0.066489 
GUN3~A 0.76103 0.45198 -1.0448 0.051137 -0.073794 0.91012 -0.82868 0.11065 
|GA2~A1XKU6~A| 0.53073 0.53492 -1.2476 0.075336 -0.022531 1.117 -0.80832 0.073331 
ENKUM 0.1232 0.13353 -0.22025 0.028097 0.0063661 0.1839 -0.12869 -0.019125 
SZUR2~B 0.74989 0.59374 -1.127 0.063239 -0.17417 1.0549 -0.93957 0.032423 
UR4~A 0.63877 0.43549 -1.1553 0.19736 0.0010123 0.90779 -0.80001 0.2842 
KA2~A 1.019 0.61093 -1.3169 0.24784 0.0073506 1.1819 -1.0735 0.55249 
|(SUKUD+SUKUD)~B| 0.15049 0.24323 -0.83361 0.16335 0.042064 0.64788 -0.41602 0.11127 
BU~B 0.66262 0.50379 -1.2963 0.20862 -0.03875 1.0325 -0.87809 0.092226 
N35 0.28687 0.84651 -2.1045 0.063952 0.2593 0.82488 -0.33381 -0.060037 
TI~A 0.73154 0.50592 -0.99565 0.075687 0.025192 0.93711 -0.88839 0.42652 
ALIM 0.23163 0.2098 -0.48256 0.077765 0.055343 0.39092 -0.3088 0.078308 
EZINU~A 0.63787 0.52115 -1.2924 0.22377 -0.027546 0.89016 -0.71495 0.13764 
NUNUZ~A0 0.6528 0.55802 -1.0772 -0.051208 -0.24184 0.89204 -0.64048 -0.14651 
GALGA~A 0.49894 0.28579 -0.72413 0.053948 -0.059356 0.64323 -0.70443 0.12312 
|ZATU651XNUN~A| 0.57088 0.50821 -1.1833 0.23079 -0.007353 1.0405 -0.75262 0.32307 
ARARMA2~A 0.51979 0.39391 -0.75969 0.11996 -0.058055 0.67357 -0.59522 0.21001 
|NINDA2XX| 0.10066 0.31263 -1.0965 0.26328 -0.0090201 0.7187 -0.41765 0.09436 
UKKIN~B 0.50126 0.33496 -0.96216 0.084769 -0.061926 0.83235 -0.70178 0.038792 
|ZATU737XBUR~A| 0.64104 0.48534 -1.3246 0.31191 0.01798 1.1992 -0.84708 0.52654 
EN@G~B 0.36212 0.53153 -0.98539 0.076379 -0.062124 0.86302 -0.60124 0.10313 
SZE3@T 0.27446 0.4793 -0.94059 0.060604 0.10051 0.82669 -0.65024 -0.004587 
GURUSZDA~A 0.66533 0.36938 -1.116 0.11257 -0.044695 0.94821 -0.84641 0.037501 
ZATU623 0.8976 0.52986 -0.77611 0.0097662 -0.19045 1.108 -1.1639 -0.0092809 
|ZATU662XN14| 0.37048 0.31746 -0.77105 0.20999 0.017925 0.74815 -0.56548 0.37913 
KAR2~B 0.78564 0.4311 -1.1127 0.17599 -0.090938 0.96319 -0.90176 0.043463 
SUG 0.36786 0.55873 -1.0555 0.21554 -0.027146 0.72606 -0.48476 0.22962 
|U4.SZU2| 0.36941 0.27932 -1.1954 0.2181 -0.11672 0.94921 -0.64754 0.35506 
DARA4~C4 0.31765 0.598 -1.0287 0.012647 -0.020276 0.87147 -0.62021 -0.11674 
|GA2~BXDUB~A| 0.38122 0.41809 -1.1085 0.15377 -0.021131 0.8804 -0.6041 0.083889 
HALUB 0.15172 0.13635 -0.36622 0.022668 -0.036517 0.30693 -0.23249 0.027001 
UR3~B1 0.38716 0.44263 -0.99658 0.096345 -0.035939 0.89588 -0.61652 -0.0029835 
|MAH~AXMASZ| 0.16628 0.22877 -0.56793 0.033203 0.02498 0.48806 -0.34013 0.028794 
NANNA~A 0.57669 0.32404 -0.82717 0.14049 -0.044637 0.58414 -0.63237 0.19293 
KIB 0.45336 0.34413 -0.93862 0.11368 -0.0059762 0.78487 -0.52156 -0.0073936 
ZATU707~A 1.0092 0.60026 -1.0345 0.22429 -0.05276 1.1149 -1.1281 0.49011 
|ZATU737XU4| 0.47659 0.39794 -0.98094 0.26528 0.0045685 0.90009 -0.68896 0.56597 
|SILA3~AXSZU2| 0.58593 0.34549 -1.0922 0.044431 0.027549 1.0594 -0.6763 -0.041307 
GAL~B 0.50324 0.38984 -1.0983 0.1242 -0.088693 1.0133 -0.86374 0.012086 
GUB3~A 0.6051 0.41917 -1.1293 0.23418 0.01194 0.69896 -0.64328 0.1118 
ZATU681 0.89417 0.54586 -0.79334 0.04155 -0.23854 1.1428 -1.1872 -0.024688 
GUN3~B 0.45081 0.37404 -0.95233 0.11317 -0.041759 0.82544 -0.66874 0.072097 
SZENNUR~A 0.46441 0.32874 -0.74593 -0.030022 -0.098587 0.77355 -0.67128 0.091058 
NINKUM 0.13511 0.16271 -0.37108 0.037647 -0.028563 0.31161 -0.24828 -0.021997 
GIR3@G~C 0.42038 0.4762 -1.1765 0.048428 0.064143 0.96997 -0.61044 0.047883 
N06 0.26462 -0.21778 -1.5446 0.40769 0.23792 0.88963 -0.53562 0.67812 
NAM~A 0.79334 0.59932 -1.3316 0.13555 -0.077041 1.0328 -1.013 0.22755 
|DUG~BXBALA~A| 0.35768 0.39859 -0.98873 0.083778 -0.066568 0.91367 -0.66153 0.15002 
ZATU644~B 0.77292 0.50064 -0.89378 0.05666 -0.22565 1.1404 -1.1493 -0.063731 
|LAGAB~B.TE| 0.27635 0.14954 -1.2287 0.2906 0.19921 0.33161 -0.54397 -0.28922 
|DUG~BXKASKAL| 0.27713 0.23923 -0.6646 0.043184 -0.11299 0.68898 -0.51886 0.11259 
|GA2~A2X(GU4.SZE3)| 0.31441 0.41571 -1.1936 0.32398 0.042971 0.81071 -0.56783 0.22607 
|HIXN57| 0.14492 0.52787 -1.0739 0.052751 -0.37873 0.96854 -0.43725 -0.11124 
|DUG~BXN57| 0.29924 0.43902 -1.0905 0.0013119 -0.40121 1.1488 -0.72491 0.015199 
|LAGAB~AXSZA| 0.44268 0.36659 -1.2186 0.10677 0.020258 0.80954 -0.72374 -0.18432 
EZINU~D 0.30142 0.3031 -1.0651 0.31721 0.039062 0.68192 -0.47075 0.12131 
SZURUPPAK~B 0.573 0.5041 -1.008 0.061079 -0.080491 0.93839 -0.77588 0.00020494 
GISZGAL 0.48781 0.36617 -0.99138 0.13601 0.00082038 0.75563 -0.65724 -0.093354 
SIG2~D1 0.36355 0.22681 -0.517 0.080222 -0.096038 0.54705 -0.48181 0.099855 
|SILA3~AXNI~A| 0.54577 0.47691 -1.2562 0.10877 0.031363 1.1659 -0.68429 0.055702 
|GA2~A1XGESZTU~C5| 0.30875 0.28727 -0.73652 0.073122 -0.088163 0.68136 -0.52182 0.13825 
ZATU646 0.88676 0.63588 -1.0894 0.095882 -0.26305 1.3286 -1.3375 -0.17516 
IL 0.24285 0.64614 -1.2951 0.2481 0.15656 1.0526 -0.5416 -0.13133 
|KU6~A+KU6~A| 0.40743 0.39994 -1.0103 0.035049 0.012425 0.81843 -0.5227 0.04689 
SZAB~B 0.43274 0.41262 -1.2903 0.14978 -0.014237 0.95394 -0.9475 -0.011293 
|GA2~A1XSUKUD| 0.3106 0.32152 -0.9162 0.12174 -0.043762 0.81367 -0.61403 0.076124 
ZATU786 0.84293 0.73538 -0.85092 0.15192 -0.15727 1.0884 -1.0283 0.34262 
TUR3~B 0.58028 0.37344 -1.1235 0.12535 -0.02645 0.9157 -0.67869 0.13064 
ANSZE~A 0.32208 0.63287 -1.0549 0.028028 0.29704 0.90166 -0.52856 0.10343 
N16 0.084688 0.28547 -1.6001 0.32298 0.25157 0.82431 -0.54905 0.086525 
|SILA3~AXKU6~A| 0.5991 0.47523 -1.2617 0.04155 0.059517 1.163 -0.71747 0.0452 
SZA3~C 0.54728 0.59074 -1.0922 0.10317 -0.055857 1.0618 -0.86682 0.062132 
SIG2~E 0.42441 0.21986 -0.71443 0.067901 -0.13498 0.67468 -0.59587 0.14365 
LAHTAN2 0.017181 0.109 -0.26991 0.014049 0.04829 0.29519 -0.17187 0.024142 
|USZ~A&USZ~A| 0.33705 0.34156 -0.9056 0.068814 -0.0058779 0.83268 -0.465 0.11915 
NIGIN 0.29843 0.3472 -0.77706 0.13621 -0.00029672 0.62707 -0.44042 0.014844 
TAG~A2 0.25397 0.40025 -0.76713 0.17196 0.013435 0.55816 -0.42592 0.10398 
SUR 0.2679 0.4041 -0.87901 0.033594 -0.11418 0.7501 -0.51705 0.10325 
|DUG~BXHI| 0.30791 0.27233 -0.75554 0.047695 -0.13036 0.84792 -0.63347 0.16984 
|MAXMA| 0.28733 0.29588 -0.72151 0.091801 -0.026017 0.59489 -0.33575 0.03067 
KAD4~A 0.45644 0.25516 -0.70861 0.10696 0.0056451 0.5528 -0.58553 0.23592 
DANNA 0.24406 0.29829 -0.8294 0.15302 0.029127 0.61151 -0.40194 0.039938 
|DUG~BXNAGA~A| 0.41346 0.38678 -0.99914 0.085941 -0.11625 0.96379 -0.69112 0.18196 
TUR@G 0.35125 0.28713 -0.80887 0.076395 9.4001e-05 0.70245 -0.44229 0.074414 
AD~C 0.55502 0.52616 -1.0387 0.15671 -0.041812 0.94885 -0.63035 0.075644 
GUKKAL~C 0.34523 0.38813 -0.84002 0.1551 -0.063936 0.72338 -0.56717 0.10791 
UR3~B2 0.28821 0.40473 -0.962 0.11976 0.056485 0.81467 -0.51249 0.066413 
|SZU2.E2~A| 0.59505 0.70854 -1.5557 0.21066 -0.045401 1.207 -0.77412 -0.039609 
IR11 0.32562 0.27688 -0.7148 0.14743 0.0049864 0.47957 -0.34285 0.084619 
URI5 0.37766 0.18881 -0.75019 0.093324 -0.02612 0.62684 -0.47108 -0.001065 
USZ~B 0.54974 0.32366 -1.1146 0.030638 -0.11182 0.92043 -0.71305 0.11475 
|DUG~AXN57| 0.28246 0.5434 -1.253 0.099416 -0.24856 1.161 -0.64864 0.096898 
ZA~V 0.20977 0.19314 -0.19969 -0.0023251 -0.02798 0.2602 -0.27032 -0.099447 
GISZIMMAR~A2 0.36502 0.43698 -1.1731 0.17553 -0.024812 0.87609 -0.80397 -0.069096 
ZATU694~B 0.87109 0.53152 -0.93766 0.013473 -0.24504 1.247 -1.2512 -0.076194 
KUR@G~A 0.55902 0.64508 -0.8937 0.2409 0.034961 0.71162 -0.50493 0.55621 
SAG@G 0.37665 0.47511 -1.0194 0.17858 0.12007 0.86549 -0.57995 0.15393 
ZATU728 0.77983 0.72122 -0.72167 0.10493 -0.15103 1.0398 -1.0024 0.31339 
ANSZE~E 0.20701 0.30258 -0.87601 0.10298 0.16096 0.6893 -0.35655 0.0054182 
ZATU679 0.82415 0.59488 -0.77451 0.027648 -0.19445 1.1141 -1.136 -0.014367 
|DU8~CXAMAR| 0.22338 0.28024 -0.77175 0.088099 -0.076355 0.62096 -0.48651 -0.080985 
|EZEN~AXSU~A| 0.46183 0.43879 -1.1836 0.16772 -0.020086 0.8791 -0.58197 -0.014339 
ALAN~A 0.76668 0.42389 -0.9794 0.049775 -0.098446 0.77708 -0.73959 0.13794 
|DARA3~DXKAR2| 0.27004 0.17466 -0.59958 0.043616 0.060745 0.40661 -0.29447 -0.027587 
N29~B 0.21753 1.0485 -2.1319 0.86814 0.15565 0.98607 -0.45543 0.51316 
GI4~B 0.56775 0.38602 -1.2685 0.15954 -0.011557 0.83568 -0.79779 -0.026866 
GESZTIN~A 0.65884 0.44824 -0.97446 0.079486 -0.05374 0.82296 -0.70811 0.19762 
GIR~B 0.75328 0.36391 -1.2139 -0.0061556 -0.11622 1.2001 -0.98299 0.070273 
NA~B 0.74318 0.45571 -1.1781 0.18535 -0.15475 1.0413 -0.93535 0.11752 
ZATU628~B 0.90623 0.49362 -1.0011 0.080537 -0.12592 1.1087 -1.1151 0.030675 
RI8~A 0.53251 0.33236 -0.64393 0.041393 -0.026291 0.51568 -0.54709 0.17885 
UBI~C 0.25991 0.54722 -0.98113 0.15042 0.004807 0.70822 -0.48238 0.052888 
KIN2~C 0.36732 0.38077 -0.96964 0.11417 0.035431 0.82056 -0.57456 0.02363 
N34@F 0.10431 0.56905 -1.682 0.10597 0.14805 0.87371 -0.42141 0.19208 
|(BU~A&BU~A).NA2~A| 0.24668 0.32956 -0.70782 0.080673 -0.023203 0.58163 -0.38012 0.032598 
UR3~A3 0.26279 0.35953 -0.8547 0.090773 0.082365 0.79536 -0.46704 0.049602 
IB~B 0.58063 0.39197 -1.0807 0.12675 -0.046593 0.84644 -0.86656 -0.080639 
ZATU676~A 0.98043 0.60318 -0.90517 0.070894 -0.2026 1.0981 -1.1519 0.061818 
MA2 0.23552 0.34671 -0.86499 0.094447 0.03463 0.76407 -0.57793 -0.039021 
ZAR~C 0.44065 0.53715 -0.82627 0.1574 -0.083822 0.79213 -0.69369 -0.0087404 
NAM2@T 0.29782 0.32199 -0.83115 0.096835 -0.0021461 0.56037 -0.42674 -0.0022071 
|SAGXGESZTU~A| 0.47111 0.50964 -1.1127 0.11642 -0.084403 0.98401 -0.60933 0.134 
ZATU735~A 0.83784 0.77383 -1.1667 0.22441 -0.0027907 1.0431 -1.0433 0.35808 
GESZTU~C3 0.31691 0.34517 -0.68513 0.045028 -0.1158 0.66315 -0.44288 0.2399 
N37 0.092702 1.2978 -1.9227 0.75713 0.42419 0.57807 -0.070409 0.89026 
|SILA3~AXGA~A| 0.56842 0.42473 -1.2167 0.095738 0.029158 1.1525 -0.7216 0.088984 
ZATU630 0.83728 0.5491 -0.76978 0.012185 -0.23495 1.1264 -1.166 -0.028463 
ZATU732 0.83777 0.70512 -0.91837 0.15254 -0.1577 1.129 -1.0876 0.34488 
SZAKIR~B 0.57205 0.56169 -1.0963 0.089553 -0.13532 1.0599 -0.87979 0.09624 
ALAN~C 0.45044 0.4481 -1.0945 0.17845 -0.01554 0.90018 -0.66179 0.029407 
BUR~B 0.61464 0.42738 -1.0906 0.074508 -0.13823 1.1071 -0.93011 -0.038722 
|BAD&BAD| 0.29024 0.32625 -0.7738 0.13013 -0.022737 0.56952 -0.36382 0.1175 
ZATU811 0.71162 0.56935 -0.79269 0.11555 -0.093666 0.98035 -0.89262 0.12831 
|BU~A.DU6~A| 0.42784 0.59639 -1.1976 0.11952 0.044193 0.88921 -0.53032 0.011311 
|DUG~BXHI@G~A| 0.45467 0.79428 -1.4052 0.4772 0.14162 1.1269 -0.51355 0.92711 
ZATU713 0.83169 0.84408 -0.84409 0.28279 -0.048622 1.081 -0.89215 0.71637 
|SILA3~AXDUG~A| 0.50507 0.53725 -1.2475 0.16955 0.11621 1.1975 -0.62492 0.21907 
ZATU639 0.85626 0.52667 -0.77599 0.020203 -0.23156 1.1482 -1.1785 -0.012632 
NA2~B2 0.36528 0.31353 -0.89358 0.1325 -0.064698 0.70761 -0.54893 0.13802 
ZATU809 0.69768 0.58107 -0.78072 0.098059 -0.13813 0.99237 -0.90013 0.11044 
KAR 0.46639 0.27311 -0.98562 0.23092 0.018745 0.81631 -0.77205 0.12902 
ZATU762~A 0.97175 0.75203 -0.9432 0.23282 -0.06606 1.068 -1.0182 0.57645 
|DUG~BXGISZ| 0.32992 0.25012 -0.73986 0.070804 -0.091934 0.70757 -0.59351 0.084481 
ZATU676~B 0.87296 0.56373 -0.94542 0.080237 -0.19927 1.1251 -1.1106 0.0080849 
N24' -0.21337 0.73742 -1.6067 0.82407 0.13226 0.76074 0.046452 0.73602 
ZATU682 0.90123 0.54723 -0.78798 0.046965 -0.25021 1.1364 -1.2067 -0.02789 
DARA3~C 0.44774 0.49417 -1.0539 0.094377 0.013313 0.9202 -0.67349 -0.015966 
|DUG~BX(SZE~A.NAM2)| 0.17421 0.30414 -0.731 0.015188 0.024429 0.71694 -0.46929 0.057819 
ZATU819 0.69866 0.56237 -0.83304 0.12341 -0.10781 0.91875 -0.91213 0.06521 
NANSZE~B 0.39277 0.4139 -1.1926 0.1758 0.11494 0.95009 -0.58551 0.047807 
DU7 0.34708 0.39821 -0.93201 0.17956 0.099256 0.75237 -0.51315 -0.071052 
ALAN~B 0.52678 0.34134 -0.93981 0.062743 -0.11118 0.8531 -0.72183 0.038497 
|SILA3~AXHI| 0.47795 0.33125 -0.98834 0.073547 0.050784 0.97881 -0.61359 0.063922 
LI 0.12576 0.21619 -0.43281 0.096505 0.046217 0.29419 -0.1836 0.060867 
ZATU821 0.7442 0.63396 -1.0122 0.21245 -0.08814 1.1194 -0.88672 0.10809 
SZIR~B 0.50996 0.57477 -1.1224 0.060476 -0.053683 1.0599 -0.87576 0.1142 
KISAL~B2 0.5564 0.47671 -1.1078 0.086296 0.0035225 0.96021 -0.7241 -0.015972 
NAGA~B 0.61264 0.39729 -0.9666 0.16248 -0.18071 0.82691 -0.77745 0.13135 
KUSZU2~B 0.53477 0.42085 -0.91968 0.074249 -0.15988 0.87302 -0.70246 0.0085966 
GADA~B@G 0.17027 0.18586 -0.43806 0.024004 -0.061484 0.46273 -0.37771 0.0086038 
|NINDA2XN01| 0.11875 0.31936 -1.0223 0.16785 -0.09408 0.73999 -0.41029 0.13798 
LISZ 0.42587 0.24711 -0.52583 -0.036796 -0.037853 0.53244 -0.52899 -0.092443 
|DUG~BXTI| 0.25984 0.21783 -0.64931 0.043078 -0.11363 0.74533 -0.58206 0.13967 
ZAG~C 0.3896 0.45019 -0.80427 0.051945 -0.11098 0.77535 -0.65624 -0.060341 
|HI.SUHUR| 0.074966 0.12461 -0.3638 0.046952 -0.022307 0.3239 -0.21604 0.054495 
N43 -0.12396 0.93329 -2.0492 0.76447 0.5885 0.70368 -0.2417 0.57448 
|MAH~AXX| 0.15006 0.22468 -0.63291 0.10894 0.040239 0.48385 -0.34324 0.088521 
|DU8~CXUDU~A| 0.34801 0.50372 -1.1276 0.11563 -0.013455 0.95286 -0.66009 -0.015022 
|(UDU~AXTAR)~A| 0.39607 0.54398 -1.1751 0.14982 0.046087 0.97383 -0.57934 0.12577 
ZATU697~B 0.85364 0.5478 -0.94482 0.047313 -0.25717 1.2108 -1.1779 -0.0017747 
|SILA3~AXGESZTU~C3| 0.38829 0.28339 -0.80843 0.045385 -0.016526 0.80492 -0.51563 0.11833 
ZATU729 0.80278 0.72603 -0.75393 0.12014 -0.11288 1.0645 -0.99845 0.31506 
BIR3~B 0.46709 0.38717 -0.95375 0.065239 -0.068653 0.82857 -0.6834 0.056978 
|DUG~BXGESZTU~A| 0.41009 0.44419 -1.0484 0.075821 -0.12037 1.0137 -0.69528 0.20495 
TILLA2 0.20282 0.23762 -0.54951 0.15634 0.041945 0.38568 -0.26027 0.050449 
N08)| 0.015132 -0.50194 -1.6408 0.42102 0.15559 1.3479 -0.93887 0.9028 
EZEN~C 0.54811 0.50442 -1.3493 0.20521 -0.035671 1.1224 -0.85862 0.042125 
|U4.(N14.N08 -0.064483 -0.082963 -1.3882 0.37966 -0.01773 1.1908 -0.83227 0.99658 
|DUG~BXSI4~A| 0.37911 0.39911 -1.0268 0.12276 -0.094552 0.95459 -0.67429 0.1846 
MUSZ3~A@G 0.43377 0.28052 -0.90218 0.057913 -0.1611 0.84087 -0.65235 0.12284 
HI~A@G 0.33642 0.45444 -1.0042 0.18032 0.046286 0.74026 -0.45548 0.12117 
|N58.BAD~B| 0.1859 0.43604 -0.8855 0.1428 -0.054372 0.61858 -0.32192 0.14884 
|EN~A+NUN~B| 0.25384 0.22918 -0.62996 0.080559 0.007748 0.47794 -0.3392 -0.015069 
|DUG~BXSA~A| 0.42169 0.40458 -1.0577 0.086037 -0.10952 1.0451 -0.74039 0.17632 
N57.EN2| 0.16199 0.62964 -1.6412 0.1364 -0.64443 1.0627 -0.6137 -0.80266 
SIPA 0.40037 0.36308 -0.94387 0.14557 -0.040556 0.66573 -0.52792 0.153 
KALAM~G 0.40201 0.35236 -0.93156 0.20936 0.051514 0.68057 -0.51317 0.12124 
TUKU 0.17195 0.090339 -0.408 0.043276 0.012769 0.35682 -0.24124 0.053579 
GISZIMMAR~A1 0.46327 0.37155 -1.1085 0.096498 -0.061602 0.91453 -0.82622 -0.073329 
|GIXKU~B1| 0.42541 0.58839 -1.381 0.19993 -0.024069 0.98918 -0.72127 -0.087003 
UNUG~B 0.56178 0.41389 -1.1758 0.16769 -0.036843 1.0652 -0.80722 0.19296 
SZITA~B3 0.31255 0.48469 -0.77798 0.047944 -0.036108 0.72819 -0.5903 -0.05521 
|URU~A1XN57 0.21412 0.54527 -1.2252 -0.067754 -0.43699 1.0505 -0.53134 -0.14793 
N42~B 0.60073 1.1328 -2.0011 1.0167 0.65351 0.90335 -0.3894 1.2899 
ZATU839 0.68595 0.55526 -0.72385 0.082232 -0.11221 0.96692 -0.88968 0.090546 
ZATU847 0.75497 0.67639 -0.89012 0.11601 -0.091074 1.0784 -0.95114 0.18421 
ZATU711 0.87446 0.89933 -0.95182 0.34412 -0.034623 1.1494 -0.95012 0.75886 
AMA~B 0.54819 0.41691 -1.0029 0.13027 -0.13571 0.8259 -0.65438 0.050785 
ZATU669 0.88707 0.55249 -0.78241 0.042909 -0.22368 1.1466 -1.18 0.047158 
TUM~B 0.59886 0.49872 -1.0341 0.028745 -0.17407 1.0075 -0.81963 0.0519 
SUHUR@T 0.20659 0.31028 -0.88755 0.063418 -0.065628 0.74918 -0.55218 0.12063 
ZATU680~B 0.87185 0.53793 -0.88882 0.051398 -0.20019 1.099 -1.1345 -0.031365 
ZATU631 0.84639 0.52878 -0.79084 0.032911 -0.24112 1.1133 -1.1581 -0.019608 
|E2~BXN57@T| 0.24796 0.42385 -1.1007 0.16644 -0.12767 0.68685 -0.39592 -0.032281 
DA~B 0.63384 0.46622 -1.1227 0.081136 -0.15508 1.0122 -0.88739 0.03724 
|UKKIN~BXDIN| 0.16403 0.15346 -0.52506 0.057809 -0.028695 0.42522 -0.31103 0.06886 
NANSZE~A 0.29846 0.60789 -0.97976 0.067068 0.23446 0.84695 -0.47651 0.11658 
SU3 0.28382 0.32478 -0.82101 0.090292 -0.070723 0.61547 -0.40121 0.01729 
NA2~B1 0.47005 0.36012 -0.90459 0.057069 -0.13834 0.79834 -0.63684 0.028066 
UDU~C 0.33485 0.43555 -0.82845 0.0077454 -0.023007 0.87074 -0.70545 0.020702 
ENDIB 0.065401 0.078741 -0.15819 0.015987 0.0020056 0.1014 -0.076469 -0.00038139 
UR3~A2 0.35926 0.46588 -1.0231 0.12683 0.025653 0.85521 -0.60285 -0.027693 
SZEN~E 0.24414 0.3787 -0.74441 -0.1221 -0.088352 0.91185 -0.68631 5.0102e-05 
UR~B 0.70039 0.48544 -1.4111 0.11629 -0.098827 1.3651 -1.1526 0.018647 
KA2~B 0.73929 0.40271 -1.334 0.17451 -0.068782 1.0857 -0.90623 0.24411 
BAPPIR~D 0.15254 0.14711 -0.49508 0.12026 0.020438 0.3276 -0.23859 -0.0069744 
EZINU~C 0.3903 0.42704 -1.194 0.33568 0.018357 0.82518 -0.56863 0.14421 
DARA4~B 0.49607 0.66988 -1.4406 0.11002 -0.025807 1.0957 -0.86697 -0.11576 
SZITA~B2 0.37473 0.62343 -1.0646 0.075075 -0.035812 0.96485 -0.75274 -0.013945 
ZATU624~A 0.84034 0.50242 -0.96859 0.13178 -0.16917 1.0229 -1.0844 0.13442 
NUNUZ~B1 0.6495 0.59002 -1.0897 -0.035355 -0.25892 0.93302 -0.71593 -0.1323 
ZATU621~A 0.93263 0.53863 -0.84571 0.047805 -0.15766 1.0245 -1.0992 0.092005 
LAL3~A 0.7228 0.3443 -0.85242 0.027181 -0.083271 0.70816 -0.70694 0.10957 
ANSZE~F 0.17298 0.28703 -0.81664 0.10805 0.13992 0.64129 -0.32751 0.015758 
|GA2~A1XHI| 0.36927 0.35076 -0.91539 0.1192 -0.039499 0.83935 -0.64218 0.1115 
TA~A 1.0624 0.5906 -1.3644 0.066431 -0.12291 1.1067 -1.2298 0.22245 
EDIN 0.23508 0.16853 -0.38553 0.078796 0.046301 0.25309 -0.25596 0.037728 
|LAGAB~AXPA~A| 0.43832 0.35563 -1.2181 0.13104 0.043613 0.79267 -0.6944 -0.13356 
DARA4~C3 0.29246 0.59671 -1.0185 0.0050775 -0.018123 0.87014 -0.61644 -0.10988 
USZUMGAL 0.26026 0.25071 -0.61214 0.086584 -0.056915 0.53322 -0.39242 0.0002286 
ZATU636 0.88563 0.53166 -0.88714 0.049342 -0.1984 1.1094 -1.1828 -0.068565 
URUDU@G~D 0.27551 0.32341 -0.7052 0.066569 0.0034336 0.62911 -0.43851 0.050035 
|(SUKUD+SUKUD)~A| 0.21133 0.3386 -0.97316 0.16099 0.028434 0.79843 -0.48147 0.15259 
|NINDA2XHI| 0.11566 0.30165 -0.89646 0.21363 -0.01117 0.6265 -0.35519 0.082199 
|SZE~A.KIN2~C| 0.098779 0.38142 -0.75625 0.029442 0.18056 0.7465 -0.34993 -0.046152 
ME3 0.24676 0.22546 -0.48332 0.053348 0.032269 0.42121 -0.31355 0.066401 
SAR~B 0.55481 0.53253 -1.0818 0.13301 -0.039691 1.0593 -0.86199 0.075989 
|GA2~A1XGIR~A| 0.49567 0.43068 -1.1964 0.15732 -0.052144 1.0408 -0.71573 0.13429 
|U4+N08| 0.033729 -0.076279 -0.79037 0.16908 -0.091477 0.755 -0.48184 0.5466 
ABZU 0.11041 0.018217 -0.1088 0.013617 -0.0029968 0.090318 -0.073225 -0.0040174 
SUHUR@N 0.15349 0.21602 -0.68482 0.028951 -0.072531 0.63154 -0.4468 0.10713 
ZATU624~B 0.81061 0.5134 -1.0505 0.15618 -0.13072 1.0477 -1.0735 -0.040433 
DIB 0.19352 0.22818 -0.58763 0.051997 0.0073543 0.44625 -0.28652 0.033092 
ZATU678 0.85434 0.55259 -0.78428 0.018581 -0.2077 1.1151 -1.1451 -0.025416 
ZATU757 0.84204 0.6926 -0.89088 0.034193 -0.26452 1.1423 -1.0592 0.18546 
URUDU@G~A 0.53417 0.61051 -1.0257 0.17851 0.048748 0.8661 -0.60351 0.41617 
SILA3~B 0.66032 0.34559 -1.0581 0.061661 -0.043832 1.0449 -0.82995 0.073251 
LAGAR~B1 0.47431 0.3189 -0.93237 0.062782 -0.15717 0.84188 -0.89164 -0.11074 
KUR~B 0.64194 0.49323 -0.9805 -0.021706 -0.23389 1.0764 -0.89334 -0.094636 
MURUB2 0.29985 0.38057 -1.0125 0.1559 -0.018355 0.68768 -0.52596 0.076045 
|ZATU714XHI@G| 0.44738 0.82589 -1.2204 0.75047 0.3629 0.83836 -0.24186 1.4898 
|GA2~A1XSUHUR| 0.30231 0.30772 -0.87928 0.10811 -0.063982 0.78001 -0.60406 0.081093 
|SZITA~A1XUDU~A| 0.39987 0.52399 -1.0516 0.033269 0.00013153 0.98201 -0.6832 -0.046328 
IB~C 0.39998 0.50401 -0.93976 0.22585 -0.0061728 0.74976 -0.60285 0.064619 
|EZEN~AX(U2~B.A)| 0.29682 0.21779 -0.68556 0.12368 -0.0049214 0.52611 -0.38004 0.030078 
MUD3~D 0.28473 0.27203 -0.83509 0.16526 0.0059169 0.55834 -0.42927 0.14799 
|GIXSZE3| 0.1769 0.25138 -0.72661 0.1237 0.048679 0.57954 -0.39812 -0.018697 
ZATU751~B 0.85972 0.64473 -1.0466 0.17983 -0.14091 1.0506 -1.0221 0.14065 
|SILA3~AXHASZHUR| 0.38665 0.31733 -0.88552 0.055455 0.013443 0.84393 -0.58162 0.035824 
ZATU762~B 0.84457 0.68169 -0.9445 0.17352 -0.13743 1.0892 -0.99565 0.38941 
|(DUBXDISZ)~A| 0.24188 0.28201 -0.67608 0.12024 -0.0017355 0.51572 -0.31408 0.070037 
KAL~A 0.85036 0.52553 -1.1937 0.14602 -0.025328 1.0297 -0.97144 0.31521 
KID~C 0.40406 0.39244 -1.0103 0.12843 -0.054217 0.92039 -0.66595 -0.0047619 
GAL 0.26786 0.60393 -1.2232 0.13491 0.0049122 1.4029 -0.91289 -0.080909 
|NUN~A+EN~B| 0.29742 0.30613 -0.76503 0.064028 -0.049141 0.59296 -0.38283 0.031208 
|DUG~BXANSZE~B| 0.23744 0.27818 -0.86365 0.090788 -0.0017001 0.79803 -0.51202 0.092728 
NAM~D 0.35473 0.26908 -0.98057 0.25685 0.070272 0.54775 -0.45677 0.062604 
GU4@G 0.24 0.40173 -0.94608 0.21947 0.083832 0.80378 -0.41915 0.16808 
ZATU695 0.89911 0.54187 -0.74267 -0.017245 -0.29253 1.2024 -1.2473 -0.0246 
N57.SZUBUR| 0.41454 0.6612 -1.4548 0.19894 -0.4722 1.0746 -0.65418 -0.39585 
ZATU696 0.88285 0.54465 -0.76244 -0.0042723 -0.26963 1.1886 -1.2245 -0.033677 
SZE~B 0.41042 0.75624 -1.5927 0.072642 0.16389 1.4103 -0.93753 0.07729 
|U4XN14| -0.042674 0.33926 -0.94291 0.035552 -0.28122 0.93422 -0.39305 0.53671 
|DUG~BXTAK4~A| 0.39431 0.34716 -0.98757 0.079259 -0.098437 0.97871 -0.68511 0.14356 
