719 8
</s> -1.4237 1.1308 0.062717 -0.26047 0.63498 0.64364 0.86826 -0.20892 
... -1.4358 1.2084 0.21613 -0.22863 0.60122 0.79077 0.99063 -0.24319 
X -1.3559 1.1568 0.21926 -0.19275 0.52197 0.65829 0.91649 -0.27797 
EN~A -1.8957 1.4626 0.27629 -0.25967 0.79544 0.93248 1.207 -0.26893 
GAL~A -1.4563 1.1401 0.20025 -0.20008 0.64906 0.68469 0.92163 -0.23595 
SZE~A -2.224 1.8041 0.31291 -0.31224 0.97538 1.091 1.381 -0.36853 
AN -1.7144 1.3382 0.22259 -0.29151 0.67379 0.8069 0.97058 -0.32739 
PAP~A -1.5435 1.2212 0.25629 -0.2037 0.63973 0.79421 0.94285 -0.25913 
BA -1.6531 1.2892 0.18872 -0.25994 0.75872 0.81961 0.93818 -0.30885 
SAL -1.8771 1.4646 0.26478 -0.31611 0.80276 0.95705 1.092 -0.28379 
N -0.5962 0.52676 0.13364 -0.096147 0.16717 0.21593 0.28418 -0.031086 
SANGA~A -1.4193 1.1271 0.22528 -0.23113 0.63866 0.69873 0.90898 -0.25678 
NUN~A -1.8162 1.4586 0.29233 -0.24649 0.80301 0.9352 1.1984 -0.32423 
GI -1.6567 1.2968 0.24363 -0.19313 0.72516 0.79291 0.99598 -0.326 
SZU -2.1114 1.6246 0.31587 -0.3396 0.88266 0.99139 1.2801 -0.29827 
E2~A -1.8097 1.4738 0.28222 -0.23276 0.79004 0.90286 1.139 -0.29374 
UDU~A -1.7698 1.3944 0.25567 -0.24486 0.7504 0.86749 1.1087 -0.25393 
A -1.4923 1.1637 0.24858 -0.31922 0.4944 0.70545 0.89639 -0.2645 
BU~A -1.6915 1.4037 0.25651 -0.23563 0.72625 0.89632 1.0703 -0.27193 
KI -1.716 1.3463 0.14911 -0.24203 0.68217 0.86986 1.0487 -0.24824 
NAM2 -1.3899 1.0589 0.2122 -0.2371 0.63602 0.72896 0.84199 -0.27676 
U4 -1.4209 1.0859 0.2196 -0.2158 0.62213 0.61203 0.81344 -0.21613 
DU -1.5913 1.2829 0.16496 -0.19411 0.6292 0.84132 1.0184 -0.23537 
PA~A -1.695 1.3919 0.22806 -0.27097 0.76232 0.87415 1.068 -0.33669 
ME~A -1.5515 1.2073 0.25529 -0.16384 0.67385 0.7437 0.96612 -0.27512 
SAG -1.6262 1.2162 0.26262 -0.28862 0.67811 0.73872 1.0269 -0.22675 
AB~A -1.7556 1.4111 0.25117 -0.28657 0.72839 0.85542 1.0723 -0.30454 
SI -1.7113 1.3537 0.25202 -0.22431 0.73986 0.81029 1.0789 -0.31853 
GISZ -1.8143 1.4129 0.29843 -0.29789 0.75712 0.88659 1.0803 -0.29754 
KU6~A -1.6529 1.3311 0.25701 -0.21798 0.68886 0.7747 0.99204 -0.26061 
TUR -1.4679 1.1566 0.25078 -0.19084 0.61588 0.6782 0.84319 -0.22128 
BAR -1.4472 1.1963 0.22904 -0.22313 0.63342 0.74356 0.83118 -0.25325 
AB2 -1.2064 0.87578 0.16422 -0.23135 0.53298 0.54435 0.76231 -0.16354 
GAR -1.5563 1.2598 0.22829 -0.27839 0.66449 0.75518 1.0024 -0.2792 
SZITA~A1 -1.7867 1.3675 0.24113 -0.26177 0.74292 0.85933 1.0892 -0.28076 
HI -1.2134 0.97549 0.22021 -0.25356 0.47449 0.5748 0.74509 -0.15333 
TUG2~A -1.7764 1.4141 0.29548 -0.29817 0.78566 0.88698 1.1248 -0.26889 
NE~A -1.5262 1.2353 0.27437 -0.2101 0.66858 0.7788 0.92662 -0.25641 
GU7 -1.2799 1.0264 0.20691 -0.22972 0.58018 0.64046 0.80668 -0.17181 
TE -1.1338 0.92321 0.12094 -0.17083 0.47336 0.51038 0.74754 -0.1599 
SUHUR -1.0336 0.83735 0.15131 -0.17384 0.43134 0.51691 0.63719 -0.17275 
IB~A -1.6169 1.2478 0.25304 -0.22222 0.70556 0.82515 0.93286 -0.223 
SZU2 -1.6935 1.325 0.25303 -0.26814 0.72766 0.82344 1.055 -0.24016 
SZUBUR -1.4963 1.1703 0.23163 -0.27114 0.6456 0.71441 0.91457 -0.26823 
MUSZ3~A -1.5953 1.2677 0.23218 -0.27828 0.68936 0.79382 1.0216 -0.23752 
NI~A -2.0531 1.6375 0.27511 -0.29454 0.92104 0.96349 1.2821 -0.34866 
MUSZEN -1.4936 1.1846 0.20238 -0.26732 0.65321 0.72279 0.92987 -0.21381 
SU~A -1.7909 1.4576 0.28476 -0.27174 0.78437 0.94299 1.1237 -0.26862 
UNUG~A -1.5513 1.2601 0.30671 -0.24552 0.70935 0.76599 1.0069 -0.24911 
GA~A -1.9945 1.5668 0.29522 -0.33175 0.90809 0.99899 1.3014 -0.35324 
DUG~A -1.9 1.5162 0.32146 -0.27799 0.84338 0.96353 1.1909 -0.34054 
DA~A -1.8313 1.4931 0.26291 -0.2505 0.83174 0.90069 1.1791 -0.29264 
KUR~A -1.7516 1.4532 0.25431 -0.27921 0.76687 0.89854 1.0833 -0.23867 
RAD~A -1.6145 1.2614 0.25385 -0.24259 0.72737 0.7865 1.0214 -0.27274 
UD5~A -1.1467 0.90632 0.2096 -0.19144 0.50356 0.57654 0.75402 -0.19208 
DUG~C -1.4856 1.1551 0.21861 -0.20157 0.61186 0.74118 0.90195 -0.25259 
KISAL~B1 -1.4876 1.1989 0.18086 -0.21647 0.65933 0.72957 0.89261 -0.24712 
APIN~A -1.4251 1.1333 0.21493 -0.19749 0.64803 0.71727 0.85679 -0.21646 
MASZ -1.5254 1.2388 0.20352 -0.2633 0.65081 0.79488 0.94871 -0.24335 
ERIM~A -1.6169 1.2494 0.21326 -0.24681 0.64109 0.75441 0.97007 -0.27819 
KU3~A -1.6108 1.2986 0.23864 -0.24234 0.70119 0.76236 1 -0.24126 
UDUNITA~A -1.1396 0.8847 0.17401 -0.17565 0.50466 0.55891 0.71811 -0.18735 
GU4 -1.4414 1.1273 0.20681 -0.21185 0.63706 0.69692 0.9107 -0.21565 
MA -1.2414 0.97276 0.18994 -0.20984 0.48107 0.65394 0.7884 -0.20325 
U8 -0.84967 0.62971 0.11534 -0.10229 0.35736 0.40477 0.51015 -0.15165 
TAK4~A -1.358 1.058 0.22186 -0.22575 0.57593 0.70068 0.84931 -0.20117 
UB -0.94631 0.72691 0.092216 -0.11095 0.42249 0.42369 0.62979 -0.13438 
RU -1.0079 0.77583 0.10454 -0.21358 0.43073 0.48822 0.63106 -0.1855 
SZE3 -1.6454 1.3147 0.23906 -0.27747 0.6956 0.805 0.9728 -0.28602 
KISZ -1.5105 1.2331 0.23013 -0.26808 0.67695 0.76471 0.90442 -0.22367 
| -0.66712 0.44823 0.17269 -0.15029 0.2782 0.32067 0.32432 -0.11903 
U2~B -1.8265 1.4639 0.26119 -0.29433 0.76049 0.83378 1.1265 -0.29992 
TUR3~A -1.5 1.1797 0.24136 -0.22417 0.60199 0.72661 0.90489 -0.21662 
URU~A1 -1.6587 1.3252 0.25913 -0.28742 0.67681 0.83763 1.0446 -0.28354 
MASZ2 -0.96842 0.76296 0.14678 -0.14568 0.39525 0.46988 0.56382 -0.15463 
MAR~A -1.839 1.4667 0.29718 -0.28374 0.78798 0.92579 1.1598 -0.2973 
NUNUZ~A1 -1.6843 1.3312 0.25319 -0.26537 0.71376 0.82748 1.0507 -0.2895 
HI@G~A -1.4968 1.2204 0.27039 -0.22954 0.64865 0.76058 0.95649 -0.24943 
NAGA~A -1.5741 1.2288 0.2595 -0.2334 0.70672 0.77876 0.96475 -0.27559 
E2~B -1.8095 1.4112 0.21776 -0.26826 0.79497 0.85721 1.1367 -0.31826 
SIG2~B -1.6503 1.2912 0.21189 -0.27384 0.71221 0.80305 1.0096 -0.27764 
GUG2 -1.0863 0.87312 0.20638 -0.17427 0.4868 0.52225 0.7157 -0.18678 
SUKKAL -1.2773 0.98351 0.17911 -0.21152 0.53745 0.62486 0.75618 -0.1979 
AMAR -0.93818 0.74465 0.12851 -0.12134 0.37114 0.49869 0.5733 -0.15697 
NA~A -1.8546 1.4803 0.30815 -0.26443 0.86761 0.94505 1.1623 -0.30882 
DUB~A -1.6372 1.2967 0.25421 -0.2597 0.67315 0.814 0.96995 -0.24301 
KASZ~C -1.4826 1.1645 0.19107 -0.21098 0.6178 0.69767 0.92152 -0.24602 
U2~A -1.8722 1.5386 0.33678 -0.31586 0.8094 0.93749 1.1896 -0.26751 
ERIN -0.97128 0.71231 0.13248 -0.18338 0.37426 0.44874 0.57964 -0.19907 
ZATU753 -1.7818 1.3684 0.28478 -0.27844 0.76568 0.83267 1.1891 -0.26949 
PIRIG~B1 -1.236 0.97681 0.16895 -0.18293 0.54012 0.58738 0.75103 -0.18685 
KAB -1.0773 0.87223 0.19304 -0.11145 0.47088 0.56803 0.59669 -0.16021 
SZA -2.13 1.7303 0.36571 -0.35888 0.90699 1.0735 1.2884 -0.34039 
LAGAB~B -1.7252 1.4013 0.24957 -0.28488 0.7228 0.90812 1.0499 -0.28536 
AL -1.4764 1.1561 0.19418 -0.26218 0.56147 0.7687 0.88892 -0.26607 
MU -1.6376 1.2445 0.29586 -0.32741 0.61027 0.80066 0.94052 -0.28777 
ZATU659 -1.6317 1.2744 0.27135 -0.25317 0.6938 0.75032 1.0549 -0.23935 
DI -1.2537 0.99938 0.15745 -0.2068 0.53875 0.57618 0.75194 -0.20706 
ZATU752 -1.8394 1.3921 0.29356 -0.30523 0.80425 0.84483 1.2153 -0.29236 
|DUG~BXX| -0.69047 0.54675 0.099178 -0.10657 0.31069 0.31579 0.41879 -0.11355 
GI6 -1.3273 1.0641 0.21623 -0.18451 0.60227 0.66279 0.8388 -0.24572 
NAR -1.3582 1.0081 0.23354 -0.21081 0.55789 0.73636 0.83397 -0.28487 
ZI~A -1.4178 1.2095 0.21828 -0.20351 0.62169 0.71624 0.89695 -0.19072 
DUG~B -1.8024 1.4153 0.2392 -0.2524 0.75611 0.90779 1.1311 -0.32168 
KASZ~A -1.755 1.3884 0.24371 -0.24161 0.74834 0.84725 1.1169 -0.26781 
UTUA~A -1.2168 0.95654 0.17684 -0.17233 0.52266 0.58447 0.77745 -0.20123 
GADA~A -1.3071 1.0489 0.16549 -0.19149 0.60451 0.67497 0.84943 -0.22418 
KASZ~B -1.7499 1.3841 0.22661 -0.2644 0.74138 0.84941 1.1112 -0.26481 
MUD -1.2467 0.90689 0.20441 -0.17609 0.50045 0.55163 0.71668 -0.18904 
NUN~B -1.6129 1.2918 0.22967 -0.23722 0.67712 0.79642 1.056 -0.30392 
|U4X -0.96001 0.77897 0.14805 -0.15462 0.42467 0.48404 0.64052 -0.13904 
HASZHUR -0.81315 0.65564 0.10128 -0.14 0.36218 0.41642 0.49509 -0.14013 
GIR3~C -1.4593 1.1191 0.20246 -0.21936 0.58571 0.68222 0.90629 -0.21222 
UKKIN~A -1.3444 1.0405 0.19228 -0.16621 0.57061 0.66164 0.83543 -0.21719 
SZA3~A1 -1.7743 1.3944 0.25312 -0.31221 0.71887 0.84025 1.0707 -0.26536 
UR2 -1.5529 1.2377 0.24948 -0.26863 0.64305 0.76794 1.0507 -0.30619 
GA2~A1 -1.9608 1.5092 0.25572 -0.31886 0.82667 0.93305 1.2152 -0.31045 
|SZE~A.NAM2| -1.1145 0.90654 0.14562 -0.15745 0.50091 0.54016 0.69574 -0.20001 
NIN -1.3209 1.1053 0.2406 -0.20674 0.57562 0.61286 0.83401 -0.25972 
AMA~A -1.4768 1.1931 0.25411 -0.16442 0.64772 0.72655 0.91837 -0.24134 
GA -1.0646 0.86018 0.13389 -0.1898 0.48757 0.49104 0.64082 -0.13267 
GU -1.6182 1.2576 0.23509 -0.27169 0.63691 0.8318 0.98699 -0.22465 
TAR~A -1.5917 1.2608 0.27143 -0.24419 0.69037 0.79582 1.025 -0.24606 
GIBIL -1.396 1.0988 0.18803 -0.23723 0.61885 0.72186 0.83166 -0.21773 
NAGAR~A -1.5793 1.2639 0.23798 -0.24671 0.69632 0.80381 0.98499 -0.24425 
URI3~A -1.4036 1.1255 0.22266 -0.21906 0.6422 0.69471 0.86531 -0.20079 
IM~A -1.892 1.5287 0.27011 -0.26944 0.79605 0.90224 1.1557 -0.31565 
KA~A -1.8927 1.5379 0.28349 -0.26001 0.83704 0.92896 1.1891 -0.31252 
DIN -1.194 0.89101 0.16782 -0.19819 0.51712 0.5808 0.72546 -0.23856 
LA2 -1.4162 1.1045 0.24901 -0.29216 0.67095 0.65766 0.8011 -0.25707 
NAGAR~B -1.3647 1.1045 0.19171 -0.21331 0.60859 0.69663 0.85564 -0.22816 
SIG -1.6297 1.2031 0.16518 -0.27718 0.66728 0.7875 0.96432 -0.2963 
NI~B -1.5941 1.3 0.23616 -0.22962 0.69714 0.81692 0.97638 -0.30768 
TI -1.0244 0.9188 0.18791 -0.12038 0.42166 0.5858 0.68476 -0.087432 
HAL -1.232 0.91232 0.16447 -0.21064 0.50126 0.63109 0.70924 -0.19036 
SUG5 -1.0843 0.82148 0.16612 -0.17625 0.46311 0.518 0.60621 -0.17429 
NIM~A -1.9316 1.5469 0.26314 -0.25469 0.80652 0.94385 1.1611 -0.31849 
AB~B -1.8413 1.4286 0.26712 -0.26859 0.76241 0.91147 1.1189 -0.34992 
NAMESZDA -1.0166 0.77562 0.1629 -0.14955 0.46664 0.49126 0.59412 -0.18674 
EZEN~B -1.4952 1.1511 0.17484 -0.23091 0.61616 0.72152 0.90373 -0.26216 
GESZTU~B -1.3958 1.1116 0.198 -0.22499 0.59819 0.6946 0.85373 -0.25594 
|GA~A.ZATU753| -1.172 0.90131 0.18548 -0.17979 0.48474 0.57635 0.74584 -0.18417 
E~A -2.2915 1.8198 0.3921 -0.28199 1.0034 1.1219 1.4444 -0.37118 
NIMGIR -1.1879 0.92285 0.15628 -0.17377 0.46022 0.55664 0.72803 -0.16838 
|GI&GI| -1.058 0.7953 0.14693 -0.18148 0.46763 0.5047 0.63456 -0.16905 
USZ~A -1.5609 1.2418 0.25584 -0.22039 0.70202 0.7307 0.99887 -0.28447 
SIG7 -1.1335 0.87245 0.15355 -0.17315 0.53975 0.57906 0.73594 -0.18169 
SZAB~A -1.7466 1.3709 0.25337 -0.30297 0.73353 0.86035 1.0577 -0.25738 
|NI~A.RU| -1.2034 0.95073 0.16637 -0.21824 0.50849 0.58807 0.7383 -0.1659 
KU~B1 -1.924 1.5076 0.30406 -0.28597 0.77622 0.85857 1.1212 -0.30871 
UMU -0.73313 0.50597 0.080439 -0.1202 0.29113 0.34756 0.4318 -0.10276 
BARA2~A -1.5591 1.2362 0.23288 -0.22526 0.68542 0.80431 0.94709 -0.24838 
SAR~A -1.8536 1.484 0.31464 -0.29168 0.76753 0.93016 1.1766 -0.24538 
SI4~A -1.7987 1.4796 0.27368 -0.23641 0.84604 0.90445 1.1376 -0.28745 
UR~A -2.1356 1.778 0.31233 -0.33864 0.90515 1.0907 1.3867 -0.31686 
EN~B -1.7135 1.3152 0.20947 -0.2387 0.72395 0.81625 1.0661 -0.29827 
TU -1.1777 0.87113 0.23377 -0.17193 0.49288 0.54397 0.62424 -0.17166 
KID~B -1.4968 1.1978 0.22107 -0.25218 0.66669 0.73191 0.89794 -0.284 
ZAG~A -1.5322 1.238 0.2543 -0.22317 0.7058 0.75812 0.97102 -0.23081 
ZATU694~C -1.5983 1.2759 0.26807 -0.24172 0.68604 0.74941 1.0374 -0.25175 
NESAG2~A -1.3594 1.0757 0.21155 -0.21676 0.59835 0.67236 0.82475 -0.19562 
GIR3@G~B -1.5405 1.2049 0.21374 -0.23144 0.64258 0.73476 0.9589 -0.25894 
DUR2 -1.3183 1.0099 0.17566 -0.21186 0.52557 0.64749 0.82635 -0.24615 
SZAGAN -1.4944 1.171 0.22016 -0.26935 0.63811 0.72623 0.89646 -0.22489 
ZATU647 -1.5947 1.2615 0.27773 -0.23445 0.70939 0.76007 1.0509 -0.23451 
SI4~F -1.3935 1.1181 0.18977 -0.20194 0.66132 0.68495 0.85608 -0.22502 
LAGAB~A -1.7437 1.4281 0.26873 -0.30268 0.74811 0.91264 1.0709 -0.26596 
|U4XBAR -0.63267 0.51322 0.098682 -0.11672 0.24989 0.30541 0.3781 -0.093751 
UR5~A -1.319 1.0671 0.1921 -0.19922 0.60471 0.65157 0.83521 -0.21642 
NA2~A -1.9791 1.5783 0.30454 -0.30316 0.85834 0.98202 1.2314 -0.321 
GIR2~A -1.5366 1.183 0.25757 -0.22937 0.62509 0.76404 0.94672 -0.20732 
ISZ~B -1.5391 1.2153 0.22712 -0.2395 0.64306 0.76392 0.95575 -0.27227 
NIM~B1 -1.4583 1.176 0.19501 -0.21143 0.61794 0.73285 0.89391 -0.24513 
GURUSZDA -1.3185 1.0573 0.18249 -0.21427 0.55742 0.65731 0.80957 -0.22383 
DUB~B -1.6877 1.291 0.23096 -0.25107 0.66899 0.82688 1.0338 -0.27337 
SZAM2 -1.5053 1.1881 0.22613 -0.23016 0.62221 0.72994 0.9168 -0.24765 
KISIM~A -1.3242 1.0836 0.18031 -0.18887 0.57778 0.63187 0.81495 -0.22368 
NU -1.1459 0.94623 0.20639 -0.13475 0.45022 0.5649 0.72897 -0.17841 
GURUSZ~A -1.5038 1.1895 0.22438 -0.23774 0.64762 0.73599 0.95234 -0.24476 
SILA4~C -1.3654 1.0456 0.20768 -0.1705 0.57964 0.67968 0.82161 -0.26322 
MUN~A1 -1.4215 1.1106 0.20031 -0.21652 0.56528 0.71059 0.88933 -0.23975 
IDIGNA -0.96752 0.7771 0.1084 -0.13333 0.39213 0.42808 0.61257 -0.15542 
KAR2~A -1.5343 1.215 0.20771 -0.23297 0.64204 0.77697 0.94926 -0.20555 
LAGAR~A -1.6102 1.3088 0.23818 -0.25107 0.69301 0.84146 1.0074 -0.22687 
ZATU644~A -1.5802 1.2702 0.262 -0.22743 0.70246 0.77651 1.0668 -0.24555 
DIM~A -1.5885 1.3041 0.21074 -0.23143 0.7001 0.78791 0.9914 -0.23154 
KASKAL -1.2856 0.96338 0.17433 -0.1785 0.52617 0.61927 0.75956 -0.18088 
SZIM~A -2.0094 1.6359 0.26885 -0.28701 0.87097 0.95945 1.2316 -0.33057 
AK~A -1.6662 1.3077 0.27287 -0.24487 0.71852 0.84266 1.0373 -0.26037 
GARA2~A -1.6113 1.3035 0.22657 -0.24544 0.70929 0.82061 1.0209 -0.25644 
GISZ3~B -1.6419 1.2833 0.24513 -0.23291 0.71371 0.79376 1.0134 -0.25894 
LAM~B -1.7384 1.3443 0.26144 -0.2563 0.74407 0.81394 1.0847 -0.2747 
ZATU648 -1.5504 1.2147 0.27377 -0.23108 0.67109 0.72507 1.0268 -0.23258 
KALAM~B -1.5956 1.2514 0.21874 -0.23458 0.67044 0.75517 0.998 -0.23519 
|BU~A+DU6~A| -1.4798 1.1975 0.21284 -0.24322 0.63954 0.7275 0.90222 -0.242 
|DUG~CX -0.72548 0.5692 0.11414 -0.11011 0.30913 0.36665 0.44109 -0.14478 
SA~C -1.5726 1.1754 0.23304 -0.22428 0.64635 0.72799 0.95362 -0.24206 
SZEN~B -1.948 1.5121 0.25508 -0.2956 0.84764 0.95307 1.1925 -0.36097 
SILA3~A -1.7918 1.413 0.29717 -0.27827 0.78125 0.87691 1.1081 -0.29282 
ZATU710 -1.7187 1.3091 0.28152 -0.28909 0.74161 0.78108 1.1343 -0.27238 
ABGAL -0.66592 0.48983 0.087233 -0.1145 0.25021 0.33476 0.39616 -0.12113 
ZATU773~A -1.7858 1.4063 0.27959 -0.27317 0.76991 0.83302 1.1838 -0.28524 
|SAL.KUR~A| -1.6592 1.3046 0.20489 -0.2675 0.72366 0.79853 1.0261 -0.25108 
GAN~A -1.5959 1.2661 0.2291 -0.25546 0.69956 0.82501 1.0416 -0.24015 
SZURUPPAK~A -1.3553 1.0525 0.20155 -0.16775 0.55676 0.64902 0.82608 -0.20378 
KAK~A -1.5944 1.2617 0.24604 -0.18332 0.68905 0.77001 0.98447 -0.23624 
AD~A -1.7074 1.3717 0.26338 -0.26327 0.77154 0.82095 1.1096 -0.26717 
DUR~B -1.5573 1.2337 0.19771 -0.23663 0.6614 0.74274 0.99527 -0.2938 
ZABALAM~A -1.1813 0.94446 0.19243 -0.17593 0.51095 0.54308 0.744 -0.17588 
ZATU759 -1.7279 1.3396 0.28336 -0.27474 0.76177 0.81361 1.1561 -0.24115 
BUR2 -0.91042 0.67921 0.096901 -0.16241 0.36569 0.47518 0.58141 -0.13108 
SZAKIR~C -1.2382 0.97521 0.17676 -0.17982 0.53529 0.57019 0.75151 -0.20311 
MEN~A -1.6399 1.2841 0.25071 -0.24794 0.69739 0.82094 1.0602 -0.26319 
NU11 -0.76694 0.569 0.11391 -0.093927 0.33277 0.34337 0.45918 -0.14038 
IR~A -1.8216 1.4565 0.25113 -0.26905 0.80293 0.89727 1.1261 -0.25502 
ZATU649 -1.5532 1.2449 0.26496 -0.25271 0.68656 0.72831 1.0538 -0.22714 
KINGAL -0.59779 0.48032 0.047328 -0.10998 0.26155 0.30161 0.34435 -0.093391 
GA'AR~A1 -1.0934 0.86367 0.17131 -0.19327 0.43872 0.53733 0.67404 -0.16056 
ADAB -0.75763 0.64778 0.11928 -0.091251 0.32667 0.41708 0.46025 -0.12198 
LU2 -0.92712 0.75145 0.16503 -0.19823 0.43071 0.46541 0.61307 -0.14452 
|GISZXSZU2~A| -1.5285 1.2062 0.23599 -0.22403 0.65414 0.74564 0.93842 -0.2381 
I -0.89056 0.79405 0.070594 -0.15851 0.36615 0.42761 0.55875 -0.20804 
MES -0.77127 0.5771 0.12718 -0.077568 0.36554 0.34223 0.53381 -0.16133 
GUM~B -1.4955 1.2269 0.26254 -0.23198 0.66479 0.70164 0.98718 -0.23404 
GISZIMMAR~B1 -1.121 0.8783 0.17293 -0.15605 0.4703 0.52787 0.67518 -0.19055 
UMBIN~A -1.2425 0.98989 0.175 -0.18268 0.53861 0.61495 0.75319 -0.15154 
ZATU686~A -1.6654 1.3104 0.276 -0.25136 0.71514 0.78465 1.1006 -0.24014 
GAN~B -1.4702 1.1708 0.18025 -0.24252 0.63341 0.72475 0.92638 -0.24025 
URUDU~A -1.5671 1.2732 0.22086 -0.24821 0.67009 0.78278 1.0251 -0.25485 
LAL2~A -1.3006 1.0766 0.21383 -0.20091 0.58276 0.6816 0.8164 -0.20148 
ZATU751~A -1.8197 1.419 0.29543 -0.29759 0.80175 0.87409 1.1862 -0.26869 
PU2 -0.56399 0.44246 0.096548 -0.086131 0.2718 0.27399 0.37968 -0.081273 
ESZDA -1.1761 0.92928 0.19808 -0.17341 0.53254 0.56495 0.72236 -0.18864 
DU8~C -1.1603 0.90356 0.16626 -0.19168 0.44385 0.55981 0.72086 -0.20295 
UTUL~A -1.0741 0.89214 0.17511 -0.16125 0.44527 0.54503 0.68835 -0.15153 
GAN~C -1.0582 0.83728 0.16331 -0.17815 0.44061 0.51948 0.68004 -0.1285 
BUR~A -1.5653 1.2612 0.22272 -0.26057 0.67998 0.79384 0.9816 -0.22379 
ZATU714 -1.7682 1.3538 0.28806 -0.29056 0.77747 0.79749 1.1456 -0.26097 
|SZU2.EN~A| -1.4449 1.1392 0.20038 -0.2373 0.62462 0.71619 0.8933 -0.22895 
GA2~A2 -1.6246 1.2546 0.2215 -0.27103 0.71102 0.77369 0.99417 -0.2443 
|TUG2~A.(BAD&BAD)| -0.62922 0.48372 0.091407 -0.087667 0.25455 0.29989 0.3937 -0.083662 
GISZ@T -1.3776 1.0842 0.22096 -0.19886 0.59384 0.65854 0.83728 -0.21742 
SZIDIM -1.0807 0.88271 0.1584 -0.17756 0.47355 0.50647 0.62851 -0.15242 
SZUM -1.4635 1.1504 0.1972 -0.2488 0.59188 0.68094 0.88111 -0.19921 
BULUG3 -0.83887 0.65638 0.11502 -0.12018 0.36083 0.41749 0.50172 -0.14179 
|NUN~A+EN~A| -1.2307 0.96751 0.16646 -0.1992 0.53524 0.6009 0.76238 -0.20276 
|ZATU714XHI@G~A| -1.4189 1.1111 0.20506 -0.22526 0.6029 0.66585 0.88931 -0.23023 
TUM~A -1.5362 1.2272 0.26914 -0.23134 0.67676 0.73407 0.94508 -0.24007 
ZATU697~A -1.6767 1.3554 0.26762 -0.27457 0.71647 0.80696 1.0826 -0.26292 
|ZATU737XSAL| -1.1405 0.87244 0.16846 -0.16908 0.46369 0.52201 0.70263 -0.18148 
NI2 -0.8945 0.68771 0.08282 -0.12144 0.34031 0.41129 0.545 -0.14258 
ANSZE~B -1.2929 0.9889 0.16837 -0.19283 0.56255 0.59951 0.83721 -0.19795 
|ZATU759XKU6~A| -1.424 1.0901 0.2144 -0.2225 0.58839 0.65756 0.88158 -0.22988 
DILMUN -0.73379 0.54756 0.09657 -0.11233 0.3027 0.34425 0.41327 -0.099038 
SZA3~A2 -1.4227 1.1007 0.20794 -0.26695 0.58655 0.66158 0.84649 -0.19617 
SZEG9 -1.1746 0.97135 0.16063 -0.17847 0.52257 0.59111 0.72872 -0.18052 
SAGSZU -1.0419 0.80556 0.14929 -0.1549 0.40868 0.49734 0.65967 -0.18105 
ZATU693 -1.5694 1.2611 0.26688 -0.2449 0.68791 0.74935 1.0598 -0.23964 
DU6~B -1.4266 1.1348 0.23569 -0.23218 0.58829 0.70297 0.89242 -0.25194 
DARA4~A1 -1.333 1.0568 0.17518 -0.21128 0.5624 0.66009 0.82683 -0.21793 
NIR~A -1.7051 1.3974 0.24137 -0.25966 0.74822 0.84321 1.0594 -0.25415 
SILA4~B -1.5135 1.1772 0.2195 -0.21803 0.64692 0.75125 0.93047 -0.28649 
|E2~AX -0.81096 0.6196 0.13423 -0.087353 0.34625 0.41668 0.50013 -0.15458 
PAD~A -1.2943 1.0437 0.18001 -0.21817 0.5527 0.62841 0.8162 -0.18023 
SZELU -1.3255 1.0841 0.22133 -0.21265 0.56987 0.59133 0.80878 -0.23312 
SZITA~A3 -1.3085 1.0151 0.20279 -0.18056 0.54704 0.63355 0.78364 -0.2278 
|ZATU651XEN~A| -1.5166 1.1926 0.23598 -0.24135 0.62591 0.72373 0.9413 -0.24197 
ZATU628~A -1.6 1.2581 0.27664 -0.24326 0.71016 0.75568 1.0347 -0.22417 
GAR3 -0.86989 0.68193 0.11739 -0.15721 0.36387 0.42915 0.57484 -0.15069 
URI -0.82886 0.69063 0.14635 -0.155 0.34588 0.40633 0.53605 -0.10898 
KALAM~A -1.6371 1.305 0.22579 -0.25757 0.69207 0.75856 1.016 -0.25446 
SZEN~C@T -1.0294 0.79856 0.15513 -0.14647 0.43884 0.48607 0.61993 -0.20125 
IN~B -1.7185 1.3369 0.2617 -0.25445 0.72323 0.81332 1.0811 -0.28626 
KISZIK~A -1.356 1.0894 0.2022 -0.19916 0.6042 0.65607 0.84286 -0.21928 
GUL -1.1348 0.89501 0.20284 -0.15383 0.53516 0.5891 0.70206 -0.17542 
KU~B2 -1.7096 1.3017 0.26422 -0.2656 0.69143 0.76352 1.0036 -0.27034 
ZATU788 -1.6018 1.2422 0.28497 -0.26082 0.70211 0.75852 1.056 -0.24551 
GI4~A -1.6625 1.3144 0.20702 -0.20967 0.71689 0.81878 1.0007 -0.24782 
SUM~A -1.5386 1.2428 0.24649 -0.21198 0.69109 0.75267 0.96572 -0.22247 
DARA4~C2 -1.1181 0.86978 0.14194 -0.15578 0.47709 0.55494 0.68542 -0.18721 
TU~A -1.944 1.5248 0.3089 -0.21504 0.81744 1.0083 1.2127 -0.28404 
TU~B -1.9527 1.5306 0.31803 -0.3031 0.82043 0.9589 1.1784 -0.32991 
DAR~B -1.6753 1.3286 0.2687 -0.27014 0.70424 0.83411 1.0732 -0.29552 
|U4XTUR -0.61572 0.50083 0.10571 -0.069467 0.25771 0.28418 0.38185 -0.10696 
ZATU662 -1.4779 1.1754 0.26439 -0.21242 0.62792 0.67304 0.95193 -0.21924 
|SZE~A&SZE~A| -1.3802 1.1108 0.16618 -0.21193 0.61322 0.65729 0.83871 -0.21354 
|ZATU737XDI| -1.1138 0.8508 0.15769 -0.18083 0.45567 0.51436 0.70503 -0.1826 
MUD3~A -1.3758 1.0842 0.2021 -0.233 0.57366 0.67546 0.85801 -0.1895 
|U4. -1.0877 0.91491 0.17163 -0.19339 0.45993 0.53293 0.67775 -0.15653 
GUKKAL~A -1.2022 0.96404 0.18569 -0.1739 0.53997 0.6116 0.77192 -0.19438 
ISZ~A -1.6261 1.2713 0.26926 -0.23364 0.67704 0.81162 1.0025 -0.26152 
SZITA~B1 -1.478 1.1542 0.21776 -0.22669 0.61907 0.72187 0.88384 -0.22542 
DAH -0.72438 0.59636 0.12659 -0.099505 0.34657 0.35682 0.44313 -0.1041 
BU3 -0.64144 0.50656 0.09296 -0.10472 0.23677 0.32779 0.41101 -0.1149 
BAHAR2~B -1.2199 0.93925 0.16696 -0.19105 0.49493 0.6178 0.73558 -0.20606 
KITI -1.0572 0.86973 0.12369 -0.15631 0.39407 0.4931 0.65102 -0.1895 
|GISZ.TE| -1.1045 0.86253 0.16773 -0.18646 0.46942 0.55276 0.65657 -0.16361 
NUNUZ~C -1.4511 1.1527 0.21854 -0.22528 0.65002 0.69846 0.90609 -0.25844 
TAG~A1 -1.2279 0.96187 0.16952 -0.21785 0.52245 0.62891 0.74964 -0.19627 
SILANITA -0.70859 0.52545 0.11332 -0.10785 0.31101 0.34539 0.43884 -0.098939 
ZATU758 -1.7075 1.2979 0.26205 -0.28805 0.73382 0.80477 1.1261 -0.25888 
GA~B -1.775 1.3882 0.24435 -0.31065 0.76522 0.88859 1.1819 -0.31524 
GESZTU~A -1.3444 1.0635 0.20296 -0.18131 0.57828 0.70055 0.83104 -0.23075 
SIG2~A1 -1.536 1.2063 0.21379 -0.2434 0.65334 0.76334 0.94897 -0.22878 
SA~A -2.1136 1.6765 0.31176 -0.26535 0.91334 1.0307 1.3127 -0.32767 
DUR~A -1.7411 1.3745 0.24547 -0.2565 0.7326 0.87701 1.0953 -0.28142 
|SAR~AXSZE~A| -1.4355 1.1627 0.19456 -0.2143 0.62061 0.69164 0.87856 -0.21501 
DAR~A -1.936 1.5283 0.31806 -0.29897 0.82044 0.95269 1.2319 -0.28568 
NESAG2~B -1.1391 0.88656 0.16207 -0.18525 0.48159 0.55278 0.67847 -0.16239 
SZITA@G~A -1.4552 1.1359 0.21859 -0.20759 0.59996 0.73147 0.89776 -0.2482 
GIR3~A -1.8323 1.426 0.26431 -0.28535 0.75821 0.88227 1.1317 -0.26515 
SZAH2~A -1.4826 1.1809 0.24837 -0.22342 0.65613 0.73993 0.9206 -0.25821 
SZESZ~A -1.6233 1.2944 0.23998 -0.26823 0.71397 0.7784 1.023 -0.25709 
UMUKU3~A -0.96018 0.77226 0.14191 -0.13489 0.40548 0.44455 0.59839 -0.13722 
NINDA2 -0.76594 0.61736 0.11564 -0.09072 0.32026 0.36026 0.47848 -0.10148 
ZATU726~D -1.1998 0.92048 0.20236 -0.21667 0.51814 0.56235 0.78533 -0.1731 
SIG2~A2 -1.2353 0.96407 0.16427 -0.2163 0.54394 0.60332 0.75911 -0.18827 
E~B -2.0054 1.5806 0.29706 -0.29593 0.8575 0.94628 1.3384 -0.38906 
KISIM~B -1.189 0.94485 0.16475 -0.1756 0.49138 0.55652 0.74189 -0.20938 
GA... -0.72037 0.57432 0.12414 -0.13386 0.30987 0.37325 0.47882 -0.12852 
KIR11 -0.83815 0.6453 0.13721 -0.15294 0.3626 0.39353 0.50113 -0.16364 
ZATU795 -1.653 1.2571 0.26422 -0.24381 0.70505 0.79071 1.0934 -0.24938 
ERIM2 -0.83342 0.61174 0.10893 -0.1363 0.30152 0.37426 0.44065 -0.16423 
EZEN~A -1.6138 1.2383 0.21066 -0.23396 0.65347 0.79634 1.0031 -0.2485 
|SZU&SZU| -0.92974 0.74525 0.15042 -0.15648 0.38522 0.45918 0.61027 -0.1312 
TA~C -1.2755 0.97592 0.17001 -0.15597 0.5105 0.63147 0.77345 -0.2162 
MAR~B -1.5764 1.2732 0.2462 -0.23335 0.67239 0.79539 1.0006 -0.2985 
ESZGAR -0.69622 0.521 0.11106 -0.11034 0.29528 0.32316 0.43534 -0.10484 
ZATU703 -1.6293 1.2292 0.2641 -0.27112 0.72656 0.76763 1.0736 -0.24847 
SIG2~A3 -0.98384 0.77251 0.13118 -0.1423 0.41912 0.49017 0.59038 -0.16242 
ZATU764 -1.5873 1.2334 0.25104 -0.26449 0.68153 0.73964 1.046 -0.23442 
GIR~A -1.9508 1.5857 0.32445 -0.32953 0.83113 0.99091 1.2487 -0.30801 
DIM~C -0.86385 0.69201 0.097913 -0.11342 0.4074 0.43466 0.54338 -0.14873 
ENGIZ -0.73019 0.55453 0.074021 -0.079637 0.32115 0.36362 0.42132 -0.10735 
BAHAR2~A -1.2985 1.0215 0.19288 -0.19132 0.54483 0.66272 0.80076 -0.20075 
|ZATU651XGAR| -1.123 0.90245 0.19007 -0.18681 0.43903 0.51893 0.70673 -0.16809 
ZATU735~B -1.6693 1.2874 0.26484 -0.28852 0.73785 0.787 1.0907 -0.26582 
ZATU720 -1.5239 1.1747 0.24566 -0.25139 0.64782 0.71405 1.0095 -0.22714 
|U4X... -0.74312 0.59019 0.11756 -0.1053 0.29812 0.36506 0.48228 -0.089954 
|KA2XLAM| -0.61253 0.50598 0.092711 -0.099063 0.276 0.31002 0.3654 -0.10754 
NIM~B2 -1.1545 0.93008 0.15299 -0.17132 0.48846 0.57556 0.72866 -0.19083 
DU8~C@G -0.61516 0.47284 0.07176 -0.10347 0.22738 0.30351 0.36843 -0.13178 
|E -0.30099 0.21073 0.10177 -0.12884 0.090411 0.19787 0.21318 -0.039836 
|DUG~BXSIG7| -0.57035 0.45163 0.083073 -0.085802 0.24743 0.26905 0.36686 -0.10248 
ZATU776 -1.6159 1.2529 0.29231 -0.26781 0.70086 0.75278 1.077 -0.26551 
SZA@G -1.2342 0.975 0.18577 -0.22366 0.50553 0.57709 0.7456 -0.20747 
SUM~B -1.4217 1.1205 0.22036 -0.19223 0.58319 0.67671 0.90537 -0.18539 
NAB -1.1327 0.88563 0.14752 -0.18849 0.51411 0.59477 0.68991 -0.2401 
|SAGXMA| -1.4079 1.0728 0.15498 -0.23837 0.61259 0.69639 0.86039 -0.23104 
ZATU749~B -1.6365 1.2881 0.2665 -0.24809 0.70492 0.77199 1.0735 -0.26356 
ASAR -0.61078 0.52278 0.099109 -0.074631 0.26162 0.31008 0.34728 -0.10837 
KASZ~D -1.0083 0.78087 0.1185 -0.16892 0.41979 0.46852 0.61345 -0.16298 
|LAGAB~AXSZITA~A1| -1.1004 0.86566 0.15748 -0.17398 0.47176 0.54168 0.68309 -0.17156 
NU@G -0.65768 0.50852 0.1352 -0.099949 0.27705 0.30279 0.38481 -0.13265 
|(UDU~AXTAR)~B| -0.72658 0.58 0.078762 -0.10637 0.31307 0.35015 0.43056 -0.13475 
PIRIG~A1 -1.2374 0.99303 0.18658 -0.18661 0.51769 0.5874 0.77378 -0.18795 
BALA~A -1.276 1.0398 0.1717 -0.19034 0.55191 0.67566 0.83364 -0.21763 
BALAG -0.70882 0.52315 0.091054 -0.10587 0.27291 0.33536 0.44867 -0.10333 
UMU... -0.61163 0.47826 0.084096 -0.095233 0.22641 0.29272 0.36229 -0.087061 
MIR~A -1.5393 1.2451 0.22252 -0.2643 0.67628 0.75903 0.94572 -0.22481 
BAHAR2~C -0.8631 0.66902 0.12204 -0.11273 0.34987 0.4491 0.52369 -0.14857 
BAD -0.87247 0.66505 0.13457 -0.13891 0.40674 0.41317 0.49713 -0.14052 
ZATU629 -1.5251 1.1778 0.26505 -0.25693 0.66214 0.71357 0.99097 -0.22347 
PAP@T -0.61748 0.49477 0.10215 -0.070587 0.23744 0.32496 0.39374 -0.085988 
DARA4~C1 -1.0136 0.77391 0.14154 -0.15646 0.43312 0.49994 0.61952 -0.17294 
AGAR2 -0.60893 0.51171 0.077816 -0.10303 0.28396 0.3016 0.40711 -0.11825 
KID~A -1.5107 1.2343 0.22442 -0.19504 0.66911 0.74246 0.95553 -0.26397 
TUG2~A@G -0.98694 0.7654 0.15092 -0.17419 0.45355 0.48806 0.612 -0.1582 
ZATU725 -1.5547 1.194 0.26866 -0.25351 0.66777 0.72508 1.0295 -0.22109 
ZATU756 -1.7231 1.3055 0.27616 -0.28573 0.74447 0.79854 1.1364 -0.27022 
ZATU777 -1.5936 1.2216 0.27766 -0.26527 0.69495 0.74027 1.0605 -0.25447 
|SILA3~AXSZE~A@T| -1.026 0.82072 0.14959 -0.156 0.4567 0.49109 0.62925 -0.17821 
AZ -0.71435 0.56724 0.084432 -0.13358 0.27584 0.33604 0.48458 -0.18641 
SAG@N -0.80861 0.59839 0.13608 -0.106 0.32457 0.39397 0.4777 -0.15084 
|DUG~BXDIN| -0.62804 0.48915 0.09288 -0.095902 0.28689 0.29805 0.39552 -0.11076 
SZEN~A -2.1038 1.6134 0.30677 -0.31423 0.91633 1.0311 1.3064 -0.33803 
GA2~B -1.8883 1.4757 0.22938 -0.29409 0.8179 0.90336 1.1653 -0.30848 
UR4~B -1.3224 1.0333 0.16123 -0.18186 0.56741 0.6536 0.83088 -0.22433 
|DUG~BXSZE~A| -1.2628 1.0221 0.16879 -0.18353 0.5486 0.5988 0.78639 -0.20413 
|SILA3~AXX| -1.068 0.81823 0.18055 -0.16018 0.46553 0.51555 0.65019 -0.18071 
|SILA3~AXGARA2~A| -1.2707 1.0078 0.18185 -0.19791 0.55163 0.62137 0.79042 -0.21237 
MUNSZUB~B -1.3322 1.0266 0.20028 -0.22458 0.56529 0.61299 0.80913 -0.19754 
ZATU651 -1.7158 1.3765 0.31421 -0.27038 0.73805 0.79873 1.1193 -0.27314 
GA'AR~A2 -0.74514 0.60713 0.12842 -0.14938 0.30144 0.36595 0.44987 -0.11081 
|SILA3~AXSZU| -1.1775 0.93357 0.19291 -0.18623 0.52303 0.57802 0.73634 -0.20891 
BARA3 -0.74743 0.58121 0.13871 -0.12141 0.34885 0.39228 0.39871 -0.10693 
TI@T -0.80502 0.63176 0.084114 -0.11308 0.34179 0.38628 0.52858 -0.080942 
NUN~C -1.2364 0.97993 0.19198 -0.18779 0.50783 0.60801 0.78635 -0.23063 
SILA4~A -1.5444 1.2186 0.24253 -0.22168 0.68047 0.7759 0.9562 -0.25911 
ZATU625 -1.5309 1.1852 0.26383 -0.23969 0.64846 0.71104 0.99205 -0.22329 
BIR3~A -1.3053 1.031 0.18235 -0.19472 0.5358 0.63968 0.79604 -0.20251 
BAN~A -1.5139 1.2347 0.21211 -0.22931 0.66319 0.76139 0.95081 -0.24613 
ZATU718 -1.6907 1.2916 0.26607 -0.26075 0.72476 0.7936 1.1031 -0.27495 
MUNU3 -0.58708 0.45942 0.11834 -0.10641 0.25565 0.26154 0.38754 -0.092974 
MIR~B -1.3254 1.0575 0.19011 -0.24971 0.56468 0.64926 0.83248 -0.23477 
|... -0.7195 0.53908 0.10176 -0.097234 0.22976 0.36665 0.44385 -0.11328 
GUM~A -1.5845 1.2938 0.27103 -0.23863 0.71524 0.76662 1.0034 -0.25351 
BAN~B -1.3912 1.1085 0.19174 -0.2245 0.59952 0.67173 0.86192 -0.24717 
SZIR~A -1.7172 1.3832 0.26767 -0.2633 0.75118 0.83705 1.0769 -0.25151 
|DUG~BXMASZ| -0.64497 0.51049 0.078465 -0.10253 0.2757 0.30518 0.38247 -0.1033 
GAX -0.77239 0.61447 0.082447 -0.13253 0.3854 0.43135 0.48623 -0.17313 
ZATU687 -1.5385 1.188 0.26459 -0.24925 0.67003 0.6989 0.98297 -0.20868 
KISAL~A1 -1.2665 1.011 0.18339 -0.1891 0.57415 0.63633 0.7688 -0.21429 
RAD~A@G -0.87839 0.66295 0.11737 -0.13149 0.38888 0.41184 0.53204 -0.14202 
ZATU694~D -1.2663 1.022 0.21881 -0.19568 0.56505 0.59694 0.84063 -0.20713 
GAZI -0.32143 0.28024 0.053469 -0.056218 0.14071 0.16286 0.21949 -0.06679 
KAL~B2 -1.0725 0.83628 0.1232 -0.17135 0.45764 0.53478 0.68713 -0.18465 
SANGA~B -1.2084 0.97257 0.18377 -0.20067 0.53451 0.57758 0.78232 -0.21587 
ZATU750 -1.6839 1.2913 0.26925 -0.28826 0.74776 0.79712 1.1236 -0.2593 
NUMUN -0.6919 0.57485 0.076642 -0.11706 0.27109 0.33489 0.43479 -0.11369 
|GISZXSZU2~B| -1.0905 0.85987 0.17936 -0.15431 0.45368 0.52971 0.67452 -0.18669 
ZATU651@G -1.4008 1.105 0.23694 -0.23512 0.59216 0.662 0.91985 -0.20767 
DAM -0.52318 0.36219 0.087429 -0.11018 0.21231 0.23926 0.3341 -0.070257 
SZUR2~A -1.7006 1.3473 0.25689 -0.26309 0.72094 0.84011 1.0854 -0.24725 
TAG~B -1.2732 0.97518 0.14831 -0.21289 0.53628 0.63822 0.78451 -0.21149 
UTUA~B -1.022 0.80008 0.11198 -0.18918 0.45257 0.48786 0.65415 -0.18734 
SUKUD -0.81481 0.62572 0.12582 -0.13302 0.35851 0.42752 0.48617 -0.12096 
ZATU686~B -1.5857 1.2513 0.26899 -0.24661 0.67072 0.73799 1.0554 -0.25141 
|GA2~A1XX| -1.0775 0.83521 0.16482 -0.16629 0.46112 0.51558 0.66665 -0.17717 
GISZ3~A -1.7967 1.4299 0.27262 -0.26788 0.76906 0.88794 1.1338 -0.27855 
LUM -0.51916 0.37285 0.059638 -0.097028 0.19478 0.25163 0.33818 -0.093529 
SZE~A@T -1.1938 0.98437 0.14387 -0.17908 0.53437 0.55101 0.72685 -0.20288 
UDUNITA~C -0.79306 0.60627 0.10834 -0.1251 0.31725 0.38082 0.48982 -0.1341 
NIR~B -1.5392 1.259 0.20268 -0.2386 0.67888 0.74251 0.95793 -0.29496 
DU6~A -1.7777 1.4617 0.25661 -0.25649 0.74732 0.88541 1.0912 -0.29418 
|(SZAXHI@G~A)~A| -0.72299 0.58637 0.096972 -0.11449 0.3072 0.35734 0.4393 -0.11314 
RAD~B -1.3134 0.98205 0.19078 -0.20991 0.56702 0.59439 0.77721 -0.22855 
GU~A -2.0518 1.613 0.34623 -0.30846 0.88364 1.0286 1.3157 -0.30107 
NUNUZ~A2 -1.2799 1.031 0.19221 -0.20775 0.58177 0.63701 0.7933 -0.22476 
|ZATU737XX| -1.2239 0.9326 0.18259 -0.18737 0.50914 0.56982 0.76047 -0.18545 
UH3~A -1.2881 1.0117 0.21973 -0.22058 0.53602 0.62489 0.78943 -0.20892 
|NIR~AXAN| -0.7156 0.58893 0.085717 -0.12006 0.33081 0.33642 0.44753 -0.10016 
UR4~A -1.3501 1.0716 0.22373 -0.17548 0.5925 0.70916 0.87926 -0.21265 
TUM~C -0.93989 0.7175 0.16075 -0.1393 0.41751 0.43075 0.5931 -0.14999 
|KUR~A.E2~A| -1.0685 0.8467 0.13646 -0.17923 0.45398 0.5277 0.67727 -0.15868 
BU~B -1.6684 1.2775 0.22323 -0.31506 0.72557 0.8265 1.0587 -0.29901 
ENKUM -0.21388 0.18304 0.0058355 -0.040087 0.059501 0.073481 0.11578 -0.052253 
ZATU749~C -1.4322 1.1194 0.24596 -0.22512 0.61629 0.66924 0.93014 -0.22843 
|SIXKU~B1| -1.1075 0.8832 0.14955 -0.18456 0.45354 0.51803 0.66389 -0.17653 
LUGAL -0.5014 0.40128 0.052936 -0.077214 0.19428 0.20895 0.29602 -0.065516 
|(SUKUD+SUKUD)~B| -0.49793 0.38487 0.065108 -0.090954 0.20133 0.24047 0.30465 -0.071051 
|SZU2.E2~B| -0.90287 0.70947 0.13663 -0.13505 0.36745 0.45154 0.55296 -0.14908 
|GA2~A1XU4| -0.91978 0.72596 0.14862 -0.14042 0.39464 0.45823 0.5942 -0.1671 
KA2~A -1.8918 1.5179 0.31073 -0.2928 0.84254 0.93854 1.1957 -0.2824 
EN~C -1.2169 0.90394 0.15028 -0.16105 0.45824 0.55621 0.7491 -0.18358 
MAH~A -1.3854 1.0992 0.23512 -0.19839 0.57806 0.6831 0.8629 -0.19985 
IM~B -1.6178 1.2533 0.21591 -0.22573 0.65313 0.75529 1.0409 -0.25373 
|GA2~A1XKU6~A| -1.3595 1.0458 0.19434 -0.21901 0.58158 0.65359 0.83182 -0.22128 
SIMUG -0.59499 0.49175 0.063522 -0.081675 0.2964 0.27209 0.33916 -0.10874 
HI@G~B -1.3238 1.0707 0.22162 -0.20642 0.52975 0.65614 0.8327 -0.22824 
ZATU749~A -1.6358 1.2768 0.27232 -0.25824 0.72082 0.79866 1.079 -0.25694 
|NUN~A+NAM2| -0.80621 0.63776 0.1156 -0.13334 0.35604 0.41863 0.50714 -0.14936 
ALIM -0.25988 0.16353 0.060919 -0.05508 0.11392 0.094892 0.1582 -0.040269 
|ZATU737XBUR~A| -1.4742 1.1461 0.20992 -0.25274 0.60818 0.70075 0.93209 -0.22952 
ARARMA2~A -0.92912 0.73428 0.16074 -0.15485 0.41344 0.46068 0.59607 -0.13474 
GALGA~A -1.0638 0.82951 0.15537 -0.14417 0.47918 0.53295 0.6988 -0.18832 
TI~A -1.4912 1.2341 0.28357 -0.21448 0.66794 0.74694 0.93915 -0.24593 
NUNUZ~A0 -1.1774 0.94036 0.18424 -0.1823 0.51291 0.57255 0.73806 -0.22181 
|ZATU651XNUN~A| -1.3885 1.0986 0.22074 -0.2166 0.56569 0.65257 0.85773 -0.23294 
SZUR2~B -1.6031 1.2488 0.22916 -0.24514 0.66029 0.76633 0.99107 -0.25274 
APIN~B -1.1203 0.9088 0.18336 -0.17949 0.49818 0.53305 0.71182 -0.2094 
|NINDA2XX| -0.47299 0.38509 0.06593 -0.068529 0.20009 0.22626 0.27668 -0.07051 
|MUSZENX -0.81348 0.63525 0.12828 -0.14981 0.35631 0.38779 0.49656 -0.11765 
EZINU~A -1.0884 0.87174 0.16052 -0.14824 0.46851 0.56668 0.66095 -0.16416 
UKKIN~B -1.1253 0.86197 0.13445 -0.14019 0.48117 0.53456 0.6904 -0.20883 
SZE3@T -1.0329 0.84301 0.13101 -0.1529 0.43982 0.50433 0.63142 -0.16785 
|U4.SZU2| -0.88857 0.71569 0.1391 -0.15104 0.39008 0.46013 0.56771 -0.1434 
ZATU623 -1.5297 1.201 0.26065 -0.23305 0.65945 0.72206 1.0272 -0.22381 
GAL~B -1.4375 1.1266 0.17752 -0.23802 0.62238 0.71669 0.93519 -0.25801 
|GA2~BXDUB~A| -0.99311 0.77886 0.12884 -0.15608 0.42035 0.50495 0.61451 -0.15409 
KIB -0.88923 0.71319 0.12114 -0.15424 0.41469 0.44824 0.53091 -0.20803 
|MAH~AXMASZ| -0.45076 0.35281 0.04939 -0.082219 0.1981 0.21043 0.25936 -0.067734 
|ZATU737XU4| -1.0858 0.83161 0.16016 -0.17552 0.44255 0.50666 0.69957 -0.17135 
SUG -0.79798 0.62972 0.13503 -0.11087 0.38323 0.42986 0.45374 -0.098019 
|SILA3~AXSZU2| -1.1851 0.93164 0.19105 -0.19016 0.52687 0.5982 0.7282 -0.21274 
DARA4~C4 -0.97831 0.75666 0.12359 -0.13505 0.40883 0.47736 0.60572 -0.15436 
GURUSZDA~A -1.3917 1.1219 0.19737 -0.20414 0.60191 0.69671 0.87208 -0.23878 
UR3~B1 -1.1668 0.91219 0.1676 -0.16432 0.45668 0.56172 0.67982 -0.1769 
ZATU707~A -1.6543 1.2963 0.27195 -0.26519 0.71323 0.79432 1.0737 -0.24995 
EN@G~B -1.1705 0.88922 0.14748 -0.19327 0.47274 0.55192 0.69926 -0.20313 
HALUB -0.22984 0.19415 0.052659 -0.061968 0.097218 0.09197 0.15042 -0.037387 
KAR2~B -1.3686 1.0685 0.17001 -0.22367 0.56177 0.66691 0.84592 -0.2215 
NANNA~A -1.0095 0.79026 0.14973 -0.15206 0.44811 0.54484 0.63793 -0.17941 
IL -0.87729 0.68947 0.11713 -0.15297 0.32664 0.37564 0.48319 -0.093937 
GIR3@G~C -1.2011 0.95168 0.17147 -0.1855 0.50996 0.575 0.74478 -0.22489 
SIG2~D1 -0.63721 0.49873 0.061375 -0.12889 0.29159 0.31324 0.37756 -0.12477 
|DUG~BXBALA~A| -0.87416 0.70849 0.10458 -0.13966 0.38121 0.42561 0.54287 -0.15826 
|DUG~BXKASKAL| -0.58766 0.45793 0.084117 -0.07784 0.26375 0.28267 0.36021 -0.11517 
|LAGAB~AXSZA| -1.1419 0.91879 0.16219 -0.19107 0.50127 0.56534 0.71346 -0.17511 
NINKUM -0.36989 0.30252 0.042368 -0.040482 0.14564 0.16626 0.21339 -0.064542 
|SILA3~AXNI~A| -1.2125 0.96519 0.18248 -0.19503 0.53927 0.58667 0.75611 -0.19782 
SZURUPPAK~B -1.1968 0.93748 0.17544 -0.14425 0.48162 0.57955 0.7262 -0.18118 
|U4XSZE~A -1.253 1.0294 0.19615 -0.19401 0.5426 0.61421 0.80226 -0.19849 
GUB3~A -1.2211 0.98008 0.20683 -0.18813 0.53768 0.57246 0.78688 -0.17649 
NAM~A -1.7248 1.3931 0.27929 -0.28711 0.80905 0.84769 1.1086 -0.28851 
|LAGAB~B.TE| -0.7525 0.58379 0.1031 -0.14247 0.31992 0.37888 0.45115 -0.11209 
SZENNUR~A -1.1766 0.94733 0.17608 -0.20063 0.51497 0.61311 0.74585 -0.17929 
ZATU646 -1.5161 1.214 0.27316 -0.24007 0.66925 0.71823 0.99385 -0.22486 
|GA2~A1XGESZTU~C5| -0.78338 0.60427 0.11577 -0.11728 0.34978 0.39534 0.48458 -0.13036 
ZATU681 -1.5377 1.2063 0.26967 -0.24621 0.6646 0.69213 1.0101 -0.23631 
EZINU~D -0.42973 0.34117 0.051488 -0.069954 0.18827 0.22615 0.26256 -0.044242 
|U4XX -0.67818 0.55331 0.072572 -0.13635 0.27416 0.31886 0.4204 -0.086749 
ZATU644~B -1.5552 1.2276 0.24744 -0.23604 0.67276 0.73814 1.0271 -0.25556 
|GA2~A2X(GU4.SZE3)| -0.82073 0.62852 0.11828 -0.12989 0.3393 0.39986 0.49874 -0.12036 
IR11 -0.55857 0.44948 0.10288 -0.12471 0.24495 0.24222 0.32292 -0.089619 
|USZ~A&USZ~A| -0.99279 0.75906 0.13938 -0.14034 0.41524 0.48497 0.60955 -0.18921 
|KU6~A+KU6~A| -0.89326 0.70743 0.12163 -0.14782 0.37865 0.44287 0.54522 -0.15246 
|DUG~BXHI| -0.64384 0.53398 0.086868 -0.092582 0.26365 0.30675 0.40195 -0.12807 
ZATU728 -1.5618 1.2001 0.25077 -0.24862 0.67093 0.7409 1.0228 -0.22367 
ZATU786 -1.577 1.2301 0.27076 -0.27416 0.70228 0.76461 1.0513 -0.23805 
GISZGAL -1.0388 0.77019 0.14414 -0.14878 0.42192 0.50368 0.62584 -0.18559 
KUR@G~A -1.1156 0.89156 0.18486 -0.19741 0.47213 0.56821 0.68816 -0.19316 
|MAXMA| -0.67429 0.51873 0.07997 -0.1123 0.28835 0.32887 0.39114 -0.10179 
TAG~A2 -0.66385 0.51082 0.086118 -0.12528 0.29021 0.3601 0.41364 -0.11162 
KAD4~A -1.0202 0.78238 0.14109 -0.13836 0.41828 0.47461 0.63751 -0.15055 
GAKI -0.57112 0.46615 0.075781 -0.077026 0.2681 0.26848 0.36113 -0.11307 
GISZIMMAR~A2 -1.0227 0.80171 0.16361 -0.15889 0.42676 0.48367 0.62116 -0.17414 
AD~C -0.96473 0.73904 0.14423 -0.14844 0.40875 0.43716 0.58281 -0.16161 
|X -0.14165 0.16917 0.010451 -0.055256 0.066552 0.12218 0.062901 -0.019903 
SIG2~E -0.83828 0.63474 0.094977 -0.15468 0.36619 0.43085 0.49428 -0.13881 
UR3~B2 -0.84044 0.65859 0.1232 -0.15869 0.33235 0.43061 0.50457 -0.13484 
|GA2~A1XSUKUD| -0.8507 0.66599 0.13343 -0.14073 0.36776 0.42202 0.53261 -0.13297 
|SILA3~AXKU6~A| -1.3249 1.0337 0.19539 -0.20968 0.58248 0.63596 0.80729 -0.23211 
URI5 -0.58183 0.48801 0.059211 -0.12018 0.2719 0.25952 0.35327 -0.069606 
SZA3~C -1.4796 1.172 0.20355 -0.25378 0.61677 0.69605 0.91218 -0.23213 
GUKKAL~C -0.86054 0.68283 0.13505 -0.13788 0.39156 0.43907 0.54807 -0.13103 
|DUG~BXNAGA~A| -0.95587 0.76445 0.13845 -0.14314 0.40896 0.46245 0.58713 -0.16788 
ANSZE~E -0.72349 0.53557 0.09777 -0.095975 0.30871 0.33302 0.441 -0.10904 
ZATU694~B -1.6834 1.3512 0.27873 -0.24453 0.73443 0.8011 1.0794 -0.27105 
ZA~V -0.34115 0.26195 0.048571 -0.072146 0.15939 0.13743 0.24921 -0.078966 
TUR3~B -1.3026 1.0003 0.20461 -0.17837 0.52597 0.61701 0.76277 -0.18472 
SAG@G -0.92937 0.69387 0.12535 -0.14851 0.37438 0.42853 0.55784 -0.14668 
TUR@G -0.73475 0.52968 0.11827 -0.12307 0.29838 0.3227 0.40336 -0.12043 
LAHTA -0.14606 0.12654 0.026328 -0.03678 0.051437 0.056147 0.095916 -0.012537 
|U4X( -0.58784 0.51017 0.080364 -0.11755 0.27387 0.26935 0.40017 -0.085035 
DANNA -0.4686 0.43293 0.080454 -0.084606 0.18155 0.23535 0.27504 -0.082381 
GI4~B -1.4887 1.1552 0.19478 -0.20503 0.61555 0.70969 0.90968 -0.25844 
|DU8~CXAMAR| -0.46006 0.35768 0.059435 -0.061251 0.181 0.23976 0.27574 -0.067727 
|EZEN~AXSU~A| -0.98712 0.77697 0.14815 -0.13946 0.41704 0.48691 0.61866 -0.15728 
NIGIN -0.62977 0.53038 0.088692 -0.11803 0.27077 0.30197 0.37066 -0.10311 
IB~B -1.4918 1.1857 0.2248 -0.21653 0.61955 0.73581 0.90914 -0.27846 
|(BU~A&BU~A).NA2~A| -0.68018 0.55508 0.093051 -0.098238 0.28839 0.33481 0.43689 -0.11188 
ZATU679 -1.527 1.2045 0.25136 -0.23856 0.65544 0.70781 0.98585 -0.21311 
|SILA3~AXGA~A| -1.2801 1.01 0.18693 -0.19931 0.55329 0.61818 0.79034 -0.22763 
UR3~A3 -0.65142 0.54863 0.11823 -0.09623 0.25392 0.31595 0.3986 -0.094503 
ANSZE~A -1.4121 1.1087 0.1979 -0.19063 0.60894 0.66538 0.87036 -0.21779 
USZ~B -1.4281 1.1246 0.22155 -0.21665 0.63004 0.66706 0.92168 -0.26207 
SZAKIR~B -1.4251 1.1259 0.20122 -0.22696 0.62435 0.662 0.86317 -0.24927 
SUR -0.82547 0.64708 0.054823 -0.12601 0.39273 0.39141 0.53156 -0.15272 
|NINDA2X -0.48595 0.41415 0.063798 -0.060899 0.20558 0.23263 0.29689 -0.076412 
ZATU735~A -1.7366 1.3706 0.28419 -0.30155 0.75924 0.8351 1.1446 -0.26908 
BUR~B -1.3484 1.0722 0.17581 -0.25174 0.57991 0.66856 0.85438 -0.21413 
|ZATU662X -1.1414 0.90297 0.1796 -0.17733 0.46936 0.53195 0.70971 -0.18306 
GIR~B -1.8272 1.4707 0.2821 -0.31873 0.75923 0.89959 1.1747 -0.32144 
NA~B -1.6321 1.279 0.23167 -0.25731 0.6973 0.7623 1.0191 -0.29905 
MA2 -0.92328 0.70378 0.12762 -0.13172 0.36409 0.38864 0.56971 -0.16647 
GESZTIN~A -1.111 0.88517 0.14048 -0.15512 0.487 0.54935 0.68412 -0.18929 
ALAN~A -1.3144 1.0512 0.17687 -0.2285 0.56207 0.64878 0.83139 -0.19714 
SZAB~B -1.7506 1.361 0.25139 -0.29901 0.72665 0.86036 1.0671 -0.28572 
GESZTU~C3 -0.7139 0.5674 0.10121 -0.11869 0.31827 0.36919 0.42253 -0.13625 
|U4XGI -0.56565 0.45663 0.083721 -0.084462 0.24661 0.27418 0.3721 -0.10211 
TU... -0.70194 0.56533 0.10995 -0.1089 0.26012 0.35087 0.44303 -0.11651 
ZAR~C -0.98997 0.75316 0.15362 -0.13887 0.38371 0.45005 0.6197 -0.13522 
ZATU732 -1.7059 1.3139 0.28256 -0.28391 0.73308 0.81493 1.1311 -0.2672 
ZATU630 -1.5112 1.1925 0.25855 -0.24614 0.63971 0.68443 0.9902 -0.24969 
ALAN~C -0.9423 0.74522 0.11349 -0.17086 0.37056 0.43521 0.57681 -0.13769 
NAM2@T -0.70388 0.56796 0.10205 -0.13808 0.33039 0.36727 0.44644 -0.11441 
UBI~C -0.59873 0.47392 0.063216 -0.083717 0.25555 0.27774 0.34788 -0.097928 
RI8~A -0.96623 0.7538 0.13791 -0.15307 0.40737 0.46178 0.61345 -0.13168 
|SAGXGESZTU~A| -1.1282 0.87105 0.15127 -0.16959 0.49634 0.57434 0.70303 -0.18681 
|SZU2.E2~A| -1.4207 1.1252 0.20104 -0.21535 0.60671 0.70547 0.89303 -0.22147 
ZATU628~B -1.5578 1.2366 0.26069 -0.25247 0.6777 0.74398 1.0179 -0.23244 
NA2~B2 -0.92367 0.71906 0.13257 -0.14244 0.36996 0.45276 0.57778 -0.13996 
ZATU713 -1.6937 1.3057 0.2758 -0.27082 0.73434 0.7879 1.1188 -0.27511 
|U4XGU4 -0.59705 0.49354 0.10755 -0.098967 0.23568 0.30397 0.37787 -0.084691 
ZAG~C -0.91393 0.72268 0.13496 -0.13874 0.37359 0.43844 0.57796 -0.15083 
|UR2X -0.3598 0.292 0.025102 -0.084636 0.15187 0.17928 0.26807 -0.068694 
ZATU676~B -1.5752 1.2237 0.25638 -0.23046 0.67468 0.752 1.0325 -0.23144 
|DUG~BXGISZ| -0.67091 0.52866 0.11319 -0.097272 0.28893 0.31239 0.41755 -0.12794 
ZATU821 -1.3219 1.0589 0.23417 -0.2233 0.58295 0.60838 0.87356 -0.21278 
|DUG~BX(SZE~A.NAM2)| -0.64553 0.52743 0.089999 -0.094463 0.28244 0.30545 0.40769 -0.12793 
ZATU811 -1.3079 1.0199 0.20685 -0.21751 0.56552 0.60685 0.86534 -0.21091 
|SILA3~AXHI| -0.97644 0.77615 0.14272 -0.1618 0.40751 0.46244 0.59909 -0.18033 
ZATU639 -1.5446 1.2105 0.27021 -0.23601 0.64758 0.70018 1.0017 -0.2342 
|DUG~BXHI@G~A| -1.1035 0.88575 0.15806 -0.17503 0.45877 0.52567 0.68384 -0.19645 
|BU~A.DU6~A| -1.2788 1.0338 0.18674 -0.21306 0.55915 0.62927 0.77464 -0.20107 
SZIR~B -1.5973 1.308 0.23194 -0.25644 0.69922 0.76686 1.012 -0.26834 
|DUG~BXTI| -0.56718 0.46247 0.083564 -0.072114 0.24012 0.27122 0.35548 -0.10304 
ZATU697~B -1.6121 1.2689 0.25557 -0.27343 0.69546 0.76554 1.0367 -0.2522 
ZATU762~A -1.8173 1.4007 0.27617 -0.27639 0.78735 0.86056 1.1774 -0.2827 
|MAH~AXX| -0.45183 0.33601 0.08499 -0.067231 0.20878 0.21843 0.26776 -0.063634 
|U4.X -0.62089 0.53953 0.083439 -0.12423 0.27864 0.32208 0.43348 -0.10687 
GAGI -0.43798 0.34455 0.069533 -0.10131 0.23467 0.19754 0.27123 -0.11008 
GAEN~A -1.3773 1.0502 0.17846 -0.21492 0.5878 0.66106 0.87994 -0.23053 
NAGA~B -1.3497 1.0277 0.20069 -0.21186 0.58303 0.66417 0.83055 -0.23261 
|BAD&BAD| -0.3597 0.29487 0.030519 -0.049232 0.12378 0.16141 0.19688 -0.054514 
LISZ -0.68044 0.53758 0.12346 -0.11978 0.29189 0.33758 0.36157 -0.08631 
KUSZU2~B -1.2393 0.96508 0.17638 -0.22709 0.5179 0.60647 0.79192 -0.22447 
ZATU729 -1.5483 1.2127 0.25937 -0.26586 0.6713 0.72208 1.0236 -0.24133 
ZATU682 -1.5708 1.2239 0.26739 -0.25573 0.68702 0.7366 1.0566 -0.25132 
|SILA3~AXDUG~A| -1.3005 1.0341 0.19901 -0.2143 0.55709 0.6348 0.80258 -0.22067 
ZATU676~A -1.6519 1.2984 0.26625 -0.24779 0.72039 0.78984 1.058 -0.24744 
ZATU809 -1.2513 0.98079 0.19587 -0.22187 0.5495 0.57831 0.81937 -0.16936 
NANSZE~B -1.1616 0.86981 0.16919 -0.16225 0.48951 0.55614 0.73513 -0.19517 
LI -0.020857 0.10584 -0.019597 -0.077915 -0.0030604 0.018665 0.056464 -0.037173 
|DUG~BX -0.83728 0.68023 0.12585 -0.11206 0.36009 0.40026 0.52842 -0.16337 
GADA~B@G -0.3649 0.27391 0.043965 -0.067156 0.18092 0.18373 0.22688 -0.071676 
ALAN~B -1.2115 0.9629 0.15467 -0.21113 0.50855 0.59245 0.73622 -0.19834 
KAR -1.0259 0.79013 0.13275 -0.1145 0.4012 0.48077 0.64858 -0.13735 
|SILA3~AXGESZTU~C3| -0.84301 0.65613 0.13435 -0.12962 0.3671 0.41763 0.51403 -0.15366 
DU7 -0.83878 0.58175 0.087116 -0.12398 0.27757 0.40247 0.51783 -0.15899 
|U4XKASZ~B -1.0046 0.79558 0.13981 -0.17021 0.42761 0.49075 0.63973 -0.15954 
BIR3~B -1.115 0.86318 0.15644 -0.17972 0.46576 0.53443 0.67905 -0.17616 
|DU8~CXUDU~A| -1.0016 0.79547 0.13062 -0.14932 0.43046 0.49855 0.61588 -0.16064 
DARA3~C -1.0422 0.81466 0.14596 -0.17718 0.43696 0.52035 0.65375 -0.19998 
|HI.SUHUR| -0.23523 0.2094 0.066412 -0.037753 0.083825 0.10152 0.13586 -0.03413 
ZATU819 -1.2357 0.96995 0.20825 -0.20395 0.55369 0.57675 0.8306 -0.20183 
|DARA3~DXKAR2| -0.40714 0.33404 0.05926 -0.075445 0.18089 0.20439 0.279 -0.076273 
KISAL~B2 -1.1742 0.94191 0.14193 -0.18015 0.52227 0.58615 0.72019 -0.2018 
ZATU847 -1.3604 1.06 0.23916 -0.21653 0.6118 0.62768 0.89939 -0.22217 
ZATU631 -1.5483 1.2019 0.26898 -0.25089 0.66039 0.70393 1.011 -0.24783 
HI~A@G -0.61459 0.51416 0.071176 -0.12364 0.28164 0.30598 0.3997 -0.088864 
NANSZE~A -1.2648 0.97359 0.18815 -0.16909 0.54188 0.60945 0.77882 -0.20696 
EZEN~C -1.1675 0.87796 0.15902 -0.17569 0.44348 0.55319 0.70689 -0.18875 
SU3 -0.64485 0.48866 0.1152 -0.11139 0.26403 0.37042 0.40831 -0.17639 
|GIXKU~B1| -1.0154 0.80871 0.13171 -0.17426 0.42092 0.4658 0.62102 -0.1738 
SZITA~B2 -1.3175 1.0091 0.18235 -0.20272 0.53367 0.6427 0.77818 -0.20934 
|U4XAB~A -1.0748 0.88281 0.14852 -0.18466 0.46392 0.51926 0.68713 -0.1697 
MUSZ3~A@G -0.88591 0.70194 0.1164 -0.16947 0.38313 0.44074 0.5675 -0.14295 
UR3~A2 -0.88978 0.71558 0.12501 -0.13942 0.34638 0.41326 0.54034 -0.10512 
NA2~B1 -1.1395 0.88651 0.17725 -0.17505 0.481 0.5468 0.6682 -0.18771 
|UKKIN~BXDIN| -0.36423 0.27552 0.041589 -0.056881 0.16654 0.18575 0.21817 -0.051257 
DA~B -1.542 1.2043 0.19118 -0.24682 0.66666 0.72507 0.98115 -0.25566 
ZATU680~B -1.5605 1.2327 0.24946 -0.25644 0.66299 0.71031 1.0184 -0.22382 
|EN~A+NUN~B| -0.54707 0.41318 0.063787 -0.071609 0.2272 0.26194 0.33913 -0.10196 
UNUG~B -1.3384 1.0614 0.21961 -0.22611 0.57272 0.64102 0.85659 -0.20914 
SUHUR@T -0.6756 0.53382 0.09323 -0.13824 0.30117 0.32794 0.41776 -0.11148 
SZEN~E -1.1097 0.84085 0.18364 -0.16432 0.47466 0.54002 0.67865 -0.19379 
UMUX -0.32146 0.26134 0.040399 -0.0037007 0.13678 0.14601 0.23709 -0.070416 
E 0.0079619 -0.072952 0.10842 -0.080164 -0.093313 -0.01563 -0.038984 0.077934 
GISZIMMAR~A1 -1.251 0.96653 0.19386 -0.1815 0.51344 0.58641 0.76922 -0.2005 
ZATU711 -1.753 1.3497 0.30446 -0.29105 0.7535 0.80276 1.1459 -0.27882 
KALAM~G -0.90825 0.7458 0.11129 -0.14844 0.39096 0.41693 0.57713 -0.13215 
SZITA~B3 -1.0778 0.83679 0.17048 -0.15348 0.44149 0.54068 0.65676 -0.16889 
KA2~B -1.5716 1.2412 0.23814 -0.22598 0.6695 0.72715 0.95433 -0.24293 
TILLA2 -0.51319 0.37928 0.080935 -0.10859 0.22877 0.23812 0.29431 -0.089426 
|DUG~BXGESZTU~A| -0.99995 0.78645 0.15133 -0.1418 0.44209 0.49081 0.61283 -0.18419 
ENDIB -0.11942 0.081866 0.0072252 -0.034454 0.056618 0.047887 0.051755 -0.02813 
|U4.... -0.7351 0.62082 0.12627 -0.14486 0.29577 0.39208 0.4665 -0.11968 
TUKU -0.43439 0.33007 0.077824 -0.071817 0.15063 0.21969 0.24305 -0.063751 
BAPPIR~D -0.35433 0.27359 0.049548 -0.076585 0.15181 0.18578 0.21408 -0.058763 
TUM~B -1.3733 1.0793 0.24166 -0.20706 0.55919 0.65494 0.88735 -0.22703 
|DUG~BXSA~A| -1.0188 0.82376 0.13679 -0.15004 0.44937 0.47753 0.64945 -0.16898 
|(UDU~AXTAR)~A| -1.0141 0.81227 0.11981 -0.15004 0.43151 0.49186 0.60547 -0.18008 
|U4.KAR2~A -0.98908 0.79196 0.14284 -0.17673 0.43365 0.51868 0.63196 -0.14011 
ZATU839 -1.2719 1.0197 0.20272 -0.22027 0.55541 0.58007 0.83327 -0.20226 
DARA4~B -1.4962 1.1875 0.19524 -0.22204 0.6315 0.74394 0.94008 -0.25803 
AMA~B -1.1429 0.90424 0.16233 -0.14516 0.49832 0.54218 0.73163 -0.21587 
UDU~C -0.86187 0.67205 0.10635 -0.1176 0.35921 0.40899 0.5504 -0.13379 
ZATU624~A -1.6184 1.2842 0.2641 -0.25379 0.69965 0.78026 1.0609 -0.25375 
|DUG~BXSI4~A| -0.9574 0.77061 0.13773 -0.15616 0.41383 0.46344 0.60374 -0.1701 
UR~B -1.8664 1.4994 0.25926 -0.32357 0.7727 0.90121 1.1933 -0.32363 
ZATU762~B -1.707 1.3092 0.25244 -0.26973 0.7353 0.81278 1.1064 -0.28023 
ZATU621~A -1.5978 1.2609 0.27429 -0.24213 0.68703 0.74831 1.0558 -0.22458 
|GA2~A1XGIR~A| -1.2844 1.0092 0.19184 -0.2099 0.55473 0.6244 0.80435 -0.19641 
NAM~D -0.75081 0.58882 0.10904 -0.12988 0.34142 0.36953 0.48116 -0.11307 
TA~A -2.0501 1.6167 0.32469 -0.2666 0.87377 0.98545 1.2657 -0.3561 
|SILA3~AXHASZHUR| -0.81125 0.64873 0.1243 -0.13655 0.36073 0.40021 0.5068 -0.15063 
ZATU695 -1.585 1.2758 0.27231 -0.26661 0.69882 0.72738 1.0541 -0.24605 
LAGAR~B1 -1.1221 0.91567 0.15599 -0.17851 0.48913 0.58377 0.69624 -0.17303 
ABZU -0.11529 0.085655 0.043286 -0.0032744 0.030211 0.054368 0.090457 -0.046703 
GU4@G -0.76403 0.64284 0.10098 -0.13533 0.33967 0.38628 0.49838 -0.099758 
ZATU757 -1.7364 1.3241 0.29015 -0.28627 0.74612 0.81001 1.1402 -0.2674 
UMUGAL~A -0.80014 0.61153 0.10745 -0.12401 0.32053 0.36019 0.49159 -0.1149 
ZATU678 -1.5185 1.1941 0.27759 -0.22967 0.67483 0.70698 0.99837 -0.22498 
ME3 -0.41529 0.25341 0.070805 -0.079768 0.18337 0.2305 0.21909 -0.090119 
|DUG~BXTAK4~A| -0.89548 0.72613 0.13138 -0.12577 0.37075 0.43899 0.56279 -0.15258 
DARA4~C3 -0.97189 0.7486 0.11412 -0.14312 0.40442 0.47371 0.59729 -0.15917 
|DUG~BXANSZE~B| -0.65674 0.52791 0.10261 -0.089086 0.28053 0.3198 0.4178 -0.09679 
EDIN -0.39391 0.29272 0.086101 -0.059574 0.15953 0.16996 0.25545 -0.06947 
KID~C -0.99001 0.81071 0.15503 -0.17665 0.43744 0.4847 0.60587 -0.19485 
SAR~B -1.5451 1.2841 0.24559 -0.25131 0.64567 0.7862 0.98518 -0.23827 
|GA2~A1XSUHUR| -0.84573 0.67368 0.14281 -0.13051 0.37202 0.4147 0.53018 -0.13563 
URUDU@G~A -1.1407 0.9006 0.1597 -0.17345 0.49292 0.558 0.73288 -0.21277 
EZINU~C -0.63458 0.51073 0.084935 -0.086999 0.25014 0.31724 0.39098 -0.10383 
|GA2~A1XHI| -0.94929 0.74852 0.13601 -0.1425 0.41001 0.47038 0.60357 -0.15678 
IB~C -0.86796 0.6808 0.11535 -0.11971 0.34538 0.42953 0.48819 -0.14176 
|(SUKUD+SUKUD)~A| -0.73404 0.57679 0.095702 -0.12745 0.30382 0.36238 0.44239 -0.095459 
ANSZE~F -0.70152 0.52012 0.090254 -0.099853 0.28706 0.3102 0.44788 -0.092811 
NUNUZ~B1 -1.3044 1.0336 0.18988 -0.19767 0.58199 0.64176 0.79954 -0.21204 
MUD3~D -0.60669 0.45104 0.08629 -0.077212 0.23717 0.28869 0.33225 -0.085014 
GASZE~A -1.3781 1.0906 0.18079 -0.18985 0.61398 0.66307 0.85802 -0.22023 
|(DUBXDISZ)~A| -0.63854 0.5022 0.096829 -0.12089 0.26355 0.32117 0.39912 -0.09993 
|NUN~A+EN~B| -0.72182 0.54292 0.097228 -0.10624 0.29576 0.34254 0.42787 -0.11867 
ZATU636 -1.5224 1.2101 0.27815 -0.23219 0.63979 0.703 1.0112 -0.24242 
|SZITA~A1XUDU~A| -1.1693 0.91914 0.16092 -0.16911 0.49663 0.56669 0.72159 -0.18214 
ZATU751~B -1.7364 1.3328 0.27273 -0.27887 0.74406 0.82836 1.1246 -0.27115 
ZATU696 -1.604 1.2983 0.28885 -0.269 0.69951 0.74817 1.0685 -0.24707 
SZE~B -2.0853 1.649 0.2574 -0.31475 0.90089 0.99114 1.3239 -0.34628 
|ZATU714XHI@G| -1.0191 0.79198 0.16098 -0.15774 0.43451 0.47797 0.65191 -0.15938 
LAL3~A -1.1333 0.90217 0.15912 -0.16616 0.50129 0.5714 0.71153 -0.18659 
ZATU669 -1.4876 1.1606 0.25193 -0.21726 0.64211 0.69296 0.9754 -0.22985 
GAL -1.283 0.95805 0.19026 -0.21936 0.54469 0.59465 0.78135 -0.21556 
MURUB2 -0.69555 0.51837 0.10885 -0.13626 0.26022 0.3247 0.45491 -0.093059 
SUHUR@N -0.53361 0.44175 0.056185 -0.11008 0.25922 0.26437 0.31616 -0.087812 
|E2~BX -0.4887 0.39128 0.061828 -0.041494 0.1896 0.25316 0.3125 -0.068055 
URUDU@G~D -0.6329 0.50072 0.075749 -0.11931 0.26491 0.31099 0.41194 -0.11705 
DIB -0.48235 0.36387 0.072823 -0.09155 0.21918 0.28722 0.31064 -0.13895 
KUR~B -1.4304 1.1806 0.20705 -0.25363 0.61224 0.69364 0.88759 -0.23525 
|U4.EN~A -1.2438 0.97185 0.19325 -0.20121 0.53023 0.62129 0.7788 -0.19524 
|EZEN~AX(U2~B.A)| -0.50068 0.39711 0.066411 -0.10146 0.23085 0.25606 0.31444 -0.072445 
|LAGAB~AXPA~A| -1.1003 0.87846 0.13921 -0.18252 0.47514 0.54603 0.68167 -0.17545 
|NINDA2XHI| -0.42232 0.35297 0.046779 -0.055156 0.17434 0.20403 0.25403 -0.064221 
SILA3~B -1.4538 1.1327 0.22281 -0.25344 0.61762 0.72157 0.90355 -0.25497 
KAL~A -1.69 1.3105 0.23993 -0.23054 0.73872 0.84473 1.0609 -0.25291 
|U4XLAM~B -1.062 0.82986 0.1663 -0.15669 0.4542 0.5112 0.69708 -0.1532 
|GIXSZE3| -0.6231 0.50212 0.094134 -0.11192 0.28752 0.31437 0.39716 -0.095491 
SIPA -0.55562 0.43679 0.094153 -0.10115 0.21886 0.25989 0.35284 -0.077997 
|DUG~AX -0.86638 0.69115 0.14405 -0.14752 0.37646 0.41962 0.52115 -0.17763 
