719 8
</s> -1.2973 1.1362 -0.34041 -0.21868 0.47049 0.46851 0.72007 -0.37559 
... -1.1405 1.2579 -0.075021 -0.3097 0.5048 0.53211 0.82184 -0.34743 
X -1.1784 1.2942 -0.045316 -0.29221 0.45843 0.4803 0.81239 -0.38425 
EN~A -1.384 1.398 -0.093953 -0.33482 0.6224 0.56415 0.91106 -0.3703 
GAL~A -1.2389 1.2382 -0.094047 -0.30268 0.5609 0.47535 0.78353 -0.34765 
SZE~A -1.695 1.7857 -0.12455 -0.40629 0.76644 0.71102 1.0751 -0.48436 
AN -1.4001 1.3877 -0.12635 -0.34769 0.52077 0.5701 0.79068 -0.46554 
PAP~A -1.2628 1.2896 -0.060354 -0.28629 0.54891 0.56071 0.78292 -0.37489 
BA -1.3658 1.3413 -0.1509 -0.33245 0.6265 0.58768 0.7663 -0.432 
SAL -1.3903 1.413 -0.094205 -0.38037 0.60906 0.62955 0.81971 -0.38376 
N -0.76537 0.81291 0.00031402 -0.18469 0.23684 0.244 0.39348 -0.15672 
SANGA~A -1.1737 1.208 -0.069297 -0.32482 0.54735 0.48212 0.76407 -0.36245 
NUN~A -1.4029 1.4525 -0.09499 -0.32477 0.64221 0.60897 0.93507 -0.43434 
GI -1.4044 1.4031 -0.10192 -0.29116 0.63224 0.55862 0.85698 -0.45391 
SZU -1.7072 1.6382 -0.13654 -0.42057 0.7155 0.66387 1.0326 -0.43552 
E2~A -1.3464 1.4228 -0.061684 -0.32365 0.62939 0.55486 0.87032 -0.3828 
UDU~A -1.3578 1.4028 -0.06076 -0.33747 0.60391 0.55747 0.88827 -0.34514 
A -1.3569 1.3145 -0.057277 -0.40269 0.43678 0.53302 0.81061 -0.41483 
BU~A -1.3743 1.4673 -0.089837 -0.33568 0.6077 0.6179 0.88157 -0.38813 
KI -1.4237 1.3988 -0.18609 -0.31442 0.56022 0.62512 0.86015 -0.37915 
NAM2 -1.3874 1.3244 -0.11293 -0.36357 0.62723 0.63746 0.8228 -0.44911 
U4 -1.2683 1.2261 -0.082134 -0.29855 0.5422 0.45451 0.72836 -0.3629 
DU -1.3233 1.3437 -0.19268 -0.26755 0.50402 0.60234 0.8478 -0.37138 
PA~A -1.2908 1.3968 -0.10548 -0.36069 0.62094 0.56828 0.84498 -0.42649 
ME~A -1.2584 1.2581 -0.071311 -0.25725 0.5552 0.49714 0.7776 -0.37927 
SAG -1.4885 1.4158 -0.089662 -0.40884 0.62407 0.56948 0.92502 -0.40259 
AB~A -1.3765 1.4399 -0.094302 -0.40364 0.59414 0.57302 0.83781 -0.42149 
SI -1.4375 1.4084 -0.11209 -0.30238 0.60513 0.56587 0.89651 -0.45859 
GISZ -1.4715 1.4572 -0.064568 -0.37951 0.62189 0.60622 0.88081 -0.4187 
KU6~A -1.3607 1.3914 -0.087186 -0.30304 0.57292 0.52709 0.81194 -0.37981 
TUR -1.3546 1.3283 -0.042877 -0.29214 0.55173 0.53876 0.77448 -0.37552 
BAR -1.321 1.3859 -0.080366 -0.32294 0.57746 0.57774 0.76665 -0.39605 
AB2 -1.0807 0.99585 -0.091785 -0.29505 0.46908 0.42441 0.68326 -0.28282 
GAR -1.4525 1.494 -0.10295 -0.40074 0.62592 0.5918 0.93996 -0.45053 
SZITA~A1 -1.4334 1.4094 -0.10745 -0.34817 0.60509 0.5928 0.89179 -0.40035 
HI -1.1866 1.1983 -0.045687 -0.36255 0.4562 0.47006 0.72537 -0.29964 
TUG2~A -1.4356 1.4713 -0.062436 -0.39356 0.6508 0.60995 0.9359 -0.39014 
NE~A -1.1482 1.2099 -0.023318 -0.278 0.53255 0.4976 0.70771 -0.33386 
GU7 -1.1824 1.1937 -0.071699 -0.32247 0.52987 0.50166 0.73486 -0.30988 
TE -1.1385 1.1659 -0.13802 -0.28034 0.47215 0.42679 0.7453 -0.31784 
SUHUR -0.99076 1.0075 -0.065978 -0.25959 0.41104 0.41869 0.6039 -0.28882 
IB~A -1.3044 1.2996 -0.078403 -0.32374 0.5977 0.5636 0.75166 -0.33448 
SZU2 -1.521 1.5018 -0.11784 -0.37905 0.65533 0.62665 0.94639 -0.4078 
SZUBUR -1.2773 1.2532 -0.08904 -0.34648 0.54609 0.51591 0.78232 -0.39294 
MUSZ3~A -1.3775 1.4031 -0.10824 -0.39402 0.60686 0.573 0.88403 -0.3801 
NI~A -1.4617 1.5411 -0.1207 -0.35455 0.70307 0.56287 0.9364 -0.42801 
MUSZEN -1.3505 1.3371 -0.11454 -0.37125 0.57505 0.55153 0.82975 -0.36835 
SU~A -1.4344 1.5216 -0.063097 -0.38535 0.65925 0.64628 0.92112 -0.38293 
UNUG~A -1.1884 1.2293 -0.028387 -0.30974 0.55875 0.48286 0.77214 -0.33426 
GA~A -1.5618 1.609 -0.10307 -0.45041 0.75811 0.65432 1.0557 -0.46749 
DUG~A -1.4546 1.496 -0.075889 -0.3657 0.66981 0.60854 0.91402 -0.44154 
DA~A -1.4172 1.5042 -0.091815 -0.35124 0.67417 0.58077 0.94407 -0.38819 
KUR~A -1.2855 1.4071 -0.091344 -0.34036 0.57146 0.58127 0.81265 -0.32867 
RAD~A -1.3879 1.3827 -0.076339 -0.34022 0.64415 0.56657 0.87747 -0.39163 
UD5~A -0.91752 0.93187 -0.026457 -0.25583 0.42468 0.38004 0.61479 -0.26652 
DUG~C -1.2199 1.204 -0.089092 -0.27661 0.49376 0.50534 0.73525 -0.35664 
KISAL~B1 -1.3204 1.339 -0.11213 -0.31281 0.58571 0.54535 0.80376 -0.3824 
APIN~A -1.2524 1.3013 -0.081442 -0.3002 0.59158 0.54035 0.77222 -0.35057 
MASZ -1.269 1.304 -0.10063 -0.33741 0.5339 0.57819 0.79035 -0.36841 
ERIM~A -1.3582 1.3419 -0.10854 -0.33708 0.54625 0.52566 0.82491 -0.40096 
KU3~A -1.3056 1.3741 -0.073549 -0.33332 0.5942 0.51421 0.83062 -0.35587 
UDUNITA~A -0.87297 0.89753 -0.044028 -0.23431 0.41229 0.36073 0.57706 -0.24818 
GU4 -1.2724 1.254 -0.098858 -0.29416 0.55527 0.52133 0.80048 -0.35664 
MA -1.1175 1.0848 -0.060366 -0.2764 0.40758 0.51669 0.70587 -0.32763 
U8 -0.7019 0.65174 -0.036338 -0.14806 0.30332 0.28393 0.42003 -0.20604 
TAK4~A -1.2177 1.2102 -0.061312 -0.33188 0.52968 0.52582 0.76818 -0.31793 
UB -1.1738 1.1516 -0.13912 -0.25639 0.51147 0.44546 0.77374 -0.32093 
RU -1.1187 1.072 -0.11399 -0.31893 0.46742 0.46533 0.69113 -0.34745 
SZE3 -1.3422 1.3594 -0.095149 -0.35492 0.56104 0.5625 0.79932 -0.39846 
KISZ -1.2508 1.3061 -0.075195 -0.33684 0.56549 0.53791 0.76254 -0.34544 
| -0.74541 0.6374 0.045084 -0.22622 0.30751 0.30782 0.36435 -0.20872 
U2~B -1.4449 1.4623 -0.080613 -0.37475 0.60185 0.53362 0.88582 -0.41632 
TUR3~A -1.2777 1.3006 -0.064057 -0.31989 0.52606 0.51356 0.78324 -0.3446 
URU~A1 -1.3347 1.3603 -0.075745 -0.35847 0.54007 0.5812 0.85242 -0.39859 
MASZ2 -0.78675 0.77841 -0.044094 -0.19051 0.31708 0.31998 0.45064 -0.22514 
MAR~A -1.4012 1.4581 -0.066237 -0.36608 0.63033 0.60057 0.90494 -0.39925 
NUNUZ~A1 -1.5012 1.5025 -0.11372 -0.37059 0.6242 0.61503 0.92599 -0.46278 
HI@G~A -1.2462 1.2983 -0.039024 -0.32379 0.5629 0.52873 0.79785 -0.36385 
NAGA~A -1.3584 1.3691 -0.07036 -0.34674 0.63476 0.55749 0.84041 -0.4063 
E2~B -1.4126 1.397 -0.13042 -0.34477 0.63746 0.54833 0.89027 -0.42615 
SIG2~B -1.4321 1.4125 -0.12798 -0.36624 0.61362 0.58644 0.86993 -0.42705 
GUG2 -1.0152 1.0165 -0.037451 -0.25789 0.44783 0.40511 0.65923 -0.30228 
SUKKAL -1.0722 1.0476 -0.087168 -0.27437 0.4399 0.44772 0.63259 -0.30514 
AMAR -0.92517 0.92945 -0.09395 -0.20139 0.3605 0.40904 0.56586 -0.27609 
NA~A -1.4158 1.4619 -0.056874 -0.36734 0.70652 0.59993 0.90027 -0.40187 
DUB~A -1.3247 1.3494 -0.085859 -0.35459 0.55539 0.55348 0.77691 -0.35393 
KASZ~C -1.3047 1.2882 -0.10758 -0.29261 0.53402 0.51783 0.81361 -0.38665 
U2~A -1.4272 1.5217 -0.026142 -0.41532 0.64143 0.59957 0.92232 -0.37276 
ERIN -1.0826 1.0062 -0.089822 -0.29283 0.41203 0.42892 0.64838 -0.36068 
ZATU753 -1.5011 1.4511 -0.062407 -0.39288 0.65601 0.57308 0.9985 -0.4105 
PIRIG~B1 -1.1009 1.0768 -0.090719 -0.25395 0.47066 0.43433 0.66471 -0.30126 
KAB -1.0701 1.0793 -0.048026 -0.19578 0.45941 0.49399 0.59465 -0.30385 
SZA -1.6346 1.6627 -0.071591 -0.42432 0.6741 0.70465 0.97535 -0.4727 
LAGAB~B -1.5617 1.6174 -0.11421 -0.42995 0.65621 0.72827 0.9417 -0.48494 
AL -1.2445 1.2414 -0.10997 -0.33928 0.46435 0.57101 0.76168 -0.39473 
MU -1.4468 1.3759 -0.040007 -0.42722 0.51714 0.60342 0.81619 -0.43553 
ZATU659 -1.3664 1.346 -0.06174 -0.35847 0.59186 0.50906 0.87909 -0.37128 
DI -1.2107 1.2296 -0.11461 -0.31316 0.51793 0.46769 0.74504 -0.35363 
ZATU752 -1.5195 1.4418 -0.064978 -0.40548 0.67694 0.56417 0.99937 -0.42784 
|DUG~BXX| -0.62018 0.64483 -0.03745 -0.17114 0.29241 0.23121 0.38161 -0.17581 
GI6 -1.2083 1.2159 -0.081829 -0.27632 0.54879 0.50915 0.76512 -0.37572 
NAR -1.3423 1.2545 -0.080375 -0.32614 0.54747 0.62548 0.81264 -0.45407 
ZI~A -1.1621 1.3123 -0.068477 -0.29526 0.52615 0.499 0.75627 -0.30015 
DUG~B -1.4751 1.4856 -0.12447 -0.35391 0.63129 0.62275 0.93545 -0.44202 
KASZ~A -1.4415 1.4399 -0.10371 -0.32884 0.62046 0.582 0.92423 -0.39608 
UTUA~A -0.94982 0.96552 -0.06584 -0.23301 0.42069 0.3772 0.62782 -0.27027 
GADA~A -1.0183 1.0574 -0.094969 -0.26707 0.49161 0.44698 0.67949 -0.30348 
KASZ~B -1.3767 1.3754 -0.11922 -0.32258 0.58197 0.56473 0.88332 -0.37964 
MUD -1.2582 1.1622 -0.055075 -0.28472 0.49414 0.47368 0.72188 -0.35005 
NUN~B -1.361 1.3809 -0.11515 -0.32052 0.57553 0.5578 0.8842 -0.4332 
|U4X -1.0362 1.0711 -0.056741 -0.27518 0.45987 0.4422 0.69766 -0.2801 
HASZHUR -0.63177 0.65036 -0.057388 -0.17435 0.28802 0.28215 0.38423 -0.19352 
GIR3~C -1.3396 1.2978 -0.098855 -0.32734 0.53561 0.5244 0.84057 -0.35271 
UKKIN~A -1.1092 1.0981 -0.091117 -0.23617 0.47244 0.46508 0.69555 -0.32328 
SZA3~A1 -1.5162 1.4928 -0.12985 -0.41203 0.60112 0.59341 0.89548 -0.41845 
UR2 -1.4795 1.4894 -0.082115 -0.39295 0.60614 0.61963 1.006 -0.48176 
GA2~A1 -1.5828 1.5719 -0.13379 -0.41528 0.68512 0.63807 0.99996 -0.46062 
|SZE~A.NAM2| -1.0936 1.1089 -0.10787 -0.25668 0.48282 0.45521 0.67832 -0.33395 
NIN -1.2091 1.2665 -0.056775 -0.29909 0.52553 0.4676 0.74861 -0.40657 
AMA~A -1.2147 1.2659 -0.050054 -0.25108 0.5478 0.4886 0.76791 -0.34444 
GA -1.0231 1.0634 -0.080958 -0.28998 0.47795 0.39708 0.62772 -0.25952 
GU -1.3675 1.3388 -0.092733 -0.34393 0.525 0.6055 0.82404 -0.36007 
TAR~A -1.2468 1.2901 -0.052999 -0.32493 0.56726 0.52918 0.82402 -0.34608 
GIBIL -1.1974 1.1875 -0.099832 -0.31543 0.52849 0.5403 0.71949 -0.33588 
NAGAR~A -1.3155 1.3736 -0.090908 -0.34494 0.60694 0.5726 0.83719 -0.37333 
URI3~A -1.2198 1.2706 -0.075248 -0.3279 0.57898 0.50675 0.76945 -0.33061 
IM~A -1.4131 1.4931 -0.084342 -0.35621 0.63006 0.55892 0.88841 -0.40146 
KA~A -1.4585 1.5395 -0.0913 -0.34656 0.67525 0.59918 0.94347 -0.42397 
DIN -1.2048 1.1453 -0.076221 -0.31233 0.51126 0.50781 0.73875 -0.39666 
LA2 -1.3058 1.2624 -0.04997 -0.38353 0.61032 0.51104 0.72169 -0.40683 
NAGAR~B -1.2804 1.3299 -0.10608 -0.32886 0.58895 0.55352 0.81131 -0.38344 
SIG -1.4658 1.3466 -0.19255 -0.37388 0.57828 0.5992 0.85047 -0.4583 
NI~B -1.3416 1.4016 -0.099778 -0.31498 0.6069 0.58798 0.82184 -0.43503 
TI -1.1114 1.2067 -0.055935 -0.22706 0.45294 0.54145 0.73549 -0.25449 
HAL -1.3103 1.2512 -0.10384 -0.34168 0.52879 0.58288 0.77187 -0.37695 
SUG5 -1.1854 1.1266 -0.067023 -0.29741 0.49686 0.48161 0.65851 -0.33978 
NIM~A -1.5317 1.5864 -0.1199 -0.35743 0.66994 0.62892 0.92875 -0.43909 
AB~B -1.4468 1.4208 -0.090262 -0.34789 0.59498 0.60948 0.87639 -0.47212 
NAMESZDA -0.97772 0.94212 -0.067694 -0.2277 0.44483 0.40755 0.56904 -0.30803 
EZEN~B -1.3803 1.3564 -0.14562 -0.33386 0.58164 0.56052 0.83755 -0.42 
GESZTU~B -1.1933 1.1996 -0.10268 -0.30607 0.51996 0.50256 0.71801 -0.36302 
|GA~A.ZATU753| -1.0581 1.0151 -0.056366 -0.26343 0.43552 0.42996 0.6652 -0.29578 
E~A -1.4555 1.5142 -0.038669 -0.31544 0.68569 0.59231 0.9476 -0.40119 
NIMGIR -1.0112 0.9913 -0.095472 -0.23574 0.38824 0.40204 0.6165 -0.26799 
|GI&GI| -1.0205 0.96295 -0.086066 -0.25701 0.43497 0.41469 0.59682 -0.29646 
USZ~A -1.2595 1.273 -0.073232 -0.29458 0.58738 0.48233 0.80797 -0.38496 
SIG7 -1.0957 1.0564 -0.10835 -0.26516 0.51502 0.47527 0.70837 -0.32214 
SZAB~A -1.4108 1.4053 -0.10183 -0.4013 0.59832 0.59332 0.84533 -0.38655 
|NI~A.RU| -1.0724 1.0694 -0.10001 -0.29251 0.44865 0.43412 0.66008 -0.27697 
KU~B1 -1.6785 1.6495 -0.083422 -0.37796 0.66625 0.62762 0.98323 -0.4722 
UMU -0.78179 0.68173 -0.089366 -0.19233 0.30711 0.31692 0.45153 -0.20731 
BARA2~A -1.2895 1.3236 -0.084107 -0.31877 0.58666 0.56669 0.79157 -0.36752 
SAR~A -1.357 1.4243 -0.049139 -0.36108 0.58399 0.58698 0.8815 -0.33518 
SI4~A -1.449 1.5175 -0.093312 -0.335 0.69025 0.62079 0.93073 -0.41942 
UR~A -1.5632 1.7205 -0.12063 -0.42583 0.672 0.69349 1.0535 -0.42581 
EN~B -1.4367 1.4036 -0.13978 -0.33017 0.62719 0.56616 0.89544 -0.43637 
TU -1.1155 1.0419 -0.0082038 -0.25608 0.46006 0.43698 0.59401 -0.30023 
KID~B -1.3325 1.3492 -0.083291 -0.34464 0.59441 0.55782 0.79241 -0.42527 
ZAG~A -1.183 1.235 -0.054581 -0.29814 0.57098 0.48314 0.75605 -0.31906 
ZATU694~C -1.3196 1.3257 -0.062753 -0.33119 0.57429 0.50473 0.85567 -0.37566 
NESAG2~A -1.057 1.0691 -0.062712 -0.27487 0.47882 0.4409 0.64469 -0.27692 
GIR3@G~B -1.3301 1.3264 -0.095943 -0.3305 0.56349 0.53066 0.84527 -0.38184 
DUR2 -1.3186 1.2736 -0.10491 -0.32192 0.51184 0.54754 0.82118 -0.41411 
SZAGAN -1.2586 1.2516 -0.10347 -0.34541 0.51967 0.51668 0.74827 -0.35541 
ZATU647 -1.2918 1.2947 -0.038869 -0.33185 0.58328 0.50898 0.85909 -0.35334 
SI4~F -1.2386 1.2408 -0.11006 -0.28259 0.56602 0.52169 0.76467 -0.36247 
LAGAB~A -1.6498 1.7387 -0.11615 -0.48869 0.71883 0.77235 0.99853 -0.4959 
|U4XBAR -0.66266 0.68208 -0.035809 -0.18549 0.26334 0.26901 0.40345 -0.17997 
UR5~A -1.1298 1.1732 -0.090318 -0.29408 0.53853 0.46485 0.72525 -0.32684 
NA2~A -1.6012 1.6509 -0.091499 -0.41424 0.72806 0.66835 1.0095 -0.45724 
GIR2~A -1.2907 1.2869 -0.044397 -0.33543 0.54605 0.54506 0.81043 -0.32475 
ISZ~B -1.2008 1.2083 -0.084964 -0.29984 0.50957 0.50699 0.74621 -0.36511 
NIM~B1 -1.2574 1.286 -0.11409 -0.29666 0.54315 0.53615 0.77382 -0.3742 
GURUSZDA -1.1138 1.1149 -0.10408 -0.26902 0.45673 0.4707 0.67591 -0.34076 
DUB~B -1.4259 1.3806 -0.11835 -0.33707 0.55379 0.58505 0.87193 -0.40529 
SZAM2 -1.3542 1.3338 -0.10422 -0.32376 0.54533 0.56165 0.81587 -0.39093 
KISIM~A -1.0838 1.1477 -0.070555 -0.26986 0.4938 0.42745 0.68464 -0.31352 
NU -1.1789 1.19 -0.060391 -0.23125 0.44533 0.48079 0.73246 -0.33605 
GURUSZ~A -1.2664 1.261 -0.097941 -0.30946 0.5477 0.51784 0.79491 -0.36571 
SILA4~C -1.2945 1.2379 -0.089554 -0.27737 0.54393 0.5407 0.76445 -0.41685 
MUN~A1 -1.2047 1.2074 -0.093068 -0.30402 0.48178 0.51863 0.76236 -0.35511 
IDIGNA -1.0507 1.0357 -0.1286 -0.23118 0.40536 0.38255 0.65241 -0.3021 
KAR2~A -1.2849 1.2977 -0.097635 -0.32694 0.55056 0.54835 0.8016 -0.32512 
LAGAR~A -1.3061 1.3902 -0.090805 -0.34671 0.58416 0.60301 0.82949 -0.35633 
ZATU644~A -1.2955 1.3358 -0.051218 -0.33564 0.59916 0.52826 0.89193 -0.36252 
DIM~A -1.341 1.4184 -0.10136 -0.34342 0.61513 0.55856 0.85606 -0.35064 
KASKAL -1.1368 1.0868 -0.084181 -0.25166 0.4589 0.47705 0.6862 -0.30408 
SZIM~A -1.6451 1.7207 -0.11769 -0.39747 0.74305 0.65421 1.0416 -0.4644 
AK~A -1.3521 1.3856 -0.064897 -0.346 0.60818 0.58236 0.85928 -0.38277 
GARA2~A -1.3741 1.4294 -0.10407 -0.3546 0.62666 0.59104 0.88035 -0.3916 
GISZ3~B -1.3293 1.3209 -0.089089 -0.30913 0.59177 0.54289 0.82514 -0.3663 
LAM~B -1.5397 1.4972 -0.092022 -0.3595 0.66129 0.59816 0.94885 -0.4244 
ZATU648 -1.3195 1.3098 -0.034572 -0.34142 0.58267 0.50553 0.8776 -0.36234 
KALAM~B -1.3723 1.3585 -0.10788 -0.31457 0.57509 0.54392 0.85733 -0.36648 
|BU~A+DU6~A| -1.3159 1.3234 -0.11017 -0.32523 0.54426 0.55389 0.78935 -0.38704 
|DUG~CX -0.51617 0.5253 -0.024764 -0.13794 0.22496 0.2192 0.31105 -0.17038 
SA~C -1.527 1.4429 -0.10704 -0.35271 0.61985 0.59847 0.91779 -0.41574 
SZEN~B -1.6928 1.6731 -0.14993 -0.4131 0.74973 0.69987 1.0427 -0.53066 
SILA3~A -1.5463 1.5566 -0.083198 -0.39396 0.69036 0.63509 0.95002 -0.45476 
ZATU710 -1.4389 1.3667 -0.054457 -0.38774 0.62606 0.52954 0.93523 -0.41217 
ABGAL -0.78012 0.74525 -0.060794 -0.20547 0.29947 0.33692 0.46947 -0.23462 
ZATU773~A -1.4499 1.4502 -0.075872 -0.37516 0.63739 0.54785 0.96366 -0.41728 
|SAL.KUR~A| -1.4173 1.4036 -0.13593 -0.34517 0.59112 0.58331 0.88014 -0.39996 
GAN~A -1.3006 1.3645 -0.086449 -0.35269 0.60579 0.57991 0.88411 -0.36554 
SZURUPPAK~A -1.2001 1.1809 -0.083911 -0.25404 0.49316 0.48056 0.73086 -0.33333 
KAK~A -1.3388 1.3595 -0.072728 -0.27644 0.59243 0.54345 0.83738 -0.36473 
AD~A -1.3997 1.4683 -0.075844 -0.37362 0.66792 0.55827 0.93265 -0.37669 
DUR~B -1.3862 1.4018 -0.12407 -0.34534 0.58994 0.54949 0.89263 -0.44359 
ZABALAM~A -0.99383 1.0223 -0.041484 -0.24373 0.4396 0.38158 0.63691 -0.26947 
ZATU759 -1.4394 1.4101 -0.05131 -0.38322 0.6497 0.55434 0.96101 -0.37636 
BUR2 -0.95797 0.90358 -0.10145 -0.25357 0.38386 0.42336 0.60625 -0.25983 
SZAKIR~C -1.2624 1.227 -0.10723 -0.27963 0.52029 0.49111 0.75903 -0.37158 
MEN~A -1.2698 1.2916 -0.08522 -0.31788 0.5598 0.53773 0.83899 -0.37351 
NU11 -0.90108 0.84781 -0.068772 -0.18688 0.38562 0.34106 0.53336 -0.27759 
IR~A -1.3641 1.4312 -0.11214 -0.34733 0.63116 0.56825 0.85196 -0.35059 
ZATU649 -1.2804 1.3042 -0.04623 -0.35595 0.58106 0.49474 0.87844 -0.34867 
KINGAL -0.54848 0.558 -0.07235 -0.15343 0.24313 0.23762 0.31727 -0.15248 
GA'AR~A1 -1.041 1.0475 -0.062805 -0.28683 0.41542 0.43751 0.64603 -0.29082 
ADAB -0.70642 0.76402 -0.038973 -0.15155 0.30739 0.34598 0.43397 -0.20542 
LU2 -0.94577 0.95366 -0.051973 -0.28749 0.42587 0.40249 0.61185 -0.28248 
|GISZXSZU2~A| -1.4526 1.4337 -0.11215 -0.33914 0.60926 0.60276 0.87523 -0.42274 
I -0.9483 1.0372 -0.13451 -0.25626 0.3783 0.3878 0.58895 -0.34675 
MES -1.0711 1.0077 -0.081323 -0.21154 0.4717 0.40023 0.70733 -0.36222 
GUM~B -1.3035 1.3539 -0.050592 -0.32162 0.58801 0.50508 0.86403 -0.36938 
GISZIMMAR~B1 -1.0353 1.036 -0.059644 -0.24294 0.44654 0.40442 0.62955 -0.302 
UMBIN~A -1.0401 1.0637 -0.078857 -0.25235 0.46463 0.44032 0.63386 -0.25599 
ZATU686~A -1.4168 1.4175 -0.055546 -0.36947 0.62274 0.54728 0.94764 -0.38134 
GAN~B -1.2838 1.3227 -0.11284 -0.33815 0.57263 0.53672 0.82592 -0.37886 
URUDU~A -1.331 1.3997 -0.083619 -0.35137 0.58252 0.5656 0.89363 -0.38076 
LAL2~A -1.0359 1.112 -0.059826 -0.27979 0.48535 0.46406 0.65956 -0.29175 
ZATU751~A -1.4418 1.4337 -0.058466 -0.39706 0.65752 0.5749 0.94567 -0.38842 
PU2 -0.72049 0.70994 -0.03953 -0.18151 0.33274 0.29797 0.47085 -0.20489 
ESZDA -0.99086 0.9857 -0.058221 -0.22812 0.44223 0.40794 0.61054 -0.28928 
DU8~C -1.1305 1.1021 -0.087855 -0.28409 0.42191 0.45678 0.69596 -0.33786 
UTUL~A -0.92445 0.97967 -0.055338 -0.23314 0.38485 0.39373 0.59925 -0.24428 
GAN~C -1.1073 1.1215 -0.068065 -0.28878 0.46886 0.45543 0.71915 -0.28436 
BUR~A -1.2133 1.2821 -0.095785 -0.33941 0.5416 0.52957 0.77752 -0.32586 
ZATU714 -1.4879 1.4103 -0.059476 -0.39429 0.66207 0.53813 0.94067 -0.40764 
|SZU2.EN~A| -1.3282 1.3305 -0.11832 -0.33776 0.56882 0.57395 0.81236 -0.38584 
GA2~A2 -1.4175 1.3923 -0.10945 -0.37457 0.63006 0.57159 0.86589 -0.39778 
|TUG2~A.(BAD&BAD)| -0.62889 0.62319 -0.037254 -0.14715 0.25423 0.2553 0.40332 -0.16213 
GISZ@T -1.25 1.2367 -0.070081 -0.28826 0.53779 0.50338 0.75728 -0.35008 
SZIDIM -0.98434 1.0049 -0.070713 -0.2554 0.43146 0.38001 0.56911 -0.25631 
SZUM -1.2773 1.2604 -0.12558 -0.33331 0.50879 0.49218 0.75813 -0.32847 
BULUG3 -0.84443 0.82755 -0.067603 -0.19383 0.35776 0.35919 0.49853 -0.24518 
|NUN~A+EN~A| -1.0263 1.0135 -0.095736 -0.25484 0.43756 0.42821 0.6261 -0.30178 
|ZATU714XHI@G~A| -1.2668 1.2221 -0.094574 -0.31005 0.53297 0.49142 0.76817 -0.37318 
TUM~A -1.1857 1.2371 -0.023264 -0.30982 0.54665 0.47651 0.74975 -0.32669 
ZATU697~A -1.3697 1.4088 -0.069154 -0.37567 0.60315 0.54312 0.89078 -0.38771 
|ZATU737XSAL| -0.99884 0.96197 -0.058601 -0.2369 0.40664 0.37811 0.60612 -0.27646 
NI2 -0.85024 0.81716 -0.11163 -0.18462 0.31094 0.32575 0.50597 -0.24235 
ANSZE~B -1.1919 1.1561 -0.10842 -0.2862 0.51994 0.46686 0.7801 -0.32704 
|ZATU759XKU6~A| -1.23 1.1787 -0.071981 -0.30448 0.50226 0.47172 0.74851 -0.35119 
DILMUN -0.81775 0.77918 -0.071215 -0.19683 0.3358 0.32355 0.47399 -0.21665 
SZA3~A2 -1.3197 1.2675 -0.10848 -0.36724 0.52803 0.50714 0.76187 -0.34874 
SZEG9 -1.0334 1.0794 -0.083549 -0.2516 0.46563 0.4447 0.64641 -0.28027 
SAGSZU -0.931 0.90821 -0.079646 -0.22021 0.3674 0.37787 0.58734 -0.28346 
ZATU693 -1.2974 1.317 -0.050794 -0.34478 0.58117 0.50671 0.87822 -0.36472 
DU6~B -1.2569 1.2587 -0.068937 -0.31727 0.51198 0.51804 0.78283 -0.38132 
DARA4~A1 -1.1761 1.1867 -0.10443 -0.30557 0.49099 0.49813 0.74419 -0.34372 
NIR~A -1.3125 1.3945 -0.11042 -0.33388 0.59371 0.54832 0.81818 -0.35537 
SILA4~B -1.3152 1.2838 -0.097989 -0.30757 0.55937 0.55246 0.79849 -0.42641 
|E2~AX -0.83407 0.79695 -0.052636 -0.17001 0.3518 0.3627 0.50916 -0.2687 
PAD~A -1.0881 1.147 -0.072958 -0.30938 0.49015 0.443 0.70565 -0.27091 
SZELU -1.1323 1.1643 -0.06304 -0.27935 0.48012 0.42079 0.70308 -0.34293 
SZITA~A3 -1.151 1.1464 -0.057332 -0.26994 0.49131 0.48284 0.70399 -0.34777 
|ZATU651XEN~A| -1.2414 1.2205 -0.0767 -0.31072 0.50415 0.49795 0.75366 -0.35751 
ZATU628~A -1.322 1.3229 -0.046117 -0.34422 0.60704 0.51284 0.86094 -0.34232 
GAR3 -0.70308 0.70363 -0.063749 -0.1983 0.29034 0.29092 0.4706 -0.21698 
URI -0.83619 0.88643 -0.038961 -0.24288 0.34753 0.35066 0.55309 -0.2226 
KALAM~A -1.3557 1.3875 -0.10216 -0.34005 0.57844 0.52393 0.85441 -0.37736 
SZEN~C@T -0.93163 0.91513 -0.063941 -0.21766 0.39538 0.36739 0.563 -0.29883 
IN~B -1.464 1.4524 -0.088774 -0.34288 0.62957 0.58384 0.92446 -0.42949 
KISZIK~A -1.1705 1.2077 -0.070536 -0.2888 0.54172 0.47001 0.7395 -0.33722 
GUL -1.0354 1.025 -0.041012 -0.22546 0.48502 0.46465 0.63076 -0.29623 
KU~B2 -1.5007 1.4303 -0.087931 -0.34492 0.59457 0.58279 0.8818 -0.41264 
ZATU788 -1.3931 1.3628 -0.042377 -0.36652 0.61928 0.53829 0.90521 -0.39457 
GI4~A -1.3834 1.3868 -0.12734 -0.30804 0.60394 0.57427 0.8339 -0.36943 
SUM~A -1.2522 1.3093 -0.050329 -0.30519 0.58383 0.51249 0.80008 -0.32982 
DARA4~C2 -1.0537 1.0332 -0.09447 -0.24741 0.43893 0.44319 0.65162 -0.31291 
TU~A -1.5291 1.5559 -0.069384 -0.31713 0.66572 0.68564 0.97977 -0.39783 
TU~B -1.5953 1.5867 -0.068676 -0.39047 0.68177 0.66777 0.96917 -0.45989 
DAR~B -1.4542 1.469 -0.080173 -0.37196 0.6163 0.61373 0.94631 -0.44527 
|U4XTUR -0.62734 0.64107 -0.020051 -0.13463 0.26213 0.24387 0.39014 -0.18585 
ZATU662 -1.2067 1.2154 -0.026703 -0.3016 0.52325 0.44357 0.77833 -0.32864 
|SZE~A&SZE~A| -1.2413 1.2572 -0.13224 -0.30299 0.54364 0.50497 0.74897 -0.35201 
|ZATU737XDI| -0.96095 0.92248 -0.069212 -0.24316 0.39097 0.36493 0.59869 -0.27426 
MUD3~A -1.1889 1.2095 -0.082403 -0.32852 0.50871 0.48808 0.75188 -0.30953 
|U4. -1.1594 1.2227 -0.062353 -0.32041 0.49076 0.4837 0.73431 -0.31371 
GUKKAL~A -0.95455 0.97152 -0.068408 -0.22697 0.43329 0.40932 0.61132 -0.27355 
ISZ~A -1.2725 1.2683 -0.061318 -0.31058 0.54496 0.53522 0.77724 -0.35637 
SZITA~B1 -1.254 1.2479 -0.072087 -0.31028 0.53241 0.52878 0.76285 -0.34622 
DAH -0.70124 0.74226 -0.02884 -0.16826 0.33366 0.29232 0.44247 -0.19076 
BU3 -0.60321 0.59767 -0.040269 -0.15376 0.21962 0.26407 0.38573 -0.18501 
BAHAR2~B -1.1075 1.0755 -0.079429 -0.27701 0.45161 0.47132 0.65995 -0.32824 
KITI -1.058 1.0759 -0.1053 -0.24522 0.39006 0.40913 0.64913 -0.33125 
|GISZ.TE| -0.97362 0.9461 -0.071742 -0.24967 0.40991 0.41084 0.5629 -0.26014 
NUNUZ~C -1.37 1.3672 -0.10767 -0.33205 0.59909 0.54215 0.83921 -0.43 
TAG~A1 -1.0175 1.02 -0.089543 -0.27888 0.43936 0.44889 0.6271 -0.29378 
SILANITA -0.68043 0.64241 -0.036593 -0.16852 0.30251 0.28258 0.41979 -0.18198 
ZATU758 -1.4364 1.374 -0.066349 -0.39554 0.62806 0.55394 0.94041 -0.39197 
GA~B -1.3776 1.381 -0.10583 -0.38546 0.60881 0.58812 0.94048 -0.42243 
GESZTU~A -1.1479 1.1627 -0.081158 -0.27206 0.50766 0.51253 0.70644 -0.33359 
SIG2~A1 -1.3406 1.3329 -0.11326 -0.33389 0.56535 0.5689 0.83245 -0.37688 
SA~A -1.6338 1.6807 -0.10105 -0.37602 0.73673 0.6669 1.036 -0.44141 
DUR~A -1.3738 1.4155 -0.10351 -0.34469 0.58365 0.59153 0.88412 -0.39469 
|SAR~AXSZE~A| -1.3246 1.3543 -0.119 -0.31167 0.56542 0.54495 0.8076 -0.36969 
DAR~A -1.5091 1.5476 -0.067138 -0.38571 0.65688 0.63444 0.98936 -0.40427 
NESAG2~B -0.93092 0.9166 -0.064645 -0.23705 0.3953 0.38028 0.55006 -0.2441 
SZITA@G~A -1.1456 1.1473 -0.066935 -0.27398 0.48432 0.49306 0.71784 -0.33531 
GIR3~A -1.564 1.5626 -0.10411 -0.40754 0.66559 0.62566 0.97842 -0.41008 
SZAH2~A -1.137 1.1531 -0.053923 -0.28365 0.51453 0.47528 0.71009 -0.34469 
SZESZ~A -1.2804 1.292 -0.090555 -0.33845 0.57485 0.51136 0.80611 -0.35248 
UMUKU3~A -0.77881 0.81027 -0.051167 -0.18917 0.33983 0.29426 0.49408 -0.20796 
NINDA2 -0.71461 0.72308 -0.060351 -0.14667 0.29464 0.28177 0.4425 -0.19083 
ZATU726~D -1.0118 0.97176 -0.032812 -0.2908 0.44161 0.38649 0.65359 -0.27024 
SIG2~A2 -1.1675 1.1406 -0.10727 -0.3081 0.50425 0.48362 0.71104 -0.33233 
E~B -1.5748 1.5708 -0.11144 -0.36873 0.68642 0.61347 1.0738 -0.51052 
KISIM~B -1.0322 1.0399 -0.069729 -0.24887 0.43167 0.39696 0.64862 -0.30832 
GA... -0.65125 0.67059 -0.029003 -0.19185 0.28818 0.28421 0.44034 -0.20682 
KIR11 -0.76828 0.748 -0.043324 -0.20658 0.33788 0.30441 0.46355 -0.25745 
ZATU795 -1.447 1.372 -0.062886 -0.3591 0.62094 0.5707 0.94177 -0.40223 
ERIM2 -0.77856 0.71601 -0.07499 -0.18918 0.27234 0.29296 0.40457 -0.25277 
EZEN~A -1.3532 1.3432 -0.12159 -0.32403 0.56387 0.5656 0.85802 -0.38261 
|SZU&SZU| -0.90779 0.91476 -0.058945 -0.23291 0.3722 0.38396 0.59335 -0.24832 
TA~C -1.2537 1.2131 -0.11325 -0.26 0.49706 0.52803 0.75399 -0.36896 
MAR~B -1.3404 1.3937 -0.081205 -0.33196 0.58908 0.57152 0.8636 -0.43194 
ESZGAR -0.72876 0.69352 -0.047249 -0.17691 0.30626 0.2877 0.4538 -0.20261 
ZATU703 -1.359 1.2916 -0.057972 -0.36643 0.61779 0.52381 0.89233 -0.38087 
SIG2~A3 -0.91009 0.89822 -0.081125 -0.21042 0.38153 0.38721 0.54497 -0.27302 
ZATU764 -1.3554 1.3234 -0.060674 -0.37063 0.59326 0.51513 0.88577 -0.36814 
GIR~A -1.5129 1.6056 -0.074856 -0.42422 0.6643 0.66191 0.99393 -0.42621 
DIM~C -0.93831 0.94618 -0.10116 -0.21498 0.43666 0.39434 0.58729 -0.2777 
ENGIZ -0.81105 0.76863 -0.090325 -0.17739 0.35212 0.32824 0.47669 -0.21959 
BAHAR2~A -1.1298 1.1302 -0.068965 -0.28167 0.48575 0.48358 0.69736 -0.31644 
|ZATU651XGAR| -0.91477 0.91468 -0.039411 -0.239 0.35128 0.34597 0.56338 -0.2499 
ZATU735~B -1.3947 1.3589 -0.063238 -0.38407 0.63107 0.53983 0.90604 -0.39484 
ZATU720 -1.259 1.2215 -0.050568 -0.34158 0.54445 0.47874 0.83005 -0.34613 
|U4X... -0.72473 0.73495 -0.032917 -0.17672 0.29529 0.29996 0.47871 -0.17681 
|KA2XLAM| -0.64943 0.6568 -0.048792 -0.1582 0.28409 0.27514 0.37951 -0.19527 
NIM~B2 -1.0296 1.0474 -0.1062 -0.2434 0.4376 0.43791 0.64628 -0.30488 
DU8~C@G -0.67853 0.64891 -0.073345 -0.17211 0.24707 0.27984 0.40118 -0.22673 
|E -0.30579 0.28725 0.027278 -0.16389 0.092305 0.17326 0.21626 -0.086862 
|DUG~BXSIG7| -0.5623 0.57546 -0.038439 -0.15084 0.25025 0.21854 0.36353 -0.16783 
ZATU776 -1.3177 1.2779 -0.024748 -0.3548 0.57904 0.49848 0.87149 -0.38606 
SZA@G -1.0401 1.0258 -0.07572 -0.28648 0.41417 0.40136 0.62228 -0.30711 
SUM~B -1.2535 1.2422 -0.069572 -0.27987 0.51241 0.49221 0.79357 -0.31075 
NAB -1.0656 1.0492 -0.11158 -0.272 0.48444 0.48569 0.64159 -0.36986 
|SAGXMA| -1.3043 1.2445 -0.14039 -0.32545 0.54739 0.55168 0.77993 -0.38459 
ZATU749~B -1.3371 1.3272 -0.048802 -0.34101 0.58717 0.51935 0.87971 -0.38383 
ASAR -0.71943 0.76009 -0.056145 -0.15493 0.30992 0.30463 0.41657 -0.22259 
KASZ~D -0.91349 0.88098 -0.087151 -0.22686 0.37096 0.35511 0.5525 -0.26606 
|LAGAB~AXSZITA~A1| -1.059 1.0652 -0.084569 -0.2741 0.45539 0.45208 0.65847 -0.30758 
NU@G -0.67948 0.65052 -0.023264 -0.16019 0.27751 0.25496 0.3892 -0.22367 
|(UDU~AXTAR)~B| -0.75579 0.75057 -0.083787 -0.17392 0.31308 0.30531 0.44216 -0.23598 
PIRIG~A1 -0.9803 0.98431 -0.068536 -0.23306 0.40256 0.38324 0.61349 -0.26891 
BALA~A -1.0811 1.1368 -0.098834 -0.27727 0.481 0.49136 0.72264 -0.32021 
BALAG -0.70644 0.6614 -0.068027 -0.16726 0.26783 0.28492 0.44108 -0.19531 
UMU... -0.55562 0.54627 -0.044357 -0.1359 0.20514 0.22126 0.32774 -0.15016 
MIR~A -1.1446 1.1971 -0.08554 -0.32651 0.5221 0.47704 0.70253 -0.30152 
BAHAR2~C -0.83162 0.80822 -0.059949 -0.18387 0.33561 0.36356 0.49875 -0.2517 
BAD -0.87328 0.83423 -0.047489 -0.21053 0.39716 0.35304 0.49737 -0.24959 
ZATU629 -1.2906 1.2587 -0.039164 -0.35875 0.57094 0.4963 0.83907 -0.34847 
PAP@T -0.77398 0.7825 -0.04232 -0.15892 0.30439 0.35173 0.49865 -0.21084 
DARA4~C1 -0.93807 0.90995 -0.071428 -0.23532 0.39259 0.39482 0.58455 -0.28057 
AGAR2 -0.63285 0.66319 -0.057349 -0.16877 0.29471 0.26408 0.41924 -0.20676 
KID~A -1.2175 1.2947 -0.076996 -0.28032 0.55952 0.50726 0.78745 -0.36642 
TUG2~A@G -0.8837 0.87165 -0.05568 -0.23935 0.40461 0.37371 0.56126 -0.25291 
ZATU725 -1.2993 1.2605 -0.032056 -0.35156 0.56908 0.49404 0.8586 -0.34475 
ZATU756 -1.4349 1.3652 -0.054063 -0.38969 0.62919 0.54095 0.93942 -0.40194 
ZATU777 -1.2976 1.2463 -0.031413 -0.35328 0.57442 0.4871 0.85848 -0.37132 
|SILA3~AXSZE~A@T| -1.0022 1.0137 -0.087419 -0.24004 0.44452 0.40543 0.61266 -0.3073 
AZ -0.65681 0.65103 -0.070394 -0.17686 0.2467 0.2607 0.44166 -0.25118 
SAG@N -0.74933 0.70264 -0.038892 -0.16563 0.29601 0.31321 0.43446 -0.24102 
|DUG~BXDIN| -0.57901 0.58675 -0.02996 -0.15407 0.27428 0.23075 0.36962 -0.17036 
SZEN~A -1.6929 1.6689 -0.11935 -0.4179 0.75908 0.7 1.0699 -0.48459 
GA2~B -1.5743 1.5766 -0.14099 -0.39658 0.70055 0.63256 0.97821 -0.45879 
UR4~B -1.2147 1.1913 -0.11632 -0.27392 0.51713 0.51017 0.75288 -0.36293 
|DUG~BXSZE~A| -1.1494 1.188 -0.099963 -0.28121 0.50169 0.45933 0.71786 -0.32992 
|SILA3~AXX| -1.0031 0.97758 -0.061401 -0.2384 0.43739 0.40651 0.60392 -0.30383 
|SILA3~AXGARA2~A| -1.1915 1.196 -0.10314 -0.29435 0.51633 0.49071 0.73424 -0.35892 
MUNSZUB~B -1.24 1.1989 -0.077455 -0.31656 0.52094 0.47769 0.74837 -0.33639 
ZATU651 -1.3941 1.4092 -0.032682 -0.3677 0.60969 0.52943 0.90598 -0.39978 
GA'AR~A2 -0.791 0.80731 -0.040196 -0.23308 0.31667 0.33102 0.47666 -0.22559 
|SILA3~AXSZU| -1.1368 1.1379 -0.082549 -0.27915 0.50463 0.46958 0.70345 -0.35465 
BARA3 -0.64866 0.64454 -0.014643 -0.16454 0.30421 0.29587 0.34393 -0.17128 
TI@T -0.78157 0.76102 -0.083712 -0.17357 0.31605 0.31258 0.51233 -0.17841 
NUN~C -1.1178 1.107 -0.086783 -0.26366 0.44729 0.45283 0.69117 -0.35183 
SILA4~A -1.3341 1.3307 -0.081521 -0.32388 0.59679 0.56474 0.82091 -0.39432 
ZATU625 -1.2885 1.2691 -0.043952 -0.34085 0.55617 0.4905 0.83826 -0.34936 
BIR3~A -1.0714 1.0876 -0.078994 -0.27013 0.45382 0.43495 0.65482 -0.29785 
BAN~A -1.229 1.3037 -0.09697 -0.31243 0.56069 0.52564 0.78698 -0.36207 
ZATU718 -1.4072 1.3398 -0.06813 -0.35838 0.60721 0.54109 0.90438 -0.41002 
MUNU3 -0.56824 0.56246 -0.014688 -0.1581 0.24449 0.20791 0.37282 -0.16489 
MIR~B -1.0622 1.0725 -0.074256 -0.30977 0.45983 0.43762 0.6667 -0.32197 
|... -0.733 0.7008 -0.053035 -0.16845 0.23972 0.31492 0.45119 -0.2127 
GUM~A -1.3178 1.398 -0.039193 -0.33831 0.61994 0.53767 0.85701 -0.37599 
BAN~B -1.2038 1.2171 -0.092955 -0.30319 0.5274 0.48807 0.7482 -0.3706 
SZIR~A -1.3614 1.4157 -0.081448 -0.34605 0.61417 0.5614 0.87159 -0.36407 
|DUG~BXMASZ| -0.57811 0.59166 -0.050452 -0.15682 0.25275 0.22766 0.34548 -0.16136 
GAX -0.73324 0.7403 -0.086616 -0.19733 0.36549 0.35216 0.46266 -0.26883 
ZATU687 -1.324 1.2918 -0.03766 -0.35884 0.59052 0.48795 0.84557 -0.3395 
KISAL~A1 -1.0728 1.0872 -0.073756 -0.26305 0.49151 0.45659 0.65789 -0.31804 
RAD~A@G -0.85806 0.80601 -0.072217 -0.19324 0.37241 0.33767 0.5121 -0.23733 
ZATU694~D -1.0364 1.0561 -0.043118 -0.27048 0.47486 0.39728 0.68944 -0.30425 
GAZI -0.31428 0.3541 -0.015373 -0.093149 0.14131 0.13509 0.21855 -0.11123 
KAL~B2 -1.0629 1.0447 -0.12232 -0.25384 0.44286 0.45872 0.67608 -0.32413 
SANGA~B -0.95918 0.98575 -0.061293 -0.25727 0.43156 0.38212 0.62641 -0.29681 
ZATU750 -1.3967 1.3526 -0.056191 -0.39207 0.6359 0.54101 0.92937 -0.38888 
NUMUN -0.67352 0.69608 -0.080186 -0.17537 0.26052 0.27451 0.42319 -0.20274 
|GISZXSZU2~B| -1.054 1.0411 -0.072486 -0.24255 0.43213 0.43378 0.64058 -0.32292 
ZATU651@G -1.1335 1.1261 -0.04753 -0.31204 0.48493 0.43995 0.74216 -0.30819 
DAM -0.60425 0.54109 -0.024868 -0.17644 0.24012 0.23702 0.38396 -0.15232 
SZUR2~A -1.4313 1.4432 -0.090551 -0.36631 0.61987 0.59641 0.92291 -0.38116 
TAG~B -1.0864 1.0634 -0.11459 -0.28859 0.46688 0.4617 0.67421 -0.31362 
UTUA~B -0.813 0.80632 -0.093788 -0.22985 0.36352 0.32575 0.5281 -0.2544 
SUKUD -0.65865 0.63305 -0.04468 -0.16766 0.28639 0.29804 0.38443 -0.1796 
ZATU686~B -1.3778 1.3737 -0.048719 -0.35976 0.59129 0.52362 0.92389 -0.39305 
|GA2~A1XX| -0.92477 0.91992 -0.054455 -0.23196 0.40099 0.37117 0.57646 -0.27404 
GISZ3~A -1.4641 1.5008 -0.098398 -0.36887 0.64718 0.60936 0.93665 -0.40489 
LUM -0.60113 0.5518 -0.066358 -0.1599 0.22059 0.24802 0.38589 -0.18666 
SZE~A@T -1.0646 1.1085 -0.10392 -0.25515 0.47436 0.41606 0.65738 -0.31023 
UDUNITA~C -0.67018 0.66791 -0.05132 -0.17168 0.27232 0.27133 0.42577 -0.19679 
NIR~B -1.2796 1.3284 -0.11491 -0.31671 0.57404 0.51559 0.79427 -0.4136 
DU6~A -1.462 1.5317 -0.12277 -0.35221 0.61407 0.61226 0.89645 -0.42858 
|(SZAXHI@G~A)~A| -0.65997 0.66318 -0.058816 -0.16218 0.27496 0.27462 0.39187 -0.19036 
RAD~B -1.1518 1.0778 -0.070321 -0.27893 0.49893 0.43031 0.66942 -0.33469 
GU~A -1.6813 1.702 -0.06168 -0.43261 0.74812 0.71241 1.0956 -0.44481 
NUNUZ~A2 -1.2013 1.2085 -0.095032 -0.29827 0.53233 0.49664 0.7257 -0.37271 
|ZATU737XX| -1.0606 1.0126 -0.064533 -0.25698 0.44007 0.40788 0.64544 -0.28688 
UH3~A -1.0335 1.0483 -0.040217 -0.29122 0.44348 0.41536 0.6363 -0.29612 
|NIR~AXAN| -0.68123 0.69599 -0.076436 -0.17442 0.3051 0.26785 0.41889 -0.18238 
UR4~A -1.1977 1.2156 -0.064052 -0.28398 0.53561 0.53381 0.78631 -0.33925 
TUM~C -0.93367 0.90475 -0.039749 -0.22254 0.41049 0.36103 0.58749 -0.26519 
|KUR~A.E2~A| -0.95148 0.94946 -0.098007 -0.24594 0.39055 0.40009 0.59984 -0.26724 
BU~B -1.3992 1.3521 -0.11789 -0.39792 0.6139 0.58333 0.8925 -0.42743 
ENKUM -0.19927 0.21265 -0.034548 -0.058602 0.057002 0.052252 0.10884 -0.073825 
ZATU749~C -1.2079 1.1877 -0.03258 -0.31454 0.52802 0.46316 0.78151 -0.34378 
|SIXKU~B1| -1.0549 1.0602 -0.09207 -0.26174 0.42563 0.41732 0.6385 -0.30346 
LUGAL -0.54027 0.54703 -0.05436 -0.13389 0.2109 0.19031 0.32311 -0.13925 
|(SUKUD+SUKUD)~B| -0.33779 0.32743 -0.032926 -0.094762 0.13341 0.13695 0.20544 -0.087076 
|SZU2.E2~B| -0.86372 0.86237 -0.066263 -0.21029 0.34948 0.37326 0.52472 -0.25667 
|GA2~A1XU4| -0.76127 0.7701 -0.04291 -0.19052 0.33119 0.31996 0.49593 -0.24369 
KA2~A -1.5444 1.606 -0.079151 -0.40444 0.71947 0.64137 0.99348 -0.42538 
EN~C -1.1895 1.1104 -0.11195 -0.2591 0.44985 0.44835 0.72709 -0.3271 
MAH~A -1.0807 1.103 -0.042467 -0.26465 0.46063 0.45205 0.68141 -0.28373 
IM~B -1.3237 1.2998 -0.10793 -0.30106 0.54106 0.50636 0.85958 -0.36419 
|GA2~A1XKU6~A| -1.1641 1.1325 -0.085521 -0.29567 0.49442 0.47258 0.70794 -0.33877 
SIMUG -0.61126 0.61512 -0.074079 -0.13648 0.29412 0.23626 0.34151 -0.19048 
HI@G~B -1.1472 1.1746 -0.051605 -0.29086 0.46648 0.47698 0.72294 -0.34295 
ZATU749~A -1.297 1.292 -0.039785 -0.34842 0.59444 0.52786 0.86623 -0.36474 
|NUN~A+NAM2| -0.73174 0.72611 -0.063201 -0.1846 0.31858 0.32981 0.45671 -0.22642 
ALIM -0.41955 0.37138 -0.0033125 -0.12197 0.18305 0.14374 0.2566 -0.11825 
|ZATU737XBUR~A| -1.2806 1.2506 -0.097878 -0.33592 0.51542 0.51057 0.79997 -0.3591 
ARARMA2~A -0.77693 0.79551 -0.032217 -0.21474 0.36 0.3226 0.50779 -0.20992 
GALGA~A -0.89224 0.9011 -0.056298 -0.22215 0.4187 0.37398 0.59867 -0.26584 
TI~A -1.1905 1.2917 -0.016315 -0.29903 0.56091 0.50333 0.76896 -0.34669 
NUNUZ~A0 -1.1226 1.1223 -0.078199 -0.26808 0.47544 0.44803 0.68808 -0.36284 
|ZATU651XNUN~A| -1.1529 1.1386 -0.069705 -0.2816 0.46076 0.45061 0.69611 -0.34174 
SZUR2~B -1.3802 1.3535 -0.097253 -0.3366 0.57051 0.55224 0.8497 -0.38734 
APIN~B -1.0351 1.0763 -0.054465 -0.26149 0.4683 0.41596 0.66861 -0.32801 
|NINDA2XX| -0.44354 0.44938 -0.038561 -0.10195 0.18115 0.17882 0.25659 -0.12389 
|MUSZENX -0.76767 0.74394 -0.049297 -0.20816 0.32499 0.30725 0.46037 -0.21227 
EZINU~A -1.0301 1.0429 -0.080158 -0.23646 0.44423 0.45598 0.62159 -0.28443 
UKKIN~B -0.99761 0.96108 -0.10734 -0.20347 0.42157 0.4007 0.60725 -0.31666 
SZE3@T -0.90027 0.92711 -0.082522 -0.21185 0.38066 0.37418 0.55616 -0.25403 
|U4.SZU2| -0.94622 0.95931 -0.066464 -0.24658 0.4094 0.41605 0.6042 -0.2742 
ZATU623 -1.25 1.2408 -0.045552 -0.32431 0.54919 0.48322 0.84576 -0.3383 
GAL~B -1.2658 1.2636 -0.11052 -0.33519 0.55212 0.53383 0.82879 -0.38794 
|GA2~BXDUB~A| -0.88663 0.87492 -0.086129 -0.2201 0.36783 0.38604 0.5397 -0.25336 
KIB -0.90682 0.90633 -0.076501 -0.23323 0.41882 0.38893 0.53706 -0.33408 
|MAH~AXMASZ| -0.40001 0.39526 -0.048105 -0.10798 0.17253 0.15682 0.22973 -0.11135 
|ZATU737XU4| -0.92011 0.88599 -0.061667 -0.23279 0.37272 0.3531 0.58438 -0.2567 
SUG -0.91458 0.90499 -0.053185 -0.21302 0.42061 0.41609 0.51548 -0.23659 
|SILA3~AXSZU2| -1.1601 1.1557 -0.090126 -0.28651 0.51447 0.49667 0.70627 -0.36539 
DARA4~C4 -0.91395 0.89802 -0.084639 -0.21441 0.3725 0.37943 0.57578 -0.26307 
GURUSZDA~A -1.1616 1.1867 -0.099124 -0.27461 0.50063 0.48775 0.73108 -0.35234 
UR3~B1 -1.0793 1.0618 -0.068828 -0.24016 0.42054 0.44145 0.63796 -0.29433 
ZATU707~A -1.4381 1.4274 -0.059741 -0.38127 0.62947 0.56524 0.93373 -0.40239 
EN@G~B -0.93604 0.89865 -0.080049 -0.243 0.38249 0.36806 0.55993 -0.27417 
HALUB -0.30204 0.32022 -0.0063043 -0.10351 0.12635 0.10508 0.19853 -0.092377 
KAR2~B -1.1947 1.1786 -0.10284 -0.30685 0.49175 0.4873 0.73637 -0.34353 
NANNA~A -0.83632 0.84279 -0.061462 -0.21789 0.38322 0.38923 0.53507 -0.25364 
IL -0.7784 0.7439 -0.056917 -0.19644 0.27314 0.27781 0.41279 -0.16812 
GIR3@G~C -1.0792 1.085 -0.074914 -0.27227 0.46163 0.43263 0.68081 -0.33484 
SIG2~D1 -0.63564 0.6257 -0.083165 -0.18228 0.28264 0.26499 0.37463 -0.21227 
|DUG~BXBALA~A| -0.78867 0.81611 -0.082342 -0.2085 0.3461 0.32221 0.48927 -0.24392 
|DUG~BXKASKAL| -0.53317 0.54065 -0.033398 -0.128 0.24684 0.21684 0.33304 -0.17053 
|LAGAB~AXSZA| -1.1453 1.1612 -0.10451 -0.30408 0.49285 0.48824 0.70422 -0.33556 
NINKUM -0.34736 0.35772 -0.036088 -0.068503 0.13826 0.13087 0.19826 -0.10481 
|SILA3~AXNI~A| -1.1054 1.1185 -0.08943 -0.2773 0.49048 0.45063 0.68568 -0.32874 
SZURUPPAK~B -1.0818 1.0612 -0.078455 -0.21951 0.43076 0.44026 0.64998 -0.2998 
|U4XSZE~A -1.1217 1.1827 -0.065527 -0.28744 0.49263 0.46865 0.72957 -0.31443 
GUB3~A -1.0063 1.0439 -0.041061 -0.26068 0.46047 0.38529 0.66028 -0.26662 
NAM~A -1.449 1.5016 -0.077602 -0.39506 0.70303 0.6043 0.94738 -0.42131 
|LAGAB~B.TE| -0.74728 0.7345 -0.061447 -0.21644 0.31514 0.326 0.44293 -0.21393 
SZENNUR~A -0.91647 0.95993 -0.068057 -0.25679 0.40772 0.41555 0.59432 -0.25532 
ZATU646 -1.246 1.2691 -0.024655 -0.33955 0.56581 0.48627 0.82379 -0.34124 
|GA2~A1XGESZTU~C5| -0.67693 0.66647 -0.048512 -0.1675 0.30897 0.29011 0.41704 -0.19837 
ZATU681 -1.3043 1.2906 -0.033672 -0.35046 0.57517 0.47274 0.8589 -0.36366 
EZINU~D -0.56495 0.54724 -0.065719 -0.13383 0.23236 0.24936 0.33364 -0.14255 
|U4XX -0.73578 0.75628 -0.069803 -0.21718 0.29842 0.29311 0.46042 -0.18612 
ZATU644~B -1.2888 1.2919 -0.058575 -0.33353 0.57002 0.50479 0.85873 -0.37519 
|GA2~A2X(GU4.SZE3)| -0.74085 0.71428 -0.053799 -0.18367 0.30154 0.30729 0.447 -0.19895 
IR11 -0.45391 0.45901 -0.016441 -0.14444 0.20139 0.15817 0.26017 -0.13234 
|USZ~A&USZ~A| -0.82501 0.78182 -0.074524 -0.1821 0.33753 0.34388 0.49554 -0.26599 
|KU6~A+KU6~A| -0.79466 0.78905 -0.071797 -0.20135 0.3264 0.33702 0.47859 -0.23905 
|DUG~BXHI| -0.55334 0.59444 -0.041501 -0.14296 0.23345 0.21763 0.34983 -0.17901 
ZATU728 -1.3065 1.2631 -0.051799 -0.34541 0.57085 0.50857 0.84985 -0.34769 
ZATU786 -1.3118 1.2849 -0.041184 -0.3652 0.5938 0.52624 0.86884 -0.3632 
GISZGAL -0.92614 0.87381 -0.066768 -0.21565 0.37804 0.38282 0.56089 -0.27809 
KUR@G~A -0.89988 0.92382 -0.048052 -0.25691 0.38741 0.38849 0.55455 -0.26809 
|MAXMA| -0.58587 0.55597 -0.057942 -0.14402 0.24187 0.24356 0.32903 -0.16093 
TAG~A2 -0.61503 0.59903 -0.06742 -0.17454 0.26866 0.28537 0.37794 -0.18506 
KAD4~A -0.83994 0.8274 -0.061583 -0.19921 0.35184 0.32079 0.53413 -0.22349 
GAKI -0.58098 0.59701 -0.048272 -0.13188 0.27076 0.22929 0.36914 -0.19046 
GISZIMMAR~A2 -0.96201 0.95706 -0.052358 -0.24148 0.40907 0.37934 0.5852 -0.28077 
AD~C -0.96233 0.92478 -0.062046 -0.23067 0.40522 0.36064 0.57455 -0.27657 
|X -0.21304 0.26562 -0.03843 -0.086979 0.092726 0.13639 0.10131 -0.065365 
SIG2~E -0.81508 0.77243 -0.091048 -0.21525 0.34458 0.36286 0.47542 -0.24523 
UR3~B2 -0.83439 0.82176 -0.066987 -0.22643 0.32822 0.36905 0.50225 -0.23927 
|GA2~A1XSUKUD| -0.70838 0.70914 -0.041702 -0.1858 0.30984 0.29676 0.44541 -0.20331 
|SILA3~AXKU6~A| -1.2009 1.1831 -0.096816 -0.29543 0.52293 0.4866 0.72298 -0.37052 
URI5 -0.59235 0.62645 -0.070765 -0.17966 0.27501 0.22284 0.36572 -0.15003 
SZA3~C -1.3501 1.3286 -0.12018 -0.35144 0.5468 0.52624 0.81795 -0.38206 
GUKKAL~C -0.76362 0.75766 -0.058952 -0.18739 0.34115 0.32818 0.47743 -0.21458 
|DUG~BXNAGA~A| -0.86277 0.88234 -0.064052 -0.21844 0.37178 0.34894 0.52892 -0.26101 
ANSZE~E -0.75506 0.71287 -0.066762 -0.16948 0.31694 0.29841 0.46261 -0.20821 
ZATU694~B -1.3682 1.3873 -0.060502 -0.33571 0.61046 0.53626 0.87627 -0.39398 
ZA~V -0.28275 0.27365 -0.017323 -0.093179 0.13582 0.086323 0.21116 -0.10486 
TUR3~B -1.1585 1.1272 -0.058978 -0.25684 0.46855 0.46215 0.68203 -0.30466 
SAG@G -0.84869 0.80344 -0.076431 -0.21121 0.33891 0.32818 0.50389 -0.24477 
TUR@G -0.65252 0.59305 -0.036444 -0.16586 0.25736 0.23743 0.35409 -0.19088 
LAHTA -0.15507 0.1731 -0.0087094 -0.057132 0.05669 0.050254 0.10121 -0.037997 
|U4X( -0.63121 0.69001 -0.046184 -0.19152 0.2943 0.24275 0.43416 -0.17191 
DANNA -0.4793 0.53813 -0.021403 -0.1336 0.18048 0.2029 0.28225 -0.14641 
GI4~B -1.234 1.2065 -0.10736 -0.2758 0.50722 0.49271 0.75182 -0.36871 
|DU8~CXAMAR| -0.34459 0.33709 -0.02698 -0.075363 0.12778 0.15772 0.20332 -0.089855 
|EZEN~AXSU~A| -0.95116 0.9455 -0.068519 -0.21754 0.39668 0.40055 0.59603 -0.27683 
NIGIN -0.64434 0.67639 -0.05913 -0.17951 0.27457 0.26144 0.37698 -0.19188 
IB~B -1.2161 1.2276 -0.078964 -0.28885 0.50753 0.50143 0.743 -0.38692 
|(BU~A&BU~A).NA2~A| -0.66447 0.6733 -0.05985 -0.15341 0.27457 0.27607 0.41982 -0.19465 
ZATU679 -1.273 1.2711 -0.049868 -0.33762 0.5573 0.48111 0.81885 -0.33458 
|SILA3~AXGA~A| -1.1961 1.1939 -0.10174 -0.29338 0.51344 0.48561 0.73102 -0.37284 
UR3~A3 -0.65691 0.69257 -0.026787 -0.15749 0.2591 0.26531 0.40483 -0.18179 
ANSZE~A -1.2029 1.2135 -0.092073 -0.27932 0.52755 0.47994 0.75273 -0.32831 
USZ~B -1.1511 1.1487 -0.077771 -0.27387 0.51609 0.443 0.74856 -0.35925 
SZAKIR~B -1.3086 1.2914 -0.10672 -0.31818 0.56239 0.50792 0.78793 -0.39832 
SUR -0.8097 0.79747 -0.12243 -0.20006 0.37935 0.3228 0.51621 -0.25397 
|NINDA2X -0.44089 0.46766 -0.047047 -0.092717 0.17984 0.17629 0.2669 -0.1283 
ZATU735~A -1.4267 1.4288 -0.06093 -0.40262 0.63985 0.56406 0.94131 -0.3968 
BUR~B -1.1941 1.2102 -0.10414 -0.34365 0.51947 0.50066 0.76155 -0.34211 
|ZATU662X -0.95383 0.94466 -0.053144 -0.23961 0.39214 0.36579 0.58218 -0.27275 
GIR~B -1.5114 1.5542 -0.088869 -0.41574 0.63746 0.63092 0.98875 -0.45763 
NA~B -1.3158 1.2952 -0.090758 -0.3309 0.57143 0.50425 0.81706 -0.40551 
MA2 -0.84965 0.80065 -0.057735 -0.18798 0.32535 0.29424 0.51952 -0.2572 
GESZTIN~A -0.96673 0.98995 -0.099276 -0.23107 0.4351 0.40337 0.59775 -0.28739 
ALAN~A -1.1016 1.1354 -0.096051 -0.30523 0.48597 0.45594 0.71085 -0.3057 
SZAB~B -1.4166 1.38 -0.099671 -0.37687 0.57948 0.58929 0.85881 -0.41394 
GESZTU~C3 -0.66677 0.66595 -0.060612 -0.17476 0.29963 0.2937 0.38473 -0.20701 
|U4XGI -0.59873 0.61019 -0.038724 -0.14745 0.25799 0.24561 0.39633 -0.18065 
TU... -0.62896 0.64227 -0.032626 -0.15507 0.23365 0.26587 0.4044 -0.18548 
ZAR~C -0.88992 0.85127 -0.054483 -0.20043 0.33756 0.33361 0.55481 -0.23205 
ZATU732 -1.4266 1.3789 -0.049241 -0.38354 0.6207 0.56322 0.94081 -0.39851 
ZATU630 -1.2583 1.2524 -0.041019 -0.342 0.54086 0.4595 0.82237 -0.36884 
ALAN~C -0.99595 0.97972 -0.10118 -0.26124 0.38826 0.38056 0.60795 -0.2748 
NAM2@T -0.73579 0.74387 -0.061795 -0.21163 0.34226 0.33289 0.46299 -0.21208 
UBI~C -0.70549 0.69702 -0.075121 -0.15986 0.29841 0.27654 0.41093 -0.20196 
RI8~A -0.75888 0.77056 -0.046672 -0.20723 0.33597 0.29822 0.4972 -0.18534 
|SAGXGESZTU~A| -1.0302 1.0035 -0.094101 -0.24724 0.44707 0.44935 0.63163 -0.30174 
|SZU2.E2~A| -1.3412 1.3398 -0.11714 -0.32482 0.56539 0.57265 0.83458 -0.38731 
ZATU628~B -1.3055 1.3097 -0.057846 -0.34817 0.57896 0.51704 0.85474 -0.35559 
NA2~B2 -0.86156 0.84887 -0.067811 -0.2084 0.34357 0.36271 0.53601 -0.24056 
ZATU713 -1.3969 1.342 -0.057545 -0.36554 0.61137 0.52978 0.91082 -0.40671 
|U4XGU4 -0.58242 0.60769 -0.016185 -0.15315 0.22723 0.25358 0.37382 -0.15459 
ZAG~C -0.80668 0.80446 -0.058205 -0.19893 0.32395 0.31933 0.50526 -0.23545 
|UR2X -0.32156 0.32805 -0.048898 -0.10857 0.13468 0.13736 0.24589 -0.10204 
ZATU676~B -1.3292 1.3089 -0.059865 -0.32966 0.57779 0.52555 0.87239 -0.36183 
|DUG~BXGISZ| -0.60404 0.6165 -0.022122 -0.15479 0.2693 0.23208 0.38007 -0.18829 
ZATU821 -1.1095 1.118 -0.031017 -0.30749 0.49587 0.41461 0.73491 -0.32125 
|DUG~BX(SZE~A.NAM2)| -0.60524 0.62853 -0.050516 -0.15259 0.26642 0.24098 0.38336 -0.19545 
ZATU811 -1.1024 1.0842 -0.054741 -0.30127 0.48081 0.41775 0.73241 -0.31831 
|SILA3~AXHI| -0.91092 0.91626 -0.081674 -0.23123 0.37812 0.35974 0.55257 -0.29263 
ZATU639 -1.2737 1.2609 -0.035886 -0.32989 0.5412 0.46615 0.82453 -0.35279 
|DUG~BXHI@G~A| -0.97602 0.9878 -0.073015 -0.25024 0.40674 0.38627 0.59774 -0.29983 
|BU~A.DU6~A| -1.1529 1.1572 -0.094596 -0.29109 0.48549 0.48341 0.68668 -0.32975 
SZIR~B -1.3424 1.3952 -0.095674 -0.34098 0.59864 0.54078 0.86481 -0.39566 
|DUG~BXTI| -0.5059 0.53788 -0.031284 -0.12393 0.22236 0.19977 0.32134 -0.1531 
ZATU697~B -1.3447 1.3364 -0.065556 -0.37027 0.59376 0.5263 0.86477 -0.37753 
ZATU762~A -1.4941 1.455 -0.080651 -0.38187 0.66424 0.57938 0.96708 -0.41527 
|MAH~AXX| -0.40344 0.37978 -0.015778 -0.093307 0.18372 0.1641 0.23731 -0.10867 
|U4.X -0.64878 0.7119 -0.05733 -0.19639 0.2903 0.28407 0.45981 -0.1973 
GAGI -0.47122 0.47496 -0.033265 -0.15589 0.24935 0.17346 0.29142 -0.17989 
GAEN~A -1.1233 1.1067 -0.10213 -0.29117 0.49642 0.44963 0.7309 -0.33615 
NAGA~B -1.1735 1.1335 -0.079102 -0.29475 0.51547 0.48569 0.71935 -0.34973 
|BAD&BAD| -0.46215 0.46977 -0.049121 -0.1074 0.16457 0.18237 0.26293 -0.12838 
LISZ -0.58856 0.58697 -0.013875 -0.15704 0.25202 0.24668 0.30945 -0.14443 
KUSZU2~B -1.0642 1.048 -0.082851 -0.29678 0.44396 0.44169 0.67882 -0.33318 
ZATU729 -1.3086 1.2894 -0.044835 -0.36594 0.57724 0.49646 0.85915 -0.36953 
ZATU682 -1.3294 1.3092 -0.044922 -0.36207 0.59234 0.51109 0.90083 -0.38176 
|SILA3~AXDUG~A| -1.1654 1.1692 -0.091828 -0.29623 0.49456 0.47807 0.70859 -0.35411 
ZATU676~A -1.3561 1.3606 -0.063799 -0.34938 0.60707 0.53608 0.87038 -0.37278 
ZATU809 -1.0352 1.0273 -0.049766 -0.29984 0.46277 0.38886 0.68045 -0.26759 
NANSZE~B -1.0924 1.0378 -0.082589 -0.25129 0.46138 0.44529 0.69392 -0.31681 
LI -0.10533 0.20075 -0.041267 -0.10462 0.031079 0.048424 0.10703 -0.071114 
|DUG~BX -0.74947 0.79518 -0.040941 -0.19083 0.33679 0.29659 0.4811 -0.23672 
GADA~B@G -0.30934 0.29599 -0.031503 -0.091925 0.15623 0.13212 0.19123 -0.10402 
ALAN~B -1.0919 1.0943 -0.10139 -0.28763 0.46316 0.44662 0.66334 -0.31913 
KAR -1.0238 0.99975 -0.095382 -0.20024 0.39511 0.40439 0.65254 -0.2729 
|SILA3~AXGESZTU~C3| -0.79762 0.78799 -0.057599 -0.19522 0.3489 0.33338 0.48116 -0.24956 
DU7 -0.88322 0.79718 -0.094857 -0.20878 0.29002 0.35763 0.54447 -0.27661 
|U4XKASZ~B -0.85336 0.8567 -0.062426 -0.22418 0.36373 0.35222 0.54847 -0.24096 
BIR3~B -0.91984 0.8969 -0.06361 -0.2301 0.38641 0.37038 0.55868 -0.25682 
|DU8~CXUDU~A| -0.89188 0.89787 -0.070585 -0.21517 0.37636 0.38353 0.54909 -0.25451 
DARA3~C -0.98835 0.9743 -0.076893 -0.25835 0.40629 0.42105 0.62403 -0.31713 
|HI.SUHUR| -0.18867 0.21233 0.019816 -0.048013 0.063863 0.064656 0.10674 -0.051048 
ZATU819 -1.0361 1.0294 -0.038484 -0.28489 0.47258 0.39413 0.7021 -0.30284 
|DARA3~DXKAR2| -0.3899 0.39865 -0.030571 -0.10955 0.16991 0.166 0.26602 -0.12385 
KISAL~B2 -1.0785 1.0898 -0.10327 -0.26313 0.47697 0.45872 0.667 -0.32286 
ZATU847 -1.1302 1.1108 -0.029582 -0.29954 0.51353 0.42456 0.74963 -0.32993 
ZATU631 -1.2504 1.2279 -0.034558 -0.33912 0.54329 0.45971 0.81803 -0.35948 
HI~A@G -0.61728 0.64699 -0.06938 -0.17905 0.27647 0.2581 0.40322 -0.16983 
NANSZE~A -1.1048 1.0907 -0.076148 -0.25491 0.48112 0.45382 0.68697 -0.31389 
EZEN~C -1.1827 1.1265 -0.10161 -0.27578 0.45013 0.4708 0.71601 -0.34201 
SU3 -0.66574 0.64197 -0.030856 -0.17477 0.26665 0.32877 0.41694 -0.26753 
|GIXKU~B1| -0.93298 0.93304 -0.088131 -0.23804 0.37967 0.35866 0.57126 -0.27889 
SZITA~B2 -1.1427 1.1148 -0.082198 -0.28109 0.46577 0.48523 0.68173 -0.32359 
|U4XAB~A -0.96514 1.018 -0.071937 -0.27751 0.42662 0.39669 0.62245 -0.27526 
MUSZ3~A@G -0.82373 0.82447 -0.082835 -0.24136 0.35303 0.3432 0.52327 -0.24172 
UR3~A2 -0.88908 0.89177 -0.072425 -0.21791 0.34431 0.34256 0.5363 -0.2182 
NA2~B1 -1.0316 1.0142 -0.054353 -0.24941 0.43764 0.41691 0.60409 -0.29941 
|UKKIN~BXDIN| -0.3567 0.34354 -0.035865 -0.086946 0.16141 0.15909 0.214 -0.095964 
DA~B -1.2526 1.238 -0.10864 -0.31781 0.54741 0.49077 0.80572 -0.3587 
ZATU680~B -1.3179 1.3145 -0.05824 -0.35435 0.56974 0.48605 0.86395 -0.34899 
|EN~A+NUN~B| -0.49721 0.47806 -0.053995 -0.10738 0.20575 0.20224 0.30566 -0.15817 
UNUG~B -1.1394 1.1387 -0.064643 -0.30238 0.48862 0.45132 0.72798 -0.31242 
SUHUR@T -0.62925 0.62454 -0.048293 -0.1864 0.27787 0.25809 0.38465 -0.1814 
SZEN~E -0.96112 0.92267 -0.047097 -0.22983 0.41161 0.39624 0.59244 -0.2878 
UMUX -0.35433 0.35356 -0.037288 -0.041099 0.15034 0.13533 0.25279 -0.12136 
E -0.067531 0.0034192 0.10438 -0.10035 -0.060482 0.015608 0.0081556 0.057075 
GISZIMMAR~A1 -1.1195 1.1031 -0.063773 -0.26835 0.46774 0.43717 0.69293 -0.3146 
ZATU711 -1.477 1.4154 -0.04052 -0.39458 0.64004 0.54761 0.95106 -0.42303 
KALAM~G -0.84013 0.86697 -0.083622 -0.2068 0.3557 0.32388 0.53447 -0.22842 
SZITA~B3 -0.91403 0.90757 -0.043465 -0.21697 0.37896 0.40112 0.5675 -0.25723 
KA2~B -1.3338 1.3396 -0.075709 -0.31176 0.57669 0.50965 0.81026 -0.37266 
TILLA2 -0.48507 0.44871 -0.027032 -0.14178 0.20968 0.19257 0.27751 -0.14522 
|DUG~BXGESZTU~A| -0.90246 0.90759 -0.061129 -0.21993 0.4037 0.37352 0.54951 -0.27878 
ENDIB -0.11291 0.094349 -0.013034 -0.0429 0.055625 0.036037 0.04875 -0.039301 
|U4.... -0.73615 0.78597 -0.032406 -0.2204 0.30045 0.33218 0.47332 -0.2156 
TUKU -0.3726 0.35923 -0.010588 -0.096617 0.1211 0.1636 0.20815 -0.10128 
BAPPIR~D -0.30748 0.29321 -0.023673 -0.094688 0.12786 0.14031 0.18042 -0.088947 
TUM~B -1.1706 1.1701 -0.039023 -0.28556 0.47885 0.46603 0.7626 -0.3389 
|DUG~BXSA~A| -0.91018 0.9397 -0.076531 -0.22885 0.40542 0.35391 0.58168 -0.26412 
|(UDU~AXTAR)~A| -0.97434 0.97074 -0.098787 -0.22556 0.39875 0.39875 0.57154 -0.29879 
|U4.KAR2~A -0.86635 0.88485 -0.057227 -0.24922 0.389 0.3875 0.56124 -0.22753 
ZATU839 -1.0705 1.083 -0.050443 -0.30392 0.47457 0.39322 0.70229 -0.30576 
DARA4~B -1.3193 1.3285 -0.11597 -0.32158 0.54978 0.55995 0.84121 -0.40004 
AMA~B -0.96161 0.96686 -0.076011 -0.20267 0.42311 0.3745 0.61835 -0.30839 
UDU~C -0.76815 0.76959 -0.06433 -0.17722 0.32281 0.30406 0.50384 -0.21324 
ZATU624~A -1.3473 1.3619 -0.06093 -0.36157 0.59818 0.53652 0.89129 -0.37948 
|DUG~BXSI4~A| -0.8604 0.88301 -0.066145 -0.23158 0.37088 0.34883 0.54208 -0.26369 
UR~B -1.599 1.6386 -0.12163 -0.43692 0.66497 0.64919 1.035 -0.48134 
ZATU762~B -1.4194 1.3687 -0.082419 -0.36595 0.62062 0.55711 0.91351 -0.41117 
ZATU621~A -1.2829 1.2942 -0.045295 -0.33518 0.56828 0.48969 0.85899 -0.33662 
|GA2~A1XGIR~A| -1.0999 1.0979 -0.073484 -0.28228 0.47382 0.45428 0.68978 -0.30982 
NAM~D -0.74397 0.72111 -0.064336 -0.19191 0.32848 0.31361 0.46704 -0.20606 
TA~A -1.6275 1.6688 -0.0792 -0.38395 0.72347 0.64728 1.0276 -0.47848 
|SILA3~AXHASZHUR| -0.72673 0.73974 -0.056417 -0.18974 0.32573 0.30347 0.45245 -0.23525 
ZATU695 -1.3145 1.3351 -0.047744 -0.36568 0.59305 0.48571 0.87582 -0.37159 
LAGAR~B1 -1.0359 1.0884 -0.084116 -0.27157 0.4622 0.47009 0.64848 -0.30364 
ABZU -0.079623 0.079754 0.013413 -0.0073018 0.015912 0.029649 0.068843 -0.053499 
GU4@G -0.68418 0.7248 -0.067141 -0.18498 0.30088 0.29733 0.44456 -0.17864 
ZATU757 -1.4328 1.3754 -0.042317 -0.38709 0.62706 0.54601 0.93577 -0.3965 
UMUGAL~A -0.70139 0.67847 -0.058024 -0.17925 0.28043 0.25533 0.42666 -0.18139 
ZATU678 -1.2556 1.249 -0.025786 -0.32582 0.5721 0.47598 0.82495 -0.34318 
ME3 -0.43071 0.34653 -0.022249 -0.11792 0.18277 0.20728 0.22347 -0.14831 
|DUG~BXTAK4~A| -0.81927 0.84446 -0.058544 -0.19826 0.33936 0.33665 0.5145 -0.24119 
DARA4~C3 -0.91381 0.89064 -0.09139 -0.22177 0.37056 0.37832 0.56966 -0.26647 
|DUG~BXANSZE~B| -0.62098 0.63838 -0.03635 -0.14982 0.26948 0.25609 0.39909 -0.1653 
EDIN -0.38712 0.36535 0.0072311 -0.094314 0.15465 0.14312 0.25107 -0.11902 
KID~C -0.9261 0.95203 -0.055647 -0.24712 0.40441 0.38537 0.56392 -0.30375 
SAR~B -1.3062 1.39 -0.074887 -0.34313 0.5594 0.56852 0.84101 -0.36707 
|GA2~A1XSUHUR| -0.71001 0.72212 -0.029685 -0.1778 0.31623 0.29346 0.44579 -0.2069 
URUDU@G~A -0.98148 0.99379 -0.071693 -0.24665 0.43302 0.40455 0.63708 -0.30716 
EZINU~C -0.76087 0.75047 -0.076224 -0.16568 0.29133 0.32073 0.45639 -0.22404 
|GA2~A1XHI| -0.78706 0.79197 -0.058737 -0.19244 0.34421 0.33002 0.50415 -0.23462 
IB~C -0.83127 0.81808 -0.075949 -0.18672 0.32647 0.34508 0.46514 -0.23934 
|(SUKUD+SUKUD)~A| -0.54758 0.53929 -0.051738 -0.14495 0.22142 0.23145 0.32434 -0.13497 
ANSZE~F -0.69757 0.6598 -0.065191 -0.16244 0.28086 0.26272 0.44985 -0.17809 
NUNUZ~B1 -1.2173 1.2132 -0.097088 -0.28906 0.53389 0.49682 0.73706 -0.3585 
MUD3~D -0.65626 0.61869 -0.046462 -0.14133 0.25354 0.26512 0.36628 -0.17499 
GASZE~A -1.1063 1.1359 -0.094848 -0.2644 0.50834 0.45016 0.70207 -0.31292 
|(DUBXDISZ)~A| -0.52469 0.52093 -0.038178 -0.1457 0.20908 0.23048 0.32807 -0.15093 
|NUN~A+EN~B| -0.6158 0.58084 -0.05552 -0.14177 0.24618 0.24595 0.35707 -0.17734 
ZATU636 -1.2605 1.2662 -0.024583 -0.32627 0.53759 0.47393 0.84078 -0.36141 
|SZITA~A1XUDU~A| -1.0266 1.0314 -0.078773 -0.24527 0.43532 0.4265 0.63908 -0.2907 
ZATU751~B -1.4137 1.3688 -0.06432 -0.37285 0.61694 0.55938 0.91305 -0.39452 
ZATU696 -1.3294 1.3597 -0.035375 -0.3703 0.592 0.50401 0.88891 -0.37403 
SZE~B -1.7426 1.7469 -0.16904 -0.42212 0.75904 0.69785 1.1216 -0.50039 
|ZATU714XHI@G| -0.91435 0.87141 -0.052167 -0.22051 0.38837 0.35241 0.56389 -0.26372 
LAL3~A -0.95482 0.98385 -0.076026 -0.24427 0.43959 0.40692 0.60555 -0.28047 
ZATU669 -1.2359 1.2212 -0.041392 -0.31297 0.54513 0.47318 0.81347 -0.34584 
GAL -1.2369 1.1914 -0.071603 -0.33625 0.52747 0.48411 0.76099 -0.36456 
MURUB2 -0.82011 0.78194 -0.055763 -0.22413 0.30749 0.32792 0.53158 -0.21552 
SUHUR@N -0.49875 0.51296 -0.053478 -0.14885 0.24279 0.20931 0.28991 -0.14237 
|E2~BX -0.39727 0.39944 -0.035824 -0.066915 0.15051 0.17896 0.25741 -0.10454 
URUDU@G~D -0.61551 0.61599 -0.055496 -0.17086 0.25477 0.2609 0.40066 -0.19117 
DIB -0.49922 0.48058 -0.031098 -0.14061 0.22476 0.2575 0.32752 -0.206 
KUR~B -1.186 1.2564 -0.084269 -0.32803 0.50866 0.48726 0.74402 -0.34891 
|U4.EN~A -1.078 1.0885 -0.061592 -0.28586 0.47316 0.4598 0.68957 -0.30594 
|EZEN~AX(U2~B.A)| -0.43105 0.43537 -0.03861 -0.13013 0.20025 0.19118 0.27702 -0.12046 
|LAGAB~AXPA~A| -1.051 1.0603 -0.10644 -0.27983 0.44676 0.45151 0.64151 -0.31306 
|NINDA2XHI| -0.36929 0.38193 -0.044945 -0.077289 0.14585 0.15026 0.21887 -0.10349 
SILA3~B -1.2783 1.2578 -0.084546 -0.34288 0.54675 0.53937 0.78706 -0.39118 
KAL~A -1.4049 1.388 -0.10733 -0.32162 0.62171 0.59462 0.88495 -0.3793 
|U4XLAM~B -0.97568 0.96409 -0.05103 -0.23143 0.41849 0.39414 0.64231 -0.25549 
|GIXSZE3| -0.5888 0.59636 -0.048482 -0.15882 0.26858 0.25272 0.37386 -0.16631 
SIPA -0.69276 0.67458 -0.037393 -0.18476 0.26584 0.27532 0.43101 -0.18888 
|DUG~AX -0.74285 0.75752 -0.039784 -0.20762 0.32756 0.29515 0.44066 -0.24773 
