451 8
N01 -0.043361 1.9063 -0.64697 0.23164 0.71894 0.63165 -0.12055 0.95907 
</s> 0.080628 1.8351 -0.66077 0.21888 0.79372 0.69122 -0.17534 0.85471 
... -0.045662 1.727 -0.66973 0.16391 0.65236 0.65149 -0.13575 0.95609 
N14 -0.0061472 1.8554 -0.60081 0.13535 0.73788 0.63348 -0.25355 0.92728 
X -0.13377 1.5426 -0.69213 0.18247 0.62893 0.46412 -0.1038 0.83009 
N39B -0.064297 1.9782 -0.77073 0.091245 0.78073 0.74514 -0.077285 1.008 
M288 -0.10316 2.5415 -0.94726 0.2863 0.97391 0.86317 -0.16408 1.3321 
N30C -0.043553 1.9232 -0.76687 0.13489 0.77707 0.70564 -0.071849 0.94709 
N34 -0.11276 1.8834 -0.81765 0.15693 0.82322 0.83567 -0.14959 0.99715 
M388 -0.10564 2.7114 -1.0213 0.34013 1.0476 0.93448 -0.14021 1.5105 
N24 -0.06542 1.4235 -0.53928 0.11183 0.53617 0.50209 -0.040476 0.76362 
M218 -0.086598 2.613 -0.96585 0.27925 1.0563 0.90996 -0.21787 1.3979 
M371 -0.1194 2.2598 -0.84376 0.25926 0.85478 0.77174 -0.132 1.1781 
M124 -0.065039 2.1895 -0.84476 0.2461 0.81013 0.76906 -0.11973 1.1967 
N45 -0.044979 1.3503 -0.51959 0.092479 0.51151 0.47264 -0.1218 0.6781 
M297 -0.10045 2.1662 -0.82714 0.21476 0.82998 0.73938 -0.16273 1.1462 
M054 -0.11229 2.3183 -0.86554 0.24541 0.90684 0.82799 -0.1432 1.2313 
M346 -0.1141 2.0021 -0.74475 0.22668 0.74468 0.75316 -0.1187 1.0516 
M387 -0.084606 2.694 -1.005 0.33759 0.99699 0.87709 -0.11445 1.4374 
M066 -0.064433 2.2981 -0.9144 0.22961 0.8835 0.76762 -0.15105 1.1625 
M157 -0.037661 1.5406 -0.5488 0.1636 0.63042 0.51167 -0.11943 0.85072 
N23 -0.064045 1.6315 -0.6314 0.16201 0.53672 0.56618 -0.1859 0.85559 
N30D -0.051048 1.4957 -0.62253 0.13179 0.61752 0.56388 -0.03512 0.81564 
M009 -0.05265 2.0723 -0.76624 0.19613 0.75376 0.75345 -0.13165 1.0466 
M376 -0.079253 2.0401 -0.75501 0.29453 0.79353 0.6786 -0.097992 1.0445 
M096 -0.11216 2.3692 -0.92869 0.21954 0.95203 0.86686 -0.18475 1.216 
M263 -0.11527 2.7047 -1.0181 0.25989 1.0076 0.91093 -0.20528 1.4102 
M001 -0.07173 2.158 -0.82628 0.24988 0.80302 0.73395 -0.20961 1.1221 
N1@B 0.041637 2.3189 -0.93335 0.17575 1.0545 0.85745 -0.14891 1.1531 
M036 -0.070207 2.3025 -0.9135 0.24166 0.87052 0.79309 -0.14617 1.2082 
M305 -0.076375 2.1775 -0.80665 0.23091 0.79835 0.71026 -0.12124 1.1301 
M032 -0.059648 2.1609 -0.8494 0.21345 0.82038 0.7698 -0.15578 1.1424 
M370 -0.048607 1.9875 -0.73678 0.23653 0.73279 0.65625 -0.12539 1.0435 
M004 -0.079951 2.0365 -0.77422 0.2264 0.77634 0.68803 -0.16379 1.0301 
M354 -0.063881 1.8274 -0.69858 0.21525 0.68437 0.61162 -0.08477 0.9572 
M367 -0.053599 1.7566 -0.64367 0.21703 0.62468 0.56076 -0.097689 0.94625 
M003~B -0.057521 1.7452 -0.68083 0.19254 0.68012 0.62223 -0.12447 0.90863 
M157~A -0.05669 1.4888 -0.54575 0.19046 0.60172 0.51088 -0.11481 0.81075 
|M036+N30D| -0.056548 1.4074 -0.53655 0.15462 0.54722 0.47134 -0.088562 0.74149 
M072 -0.085476 1.7447 -0.65181 0.16877 0.65133 0.59298 -0.12809 0.90491 
M057 -0.097901 2.6926 -1.0202 0.31109 1.0471 0.95055 -0.16108 1.4494 
N51 -0.079767 1.9031 -0.70252 0.24992 0.699 0.7723 -0.12843 1.0917 
M219 -0.026439 2.1896 -0.83138 0.25533 0.84231 0.72974 -0.13975 1.2025 
M347 -0.11681 2.2283 -0.88994 0.2731 0.84817 0.80757 -0.13524 1.1953 
N30C@B -0.022092 1.7547 -0.69257 0.10679 0.68756 0.66853 -0.1066 0.85096 
M297~B -0.086282 1.7636 -0.64516 0.16398 0.67822 0.61031 -0.11386 0.94666 
N08A -0.053185 1.0758 -0.39714 0.090302 0.39283 0.37497 -0.057034 0.52572 
N14@B -0.01329 2.3558 -0.87304 0.19466 0.97825 0.88373 -0.1856 1.2237 
M259 -0.10055 2.1738 -0.78656 0.2686 0.8273 0.7239 -0.12962 1.1554 
M059 -0.06069 2.2 -0.82797 0.21054 0.82167 0.7922 -0.12444 1.1385 
N39B@B -0.013918 2.0671 -0.79452 0.13314 0.89134 0.82239 -0.071487 1.0425 
M056~F -0.022767 1.5678 -0.58939 0.13476 0.59078 0.59207 -0.10159 0.80912 
M386~A -0.07148 2.082 -0.79619 0.23888 0.79833 0.72416 -0.099841 1.1159 
M373 -0.068282 1.9927 -0.72162 0.23558 0.75128 0.67468 -0.1399 0.99375 
N -0.12613 0.37349 -0.15742 0.027128 0.088572 0.15482 -0.029759 0.26418 
M387~C -0.10768 2.1603 -0.82153 0.26786 0.82108 0.72393 -0.094332 1.1838 
M263~A -0.096935 2.1587 -0.81304 0.23041 0.80308 0.72059 -0.12764 1.1321 
M153 -0.08918 1.6369 -0.61548 0.14143 0.65745 0.517 -0.11585 0.86749 
M377~E -0.062533 1.9799 -0.75978 0.20024 0.72684 0.66299 -0.13059 1.0138 
M377 -0.093573 2.3582 -0.9047 0.27589 0.86863 0.75207 -0.1431 1.2013 
M387~EF -0.072933 1.8723 -0.69619 0.24025 0.69005 0.62015 -0.086343 1.0114 
M387~A -0.10571 2.3545 -0.87381 0.3009 0.88623 0.79092 -0.12712 1.2757 
M101 -0.06482 1.8838 -0.69129 0.19739 0.72887 0.61361 -0.12043 1.0142 
M365 -0.057913 1.7091 -0.62599 0.22477 0.642 0.56795 -0.078833 0.9121 
M005~A -0.062039 1.6623 -0.60637 0.17354 0.63517 0.53733 -0.12066 0.87596 
M304 -0.08217 1.7835 -0.6474 0.18003 0.66166 0.59433 -0.13276 0.91813 
M317 -0.044809 1.9278 -0.7646 0.25571 0.67991 0.64011 -0.14946 1.0499 
M240 -0.085485 2.3824 -0.95035 0.29458 0.9258 0.82563 -0.17078 1.2974 
M320 -0.073165 2.1972 -0.84679 0.26183 0.85734 0.76312 -0.11711 1.1881 
N39C -0.077671 1.5689 -0.64038 0.10372 0.62733 0.58622 -0.079686 0.81754 
M024 -0.11465 2.1306 -0.80196 0.21481 0.81051 0.76578 -0.14093 1.133 
M263~1 -0.086393 2.0531 -0.75832 0.2191 0.76145 0.68908 -0.1302 1.0712 
M006 -0.05965 1.8395 -0.69025 0.17126 0.68879 0.67798 -0.12443 0.96182 
M097~H -0.054805 1.5104 -0.57685 0.16522 0.58529 0.52525 -0.09675 0.77943 
M348 -0.10207 1.9936 -0.77156 0.2496 0.74558 0.6972 -0.092807 1.0362 
N48 -0.056699 1.6742 -0.63499 0.0675 0.63663 0.6145 -0.078311 0.92433 
M262 -0.1066 2.5312 -0.9286 0.26594 0.92232 0.84965 -0.15442 1.3459 
|M136+M365| -0.050637 1.1771 -0.45095 0.11799 0.46246 0.42027 -0.058412 0.6173 
M010~2 -0.082962 1.307 -0.50193 0.1413 0.52284 0.48019 -0.057272 0.6542 
M387~L -0.084867 1.9095 -0.71236 0.24212 0.70918 0.63304 -0.064916 1.0298 
M066~A -0.07328 1.8555 -0.7084 0.18864 0.73622 0.64291 -0.090095 0.97239 
M057~A -0.10998 2.3465 -0.86697 0.29764 0.91553 0.80342 -0.13962 1.2532 
M146 -0.098037 2.0271 -0.74624 0.23665 0.80844 0.7054 -0.12072 1.0578 
M081 -0.044268 1.7303 -0.70334 0.17459 0.64135 0.56797 -0.11836 0.90156 
M352~O -0.040406 1.6688 -0.64171 0.20116 0.65009 0.57552 -0.099003 0.88917 
M352~N -0.028702 1.5756 -0.59005 0.16451 0.61731 0.5392 -0.084178 0.86675 
M260 -0.081421 2.3665 -0.92556 0.2389 0.88663 0.80445 -0.1706 1.2513 
M099 -0.10437 2.144 -0.7911 0.20309 0.81739 0.77353 -0.14358 1.1252 
M002 -0.032706 1.9373 -0.76204 0.22588 0.72373 0.6398 -0.11481 0.9687 
M329 -0.074819 2.1367 -0.77805 0.25222 0.81401 0.7655 -0.092609 1.1654 
M033 -0.054854 2.2284 -0.86604 0.258 0.86108 0.75958 -0.14602 1.2282 
M309~A -0.06958 1.5326 -0.59828 0.1916 0.59755 0.52818 -0.092464 0.82136 
M139 -0.055233 2.1973 -0.84445 0.21064 0.8788 0.75135 -0.149 1.1987 
M263~B1 -0.069075 1.6834 -0.62856 0.18352 0.61266 0.58004 -0.10563 0.84647 
M314 -0.05536 2.108 -0.74813 0.26166 0.76586 0.69928 -0.12819 1.0928 
|M327+M342| -0.058934 1.0079 -0.39772 0.12036 0.39273 0.37336 -0.057677 0.56451 
M203~C -0.069128 1.5887 -0.57536 0.17147 0.5964 0.54815 -0.10786 0.84862 
M046 -0.0634 2.0031 -0.7714 0.19068 0.77335 0.7088 -0.092839 1.0638 
M149~A -0.08468 1.7709 -0.658 0.23412 0.71027 0.62082 -0.11097 0.94164 
M206~G -0.046028 1.2962 -0.52701 0.13806 0.48936 0.4278 -0.094678 0.69931 
M206~D -0.050002 1.6415 -0.65267 0.18887 0.63052 0.5629 -0.11168 0.89163 
M362 -0.09014 1.6537 -0.63247 0.20106 0.57985 0.54922 -0.077092 0.82769 
M106 -0.066358 1.677 -0.5999 0.17489 0.64857 0.56732 -0.065158 0.86621 
M175 -0.091132 1.7624 -0.67 0.17284 0.69634 0.60456 -0.1462 0.95529 
M391 -0.014925 1.623 -0.61137 0.20544 0.5826 0.55668 -0.096929 0.85414 
M106~A -0.052931 1.5218 -0.55458 0.18236 0.59799 0.51607 -0.090675 0.80518 
M390 -0.035551 1.771 -0.61998 0.24047 0.61353 0.62758 -0.095513 0.9187 
M372 -0.06375 2.0625 -0.78265 0.24755 0.76296 0.70143 -0.13986 1.1053 
|M195+M057| -0.062276 1.9934 -0.75588 0.21544 0.7749 0.68937 -0.11169 1.0183 
N01@B 0.051897 2.3087 -0.89267 0.21322 1.0175 0.89955 -0.051977 1.1863 
N02 -0.079848 1.3606 -0.52804 0.15424 0.59969 0.50642 -0.014819 0.66134 
M296 -0.073569 2.3438 -0.90705 0.25287 0.92124 0.81049 -0.16674 1.2344 
M341 -0.10578 1.7623 -0.6492 0.21883 0.66362 0.5785 -0.095776 0.92218 
M327 -0.1158 1.9459 -0.7322 0.26007 0.73876 0.63833 -0.12763 1.0056 
M102~E -0.052148 1.1932 -0.4567 0.15507 0.47231 0.40341 -0.083614 0.65323 
M203~A -0.057969 1.6663 -0.61249 0.1918 0.61952 0.56243 -0.10517 0.88593 
|M351+N14| -0.023559 1.0655 -0.387 0.11248 0.40303 0.38025 -0.079113 0.57798 
M380 -0.052694 2.3392 -0.87191 0.30142 0.89647 0.78217 -0.1355 1.2648 
M223 -0.065488 2.339 -0.87616 0.23973 0.88448 0.83116 -0.19941 1.2393 
|M296+M296| -0.050728 1.3396 -0.50213 0.13999 0.52093 0.46002 -0.066684 0.70587 
M266~B -0.1005 2.147 -0.80738 0.23355 0.80541 0.74711 -0.16731 1.1335 
M325 -0.11407 1.937 -0.72599 0.20479 0.74502 0.68218 -0.13586 1.0405 
M254~A -0.085307 1.7814 -0.68268 0.20424 0.71172 0.61935 -0.12464 0.94347 
M054~I -0.076726 1.6143 -0.58562 0.18788 0.61593 0.55639 -0.10124 0.8565 
M217 -0.065807 2.1916 -0.84026 0.25771 0.85687 0.77141 -0.19625 1.1267 
M048~C -0.066882 1.8962 -0.71478 0.21461 0.73129 0.6326 -0.13586 0.99738 
M260~1 -0.090496 1.678 -0.64022 0.14944 0.61242 0.56907 -0.097243 0.87865 
|M218+M288| -0.068654 1.6707 -0.60333 0.17916 0.64733 0.58603 -0.12209 0.87943 
M338~B -0.045864 1.661 -0.62266 0.19325 0.63599 0.56933 -0.078045 0.90306 
M340 -0.10363 1.8004 -0.64122 0.22772 0.67484 0.63346 -0.084128 0.95089 
M242~B -0.06429 1.844 -0.70415 0.21585 0.72878 0.62498 -0.11195 0.98738 
M374~C -0.092352 1.6264 -0.59459 0.16632 0.61375 0.51415 -0.11514 0.79466 
M111~A -0.06559 1.6535 -0.6125 0.18743 0.64483 0.55745 -0.10567 0.91511 
M269~B -0.040591 1.7243 -0.68964 0.18776 0.63093 0.6205 -0.11148 0.92831 
M301 -0.092729 2.0258 -0.74086 0.22156 0.77406 0.6671 -0.14324 1.0887 
M262~1 -0.072751 1.805 -0.67789 0.19193 0.69151 0.61041 -0.13932 0.96571 
M057~B -0.092419 2.2585 -0.84065 0.27357 0.85412 0.7732 -0.13355 1.1848 
|M131+M388| -0.05493 1.6405 -0.60062 0.19491 0.61651 0.58059 -0.093061 0.88345 
M264~A -0.089178 2.0774 -0.79401 0.20876 0.78873 0.70124 -0.14461 1.0989 
N24@B 0.010189 1.7129 -0.64537 0.14948 0.71109 0.67485 -0.11661 0.88638 
|M305+M342| -0.054003 1.3403 -0.50358 0.13062 0.51252 0.4813 -0.077048 0.73339 
M332~D -0.078658 1.421 -0.55018 0.19309 0.54017 0.48587 -0.081671 0.76849 
|M305+X| -0.016343 1.5032 -0.55145 0.14878 0.58244 0.52163 -0.094914 0.81205 
M122 -0.066879 1.5889 -0.61256 0.17483 0.60664 0.54519 -0.1159 0.86762 
M048~D -0.094388 2.1734 -0.81452 0.24386 0.81283 0.72978 -0.11874 1.1736 
|M106+M288| -0.057567 1.4682 -0.54232 0.17256 0.5613 0.49724 -0.082209 0.77035 
M131 -0.079158 1.8646 -0.70491 0.2203 0.74078 0.63732 -0.1165 1.0198 
M243~J -0.042779 1.411 -0.52355 0.1211 0.56089 0.48108 -0.10567 0.77284 
M380~B -0.064415 2.0453 -0.73926 0.25749 0.75099 0.69406 -0.12501 1.0994 
|M153+M342| -0.040685 1.0322 -0.39514 0.11163 0.41096 0.37206 -0.051474 0.55567 
M102~D -0.063606 1.3711 -0.55129 0.16607 0.56316 0.46041 -0.089193 0.73157 
M145 -0.079295 2.0279 -0.78937 0.2291 0.82397 0.6959 -0.15025 1.0625 
M269~A -0.049858 1.827 -0.72488 0.17793 0.68817 0.66005 -0.099752 1.0041 
M105~A -0.074224 1.4688 -0.52818 0.16589 0.58568 0.46767 -0.11209 0.79942 
M292~F -0.058731 1.6262 -0.5898 0.15427 0.62104 0.53176 -0.10634 0.87031 
M195 -0.056847 1.7635 -0.67695 0.17211 0.66831 0.63775 -0.11991 0.93923 
N39B@C -0.05726 1.5099 -0.57666 0.085177 0.61513 0.57695 -0.089901 0.77696 
M038~BX -0.05 1.6717 -0.65442 0.17596 0.66093 0.58249 -0.10458 0.89825 
M220 -0.065582 2.0388 -0.80833 0.20947 0.79012 0.68518 -0.14139 1.074 
M128 -0.06539 1.8653 -0.72294 0.20961 0.68015 0.63421 -0.11592 0.98836 
|M036+N14| -0.049922 1.4491 -0.53657 0.15657 0.5472 0.50089 -0.11475 0.77443 
|M327+X| -0.056701 1.1596 -0.4406 0.13735 0.44258 0.40408 -0.078791 0.62289 
M387~CA -0.086184 1.7217 -0.64304 0.20601 0.63712 0.59035 -0.070162 0.95756 
M250~BA -0.070492 1.6016 -0.5931 0.16732 0.62433 0.56227 -0.12099 0.86269 
|M136+X| -0.040201 1.4149 -0.52612 0.14972 0.54432 0.50989 -0.089256 0.73129 
M038~E -0.048152 1.9333 -0.73351 0.24154 0.75143 0.66431 -0.13321 1.0181 
M387~EE -0.055247 1.728 -0.6533 0.22747 0.6288 0.56887 -0.087466 0.95068 
M109 -0.076373 1.7733 -0.67275 0.224 0.67053 0.57969 -0.08933 0.91515 
M005 -0.03375 1.8907 -0.71526 0.20917 0.71915 0.6447 -0.16577 0.99026 
M218~B -0.068481 2.0538 -0.80194 0.22614 0.78847 0.71855 -0.15108 1.1108 
M286 -0.11149 2.0895 -0.75366 0.23638 0.8079 0.73278 -0.17156 1.1101 
M029~B -0.084199 1.6837 -0.63676 0.16479 0.62923 0.58999 -0.089624 0.88315 
M318~A1 -0.024217 1.5216 -0.58154 0.13284 0.57795 0.55849 -0.10438 0.81516 
M041 -0.083478 1.9956 -0.75426 0.19035 0.76178 0.68935 -0.12302 1.0536 
M265~F -0.057084 1.4932 -0.57007 0.14148 0.55276 0.51638 -0.10894 0.78188 
|M370~B+M072| -0.012893 0.64104 -0.2496 0.059105 0.25929 0.2245 -0.038505 0.34123 
M125 -0.097918 1.7354 -0.64652 0.19814 0.64533 0.63113 -0.098412 0.94377 
M291 -0.081873 2.1798 -0.82275 0.20535 0.79652 0.76382 -0.15238 1.1254 
M145~A -0.064903 1.779 -0.69469 0.18255 0.72904 0.60045 -0.129 0.94186 
M338 -0.077521 1.8453 -0.67426 0.23096 0.71362 0.62438 -0.098329 0.96976 
M292 -0.066149 2.3857 -0.90282 0.24151 0.93923 0.79087 -0.12503 1.2236 
M048~K -0.0493 1.7508 -0.67354 0.19562 0.6694 0.59002 -0.13568 0.93068 
N8B -0.052645 0.60638 -0.23985 0.051874 0.2042 0.18868 -0.053357 0.33732 
M136~C -0.041019 1.546 -0.60805 0.18284 0.5981 0.54431 -0.10972 0.83384 
|M377+M320+M377| -0.040101 0.97697 -0.36085 0.11745 0.39293 0.3451 -0.072023 0.5278 
M147 -0.13226 2.4597 -0.92703 0.28254 0.94987 0.84012 -0.16066 1.292 
M362~A -0.079937 1.3267 -0.48872 0.16393 0.50653 0.43949 -0.060182 0.69465 
N08 -0.035551 0.94722 -0.32548 0.088598 0.34638 0.34369 -0.052676 0.45277 
M369 -0.067686 1.6882 -0.61587 0.21073 0.5969 0.56979 -0.089012 0.83878 
M367~C -0.069654 1.3432 -0.48681 0.19152 0.4921 0.45311 -0.0595 0.71227 
M328~B -0.055369 1.6651 -0.63953 0.18731 0.62002 0.59176 -0.11636 0.92729 
M327~P -0.071843 1.1097 -0.43342 0.13544 0.43438 0.37582 -0.061098 0.61662 
M319 -0.091488 1.9931 -0.71843 0.2318 0.70271 0.6666 -0.086072 1.0807 
|M370~B+M388| -0.039319 1.0591 -0.38686 0.11608 0.40761 0.37277 -0.059916 0.55457 
M131~E -0.0099343 1.3156 -0.489 0.13898 0.50915 0.44013 -0.058971 0.70576 
M381 -0.088503 2.366 -0.91633 0.28596 0.87278 0.77222 -0.10828 1.2223 
M315 -0.083184 1.9805 -0.72944 0.21988 0.68326 0.65328 -0.092156 1.0149 
|M036+N30C| -0.037613 1.4095 -0.52955 0.15116 0.55581 0.47909 -0.076965 0.72815 
M230 -0.072134 1.7972 -0.67892 0.18814 0.69368 0.62852 -0.11881 0.9432 
M384~AB -0.06157 1.1874 -0.46152 0.16577 0.43014 0.38365 -0.067066 0.61434 
N51G -0.039607 1.0299 -0.39774 0.1003 0.33441 0.39012 -0.042319 0.54678 
M029~A -0.087712 1.8537 -0.69485 0.20888 0.70656 0.65036 -0.094773 1.0028 
N34@B -0.076419 3.2868 -1.3332 0.34321 1.3541 1.302 -0.24946 1.6902 
M387~I -0.082464 2.145 -0.80614 0.26482 0.80072 0.71771 -0.11175 1.1414 
N30D@B -0.027412 1.364 -0.54465 0.096663 0.55282 0.52729 -0.05642 0.69868 
M038~A -0.056448 2.2486 -0.84935 0.26853 0.88426 0.75983 -0.13977 1.2039 
M010 -0.066267 1.7482 -0.68506 0.17016 0.67068 0.5947 -0.084313 0.92536 
|M218+M320| -0.062377 1.4752 -0.551 0.14971 0.58981 0.53307 -0.10458 0.79448 
M346~A -0.063027 1.526 -0.58655 0.19983 0.61415 0.5415 -0.096174 0.83863 
|M217+M388| -0.046348 1.5524 -0.57182 0.16466 0.59847 0.55117 -0.080084 0.83001 
M136 -0.057253 2.0411 -0.78504 0.25529 0.77339 0.73182 -0.16277 1.0445 
M281~F -0.070011 1.6755 -0.613 0.20145 0.64096 0.53807 -0.089973 0.8722 
M051~B -0.057666 1.7406 -0.64952 0.17632 0.65494 0.60961 -0.14178 0.9288 
|M370+M072+M370| -0.0075403 0.57703 -0.21673 0.070948 0.21734 0.20066 -0.028614 0.31334 
N46 -0.1421 1.6856 -0.63834 0.10127 0.66058 0.64832 -0.0276 0.90906 
M149~A2 -0.065642 1.1457 -0.42068 0.14241 0.43963 0.42345 -0.095999 0.61642 
M297~D -0.065398 1.5696 -0.57157 0.1593 0.59067 0.53631 -0.11582 0.83266 
M050~K -0.047579 1.4317 -0.49482 0.18589 0.53637 0.49423 -0.12771 0.76203 
M144 -0.079389 1.881 -0.67755 0.17905 0.72757 0.61586 -0.12449 0.98354 
M073~B -0.085738 1.7517 -0.64986 0.16803 0.67496 0.63652 -0.11071 0.92294 
M384~D -0.067196 1.5434 -0.58208 0.21366 0.56757 0.54518 -0.075113 0.81601 
M240~E -0.046768 2.0014 -0.7558 0.23349 0.78582 0.65306 -0.13686 1.0748 
M003 -0.089861 1.9154 -0.70623 0.21277 0.7183 0.67308 -0.14521 0.93066 
M228~GA -0.046852 1.2734 -0.49244 0.13782 0.47638 0.43138 -0.11589 0.66429 
M269 -0.043843 2.2748 -0.88086 0.22295 0.84196 0.8265 -0.16843 1.238 
M069~A -0.059997 1.4899 -0.5919 0.15854 0.60296 0.49812 -0.10414 0.78431 
M207 -0.067156 1.9676 -0.73746 0.21437 0.74659 0.6821 -0.11829 1.0323 
M221 -0.077245 1.9722 -0.75779 0.18397 0.73504 0.68483 -0.13212 1.0671 
M057~B1 -0.074116 1.7296 -0.65713 0.20925 0.65563 0.59175 -0.096203 0.88132 
M222 -0.092605 1.9698 -0.73549 0.15977 0.74081 0.64345 -0.1379 1.033 
M367~A -0.061902 1.4991 -0.57312 0.19767 0.54356 0.4889 -0.097344 0.80708 
|M175+M288| -0.071457 1.6809 -0.63777 0.18868 0.63536 0.5902 -0.1123 0.89492 
N(N01) -0.024826 0.74436 -0.2534 0.082093 0.28186 0.2293 -0.032532 0.4002 
M044 -0.092444 1.9431 -0.70595 0.19348 0.73625 0.66543 -0.15465 1.0069 
M053~A -0.074375 1.6996 -0.62089 0.17363 0.64598 0.55739 -0.097625 0.90117 
M263~B -0.074388 2.2523 -0.83402 0.22483 0.84584 0.78419 -0.14504 1.1808 
M223~B -0.034408 1.8863 -0.69557 0.18852 0.72757 0.66036 -0.14985 1.0192 
M341~Q -0.060518 1.0186 -0.37264 0.10768 0.41007 0.3369 -0.014743 0.53744 
M310 -0.044166 1.8438 -0.70586 0.18642 0.66754 0.63648 -0.11419 1.0126 
M417~H 0.0082554 0.54517 -0.17633 0.068275 0.22415 0.18508 -0.022499 0.31559 
M051~C -0.067833 1.5685 -0.56634 0.16414 0.5899 0.54948 -0.12144 0.80984 
M269~2 -0.033183 1.3542 -0.552 0.15815 0.52336 0.48031 -0.1219 0.73795 
M346~B -0.094577 1.5357 -0.58161 0.17899 0.58442 0.5648 -0.12903 0.82016 
M110 -0.05449 1.8543 -0.66863 0.19147 0.71131 0.59849 -0.13903 0.98664 
|M106~2+M288| -0.033536 1.2157 -0.44922 0.14303 0.46928 0.4158 -0.058282 0.62436 
M269~A1 -0.043963 1.3197 -0.53305 0.11019 0.50316 0.48218 -0.084311 0.73414 
|M036+N24| -0.049548 1.4327 -0.54991 0.15954 0.561 0.48784 -0.098185 0.76005 
M264~B -0.061949 1.9844 -0.7551 0.18928 0.74589 0.69704 -0.12478 1.0742 
M056 -0.059002 2.2236 -0.849 0.22906 0.83094 0.79992 -0.11509 1.1098 
M051~A -0.054965 1.7338 -0.66596 0.19351 0.66856 0.60745 -0.11922 0.91737 
M325~D -0.076167 1.3998 -0.53538 0.16094 0.54067 0.46058 -0.07578 0.73009 
M002~B -0.022863 1.4785 -0.5601 0.1745 0.56079 0.51626 -0.074749 0.75513 
M035 -0.046451 2.2543 -0.87934 0.25501 0.8869 0.76351 -0.13173 1.2032 
M024~1 -0.087695 1.362 -0.51903 0.14984 0.51204 0.47764 -0.08741 0.70992 
M323 -0.10807 2.1079 -0.83187 0.21822 0.81079 0.71998 -0.12109 1.1132 
M210~G -0.041388 1.3473 -0.50924 0.14465 0.51417 0.48104 -0.092931 0.68187 
|M327+M059| -0.026391 0.92778 -0.35252 0.097165 0.36721 0.33989 -0.064729 0.5076 
M136~B -0.055556 1.73 -0.67753 0.18887 0.66071 0.61511 -0.13365 0.93579 
M247~G -0.082853 1.3043 -0.48275 0.14429 0.5152 0.43545 -0.098652 0.72658 
M242~AB -0.054864 1.2515 -0.47145 0.14367 0.48497 0.4033 -0.063608 0.65901 
M379 -0.056185 1.9449 -0.74574 0.22774 0.731 0.65197 -0.12747 1.0482 
M136~I -0.037709 1.3321 -0.5071 0.14483 0.51428 0.4579 -0.11277 0.73507 
M001~B -0.052957 1.7374 -0.64678 0.19004 0.6532 0.63269 -0.14506 0.94505 
M009~A -0.084504 1.8121 -0.71028 0.17944 0.67569 0.61811 -0.094877 0.97912 
M061 -0.071753 1.7169 -0.65073 0.18529 0.64029 0.58209 -0.12068 0.86137 
M384 -0.08217 2.1937 -0.79112 0.25959 0.81562 0.74369 -0.1292 1.1768 
M316~E2 -0.045366 0.94569 -0.30215 0.10588 0.35054 0.34473 -0.069516 0.50042 
M230~A -0.066597 1.5786 -0.6153 0.16956 0.61236 0.56701 -0.077181 0.82073 
|M195+M038~A| -0.034963 1.5088 -0.57353 0.15746 0.58887 0.52066 -0.086656 0.78679 
M373~A -0.050876 1.6256 -0.59813 0.19386 0.61338 0.51259 -0.11088 0.85607 
M056~E -0.044296 1.4975 -0.57529 0.15694 0.58223 0.54464 -0.1043 0.78793 
M265 -0.070519 2.314 -0.88898 0.22317 0.85964 0.81203 -0.17091 1.2448 
M041~G -0.044419 1.3194 -0.5157 0.13454 0.51106 0.4683 -0.058033 0.69509 
|M305+M136| -0.037638 1.4338 -0.53789 0.14364 0.52686 0.50186 -0.094398 0.75095 
M318~A -0.063314 1.9807 -0.74837 0.19654 0.74908 0.69394 -0.1118 1.0563 
|M370+M388+M370| -0.0094669 0.76475 -0.28325 0.10183 0.29779 0.26812 -0.048761 0.41743 
M295 -0.078437 2.1386 -0.79315 0.19117 0.80968 0.70521 -0.15224 1.1376 
|M288+N01| -0.046787 1.5448 -0.57711 0.1924 0.60066 0.53703 -0.088116 0.80612 
N51@B -0.0045031 1.7896 -0.69771 0.18047 0.72224 0.69181 -0.075007 0.95626 
M367~G -0.054599 1.1076 -0.40811 0.15931 0.39395 0.37591 -0.057648 0.58773 
|M377+M377| -0.044351 1.174 -0.43274 0.12919 0.43803 0.39992 -0.073269 0.60957 
|M370+M046+M370| -0.015905 0.58585 -0.2137 0.062628 0.23821 0.20269 -0.028848 0.32459 
M383 -0.053778 2.1728 -0.8132 0.24324 0.80221 0.73072 -0.14116 1.1609 
M205~C -0.028541 1.4063 -0.52712 0.15761 0.54617 0.47201 -0.10392 0.74296 
M075~G -0.069979 1.1677 -0.43389 0.13146 0.42259 0.38123 -0.078786 0.57987 
M208 -0.07663 1.8197 -0.68803 0.19189 0.68837 0.67246 -0.13282 0.95914 
M318 -0.054749 2.1078 -0.79787 0.2234 0.76892 0.71386 -0.13117 1.0775 
M006@G -0.025985 1.0429 -0.37944 0.10378 0.412 0.38413 -0.074996 0.53791 
M226~C -0.065373 1.5897 -0.57636 0.15896 0.64484 0.55441 -0.1039 0.858 
M103 -0.060586 1.8722 -0.66102 0.23991 0.68832 0.59788 -0.11346 0.97014 
M312 -0.060508 1.8041 -0.686 0.21598 0.6391 0.62878 -0.10136 0.96971 
M311~B -0.050805 1.5241 -0.56193 0.15836 0.55202 0.52981 -0.10357 0.82786 
M367~I -0.047698 1.2229 -0.44392 0.15418 0.43094 0.40637 -0.067564 0.64002 
|M175+M136| -0.055032 1.5321 -0.59679 0.16187 0.58048 0.54061 -0.10729 0.81466 
M418~C -0.013786 0.42653 -0.15007 0.024664 0.13429 0.13781 -0.023367 0.2349 
M210 -0.050168 2.0794 -0.75832 0.21081 0.80815 0.67989 -0.17203 1.0998 
M058 -0.076232 2.2513 -0.78803 0.26314 0.81177 0.80408 -0.16802 1.1931 
M080~A -0.070987 1.513 -0.59853 0.17608 0.56088 0.50492 -0.115 0.81707 
M210~D -0.030968 1.5549 -0.58622 0.17909 0.58926 0.55908 -0.12301 0.82603 
M047 -0.064482 2.0104 -0.75235 0.21743 0.77721 0.71534 -0.12823 1.0885 
M254~C -0.077598 1.4801 -0.54973 0.16575 0.57945 0.51595 -0.1136 0.77592 
M147~E -0.086621 1.8235 -0.68018 0.20123 0.70355 0.62276 -0.12577 0.95553 
M261~B1 -0.061147 1.52 -0.57722 0.17305 0.55142 0.55666 -0.073777 0.78556 
M251~C -0.074651 1.4101 -0.52226 0.13264 0.53447 0.50563 -0.086183 0.75407 
|M218+M101| -0.033267 1.2848 -0.48585 0.12713 0.4837 0.44177 -0.10588 0.68399 
M057~A2 -0.090816 1.656 -0.61613 0.20732 0.6467 0.56399 -0.10407 0.88953 
M285~C -0.074839 1.4202 -0.51633 0.14272 0.52484 0.49143 -0.0963 0.74282 
N39A -0.053851 1.7276 -0.67168 0.10482 0.69465 0.68721 -0.089915 0.92553 
M309~D -0.044184 1.3266 -0.52053 0.14919 0.5024 0.44663 -0.068576 0.70722 
M263~E -0.10051 1.9889 -0.74602 0.20535 0.73353 0.6643 -0.12814 1.0245 
M246~B -0.084042 1.6618 -0.62459 0.17963 0.64618 0.58572 -0.13317 0.87924 
M110~A -0.062572 1.5738 -0.58896 0.15627 0.63256 0.53456 -0.11602 0.84983 
M264~D -0.082953 1.754 -0.68939 0.17993 0.65197 0.61454 -0.11575 0.9586 
M206~B -0.053404 1.7468 -0.68774 0.209 0.65697 0.60221 -0.13098 0.96179 
M057~A4 -0.10026 1.6859 -0.63715 0.20154 0.66378 0.58299 -0.11018 0.89138 
M195~D -0.019553 1.3203 -0.50906 0.099665 0.49438 0.45679 -0.054779 0.69238 
|M153+X| -0.049301 1.1505 -0.42093 0.11029 0.4235 0.40068 -0.074842 0.59064 
M281~C -0.082691 1.6668 -0.60604 0.18049 0.64344 0.56392 -0.082318 0.8824 
M103~3 -0.035468 1.314 -0.4886 0.12093 0.48106 0.44212 -0.078669 0.66489 
M149~A1 -0.057351 1.2962 -0.48675 0.1625 0.49868 0.45867 -0.094561 0.69546 
M317~A -0.038775 1.5964 -0.61009 0.18751 0.57655 0.53845 -0.1022 0.85569 
M115~A -0.06425 1.558 -0.58553 0.17315 0.5981 0.51193 -0.07082 0.83358 
M146~D -0.045985 1.3738 -0.51504 0.16113 0.54694 0.4575 -0.10184 0.72212 
M003~C -0.059969 1.5128 -0.58114 0.16613 0.54487 0.50342 -0.13627 0.76152 
M379~C -0.074136 1.3156 -0.48723 0.13908 0.52888 0.45686 -0.086223 0.70286 
M298 -0.098713 2.0301 -0.78408 0.19765 0.79673 0.67759 -0.12844 1.0604 
M356 -0.067807 1.7949 -0.71216 0.23324 0.69257 0.56617 -0.099859 0.97215 
M180 -0.047469 1.2655 -0.45243 0.12227 0.50576 0.40149 -0.067398 0.67676 
|M036+N39C| -0.042908 1.3594 -0.51881 0.14299 0.53371 0.46456 -0.093199 0.7126 
N1B -0.018994 0.80078 -0.26099 0.05548 0.31902 0.30591 -0.065017 0.41266 
M110~B -0.064937 1.6078 -0.62762 0.16911 0.60475 0.57035 -0.11172 0.88238 
M243 -0.043547 2.1483 -0.7949 0.23349 0.80289 0.72227 -0.12982 1.0979 
M288~I -0.063458 1.7241 -0.64435 0.18055 0.65076 0.61856 -0.10786 0.89815 
M128~D -0.077256 1.4841 -0.5696 0.171 0.54942 0.49434 -0.11524 0.81683 
|M362+X| -0.030759 0.99564 -0.36661 0.11931 0.38224 0.36982 -0.051817 0.53582 
|M260~1+N24| -0.050834 0.99385 -0.38122 0.09789 0.37977 0.35236 -0.05116 0.52009 
M193 -0.05139 1.3803 -0.51272 0.13931 0.54745 0.50074 -0.057512 0.7102 
M376~B -0.08364 1.6065 -0.61235 0.19846 0.59274 0.55024 -0.1126 0.84711 
M075~O -0.04923 1.1614 -0.4352 0.11263 0.41521 0.3986 -0.058305 0.59934 
M096~D -0.084792 1.5521 -0.61976 0.1786 0.59264 0.53268 -0.10271 0.81067 
M010~1 -0.078041 1.2854 -0.51734 0.14038 0.49848 0.4603 -0.057709 0.66918 
|M260~2+N24| -0.029722 1.0023 -0.38341 0.088229 0.37292 0.35521 -0.047192 0.50679 
M038~A2 -0.040386 1.5456 -0.59584 0.16259 0.59335 0.53339 -0.10375 0.82909 
M158~H -0.024582 1.1071 -0.42036 0.13044 0.44335 0.36582 -0.041098 0.55041 
M143 -0.087504 1.8478 -0.68802 0.19967 0.68409 0.62923 -0.13301 0.95811 
M049~D -0.063542 1.6069 -0.61002 0.16651 0.58727 0.56395 -0.11217 0.82182 
M112 -0.06742 1.5665 -0.57204 0.16061 0.59532 0.56379 -0.077972 0.83434 
M294~A -0.070166 1.6774 -0.6663 0.20461 0.64718 0.58241 -0.11902 0.91668 
|M218~D+M288| -0.046156 1.2736 -0.47573 0.13697 0.48881 0.43256 -0.081387 0.67042 
M075~M -0.045317 1.2599 -0.45034 0.12132 0.46213 0.41907 -0.05817 0.63085 
M309 -0.061245 1.8641 -0.69527 0.23477 0.69267 0.6014 -0.07301 0.95922 
M346~D -0.072623 1.3496 -0.52465 0.15035 0.52932 0.46921 -0.11122 0.72061 
M246 -0.11093 2.1874 -0.81608 0.25078 0.87705 0.77876 -0.17436 1.1671 
M010~6 -0.060959 1.16 -0.43058 0.11665 0.43566 0.43357 -0.055504 0.61847 
|M175+M175| -0.040271 1.2392 -0.47677 0.1109 0.47051 0.42724 -0.078549 0.65354 
M038~B1 -0.041009 1.6187 -0.63931 0.17672 0.62856 0.56164 -0.094226 0.84878 
M024~A1 -0.048446 1.1348 -0.44368 0.13766 0.42781 0.43696 -0.083875 0.62108 
M252~Q -0.056891 1.1 -0.39724 0.143 0.4296 0.38249 -0.085406 0.57676 
M244 -0.068824 1.9955 -0.75257 0.21807 0.79955 0.65434 -0.16928 1.0959 
N8A -0.10322 1.1413 -0.47254 0.11751 0.43655 0.39853 -0.097158 0.60625 
M131~K -0.041545 1.2224 -0.4739 0.13591 0.45519 0.42526 -0.070518 0.65794 
M075~K -0.064803 1.2157 -0.42103 0.10859 0.44938 0.42936 -0.080138 0.61563 
M352~C -0.042194 1.5868 -0.60488 0.16643 0.61427 0.5401 -0.099455 0.87003 
M324~D -0.040582 1.3379 -0.50571 0.16286 0.51152 0.48791 -0.05117 0.75772 
M288~D -0.077006 1.8639 -0.71259 0.19026 0.6903 0.67008 -0.1027 0.99015 
M136~A -0.071357 1.6963 -0.64602 0.19667 0.6707 0.61194 -0.10638 0.92065 
M048~E -0.064695 1.8144 -0.68412 0.20808 0.68747 0.61302 -0.12533 0.98016 
M126 -0.075478 1.5428 -0.5518 0.15415 0.61363 0.54593 -0.11513 0.8222 
M048~I -0.069939 1.7603 -0.65706 0.18143 0.67913 0.5932 -0.124 0.95196 
|M305+M320| -0.047981 1.3756 -0.51587 0.1339 0.53204 0.49152 -0.089127 0.75485 
M037 -0.054106 2.0113 -0.79762 0.24473 0.80017 0.73823 -0.1142 1.059 
M209~D -0.05143 1.4276 -0.56321 0.13635 0.51984 0.49783 -0.089426 0.79025 
M136~Q -0.028498 1.2578 -0.49007 0.11259 0.47647 0.4395 -0.090598 0.67545 
M292~I -0.068942 1.5302 -0.5614 0.15603 0.57711 0.5038 -0.088706 0.8395 
M123~B -0.056606 1.4299 -0.54521 0.14165 0.56158 0.49822 -0.10848 0.79051 
M277 -0.074822 1.543 -0.56582 0.16708 0.57198 0.52057 -0.12303 0.82722 
M352~S -0.046905 1.4475 -0.54276 0.17316 0.55912 0.48513 -0.079851 0.79186 
M206~FA -0.036087 1.0767 -0.41944 0.11376 0.41281 0.36909 -0.080511 0.60349 
|M260+N24| -0.04801 1.069 -0.42235 0.10323 0.41635 0.36873 -0.062259 0.56037 
M292~C -0.075621 1.7966 -0.65175 0.15649 0.68374 0.59109 -0.097815 0.98333 
M207~M -0.045805 1.1559 -0.43418 0.12899 0.45647 0.3985 -0.082077 0.60837 
M359 -0.069054 1.8535 -0.69554 0.20461 0.69567 0.62832 -0.13981 0.98997 
|M175+M153| -0.052643 1.229 -0.47179 0.14473 0.47033 0.42025 -0.083213 0.6492 
M176 -0.037024 1.4108 -0.50616 0.15595 0.54435 0.46322 -0.087831 0.71446 
M038~I -0.033104 1.8576 -0.7103 0.20911 0.73202 0.63238 -0.11755 0.9689 
M158 -0.075941 1.5155 -0.54847 0.16165 0.60916 0.49751 -0.11927 0.77235 
M387~H -0.083751 2.0018 -0.75539 0.2401 0.74132 0.66696 -0.073753 1.0731 
M362+X -0.050985 1.023 -0.38862 0.10434 0.36245 0.35077 -0.051755 0.55666 
M059~D -0.052129 1.5498 -0.58297 0.16392 0.59447 0.57926 -0.09215 0.82476 
|M195+M038| -0.056198 1.6104 -0.63004 0.1724 0.62719 0.56828 -0.10753 0.83296 
M342 -0.10652 1.8437 -0.72278 0.21212 0.6996 0.65224 -0.078717 0.99608 
M105 -0.051845 1.6078 -0.58436 0.21271 0.63646 0.54535 -0.11719 0.87297 
M264~A1 -0.043183 1.5003 -0.59036 0.1469 0.57319 0.52412 -0.10458 0.80101 
M111 -0.041224 1.627 -0.59037 0.17434 0.63541 0.53388 -0.080479 0.89596 
M243~E -0.048209 1.5808 -0.59156 0.15114 0.62725 0.5573 -0.10069 0.82943 
M418~B 0.0019372 0.69838 -0.26011 0.082705 0.23988 0.22582 -0.036419 0.38992 
|M351+X| -0.045817 1.144 -0.44261 0.13539 0.44474 0.41862 -0.092105 0.63868 
M016 -0.099641 1.5986 -0.61956 0.21029 0.63042 0.54765 -0.12853 0.85102 
|M157+M288| -0.033231 1.3691 -0.50775 0.15955 0.52602 0.4764 -0.078129 0.72652 
M319~C -0.056852 1.3229 -0.47938 0.1549 0.48411 0.45758 -0.1034 0.70817 
M321 -0.074324 1.8233 -0.69479 0.20954 0.72959 0.6309 -0.050665 0.99183 
|M218+X| -0.05254 1.5012 -0.55503 0.1601 0.56722 0.52851 -0.13888 0.81139 
M248~A -0.067839 1.8344 -0.70275 0.19984 0.71849 0.64226 -0.12451 0.97758 
|M305+M009| -0.027918 1.3549 -0.49959 0.12686 0.51068 0.46376 -0.089561 0.72264 
M103~2 -0.019203 1.2431 -0.45788 0.1457 0.46181 0.42745 -0.078835 0.6456 
M386 -0.10437 2.5501 -0.95366 0.31362 0.95122 0.85757 -0.10403 1.359 
M383~E -0.05888 1.4837 -0.55555 0.15926 0.56481 0.50598 -0.073312 0.79043 
M054~C -0.08749 1.66 -0.61137 0.18863 0.61802 0.57225 -0.099652 0.87195 
M248 -0.072636 2.2104 -0.87797 0.21951 0.85609 0.76975 -0.13508 1.1957 
M080~B -0.056681 1.5768 -0.58707 0.17206 0.55962 0.55126 -0.10497 0.8335 
M417~F 0.0079838 0.43895 -0.14311 0.061234 0.15836 0.16292 -0.028693 0.26354 
M247~A -0.089693 1.7338 -0.65645 0.1994 0.6804 0.5741 -0.12618 0.92341 
M147~D -0.082884 1.5398 -0.57995 0.18192 0.60608 0.51927 -0.09106 0.82955 
M301~A -0.089945 1.6115 -0.56816 0.17554 0.60339 0.53346 -0.09553 0.84119 
M295~E -0.050099 1.5106 -0.57783 0.13212 0.56116 0.50471 -0.11569 0.81065 
M293~A -0.048015 1.5627 -0.59926 0.18008 0.59137 0.50219 -0.10839 0.81357 
M150~A -0.054125 1.3547 -0.4791 0.15183 0.5423 0.46073 -0.088852 0.73839 
M251 -0.077958 2.0781 -0.76647 0.18268 0.77967 0.72581 -0.13335 1.0845 
M052~A -0.067405 1.6349 -0.62095 0.20455 0.64744 0.57009 -0.082715 0.87352 
M039~C -0.039492 1.3866 -0.54965 0.14559 0.5237 0.49758 -0.092654 0.73465 
M038~B -0.038603 2.2008 -0.86297 0.26471 0.85633 0.77452 -0.13318 1.2031 
M180~B -0.030773 1.378 -0.51252 0.13979 0.52411 0.46135 -0.083471 0.71667 
M064~A -0.057556 1.4903 -0.58902 0.17674 0.59423 0.49041 -0.085272 0.76481 
M102~DA -0.04879 1.034 -0.40788 0.11952 0.41387 0.35222 -0.067804 0.54468 
M073~A -0.052705 1.5954 -0.60739 0.18168 0.60818 0.5555 -0.11889 0.85724 
M041~J -0.020518 1.3104 -0.52565 0.11242 0.5064 0.46954 -0.069948 0.6979 
M096~1 -0.073773 1.3233 -0.49664 0.15424 0.53341 0.48508 -0.10579 0.69748 
M325~E -0.058969 1.4196 -0.5442 0.13948 0.54023 0.48629 -0.090746 0.75437 
M125~A -0.082948 1.4683 -0.54544 0.16258 0.56363 0.51655 -0.087576 0.78906 
M097~F -0.060118 1.373 -0.53069 0.13371 0.53604 0.47927 -0.098441 0.71412 
M318~A3 -0.012373 1.3497 -0.50854 0.11714 0.49518 0.46793 -0.070138 0.68839 
M278 -0.07052 1.553 -0.57426 0.19256 0.57115 0.56024 -0.12224 0.81141 
|M157+X| -0.024468 1.2453 -0.44138 0.12064 0.47769 0.42564 -0.071826 0.68228 
M361~A -0.056054 1.3965 -0.50519 0.16842 0.54839 0.47598 -0.08088 0.73687 
M371~A -0.074333 1.6855 -0.6314 0.21313 0.65227 0.5557 -0.1003 0.89595 
M293~B -0.057222 1.6053 -0.62581 0.16609 0.6292 0.56614 -0.11017 0.86433 
N(N@B) -0.018736 0.37977 -0.14209 0.061563 0.13146 0.13569 0.00034001 0.19773 
M206~F -0.027583 1.3977 -0.5282 0.14143 0.54511 0.48383 -0.10044 0.74975 
M271~CA -0.030714 0.93059 -0.32864 0.13072 0.36399 0.33603 -0.087426 0.49434 
M323~I -0.045404 1.224 -0.47354 0.12275 0.44963 0.41124 -0.083344 0.65741 
M039~A -0.079576 1.6673 -0.65787 0.1973 0.65609 0.59095 -0.091418 0.91691 
M136~R -0.041178 1.2641 -0.46983 0.12647 0.49031 0.4446 -0.079275 0.68592 
M242~D -0.070266 1.6955 -0.65704 0.21214 0.66316 0.55665 -0.069061 0.89793 
M321~B -0.043002 1.4842 -0.55293 0.16664 0.55404 0.50618 -0.07988 0.80234 
|M351+3(N01)| -0.011733 0.86017 -0.32552 0.10705 0.32944 0.29924 -0.061586 0.48033 
M370~C -0.046513 1.3693 -0.5153 0.14649 0.51824 0.43614 -0.071049 0.70654 
M367~E -0.050709 1.3722 -0.5073 0.16941 0.49003 0.47211 -0.067923 0.73422 
M224 -0.071869 2.0918 -0.7787 0.20297 0.79257 0.69261 -0.15654 1.1396 
M086 -0.064025 1.6656 -0.63186 0.21465 0.61267 0.55538 -0.11985 0.84217 
M145~BB -0.049154 1.1559 -0.4458 0.14479 0.47264 0.39637 -0.095093 0.5758 
|M054+M365+M054~I| -0.045534 0.92924 -0.35976 0.11069 0.35154 0.35202 -0.059156 0.48407 
