492 8
</s> -1.3055 0.69953 -0.7547 -0.50874 1.8894 -0.44238 0.4927 -0.38949 
, -1.1792 0.63889 -0.7284 -0.42838 1.9853 -0.44262 0.35027 -0.38199 
[...] -1.102 0.55791 -0.63529 -0.44907 1.7409 -0.39425 0.38904 -0.38141 
1(N01) -1.749 0.83071 -0.99238 -0.7346 2.6323 -0.64636 0.57442 -0.57149 
x -1.0112 0.46678 -0.64457 -0.40301 1.4801 -0.37462 0.30802 -0.35262 
2(N01) -1.433 0.68406 -0.82307 -0.59599 2.129 -0.52382 0.46129 -0.47431 
M288 -1.5933 0.76253 -0.92485 -0.63872 2.4105 -0.61267 0.56461 -0.52234 
1(N14) -1.554 0.78043 -0.86116 -0.6173 2.35 -0.63097 0.52685 -0.49166 
M388 -1.7304 0.82919 -0.95732 -0.68025 2.6067 -0.618 0.56874 -0.57731 
M218 -1.4396 0.74332 -0.81686 -0.57389 2.1738 -0.5838 0.50899 -0.46998 
3(N01) -1.2654 0.59268 -0.69474 -0.51218 1.8619 -0.45908 0.39109 -0.41258 
1(N24) -1.2427 0.5965 -0.69988 -0.52402 1.8989 -0.51748 0.42494 -0.44063 
4(N01) -1.196 0.57567 -0.67783 -0.52467 1.8136 -0.42544 0.37758 -0.40452 
5(N01) -1.1071 0.52015 -0.61951 -0.46997 1.6228 -0.38487 0.36249 -0.37602 
1(N39B) -1.3788 0.69028 -0.76514 -0.57264 2.1312 -0.56816 0.50509 -0.4601 
M371 -1.4069 0.6889 -0.77728 -0.58446 2.1672 -0.52862 0.47108 -0.43937 
M124 -1.14 0.54524 -0.6672 -0.45878 1.758 -0.42846 0.3949 -0.36095 
2(N39B) -1.1217 0.57534 -0.62339 -0.4799 1.7302 -0.45186 0.40452 -0.37539 
M297 -1.3575 0.6672 -0.76921 -0.57137 2.0164 -0.54768 0.47946 -0.4639 
M054 -1.4477 0.78009 -0.85569 -0.59637 2.1991 -0.50224 0.51397 -0.50079 
2(N14) -1.3216 0.67621 -0.73034 -0.5269 2.0263 -0.52267 0.42159 -0.44066 
M387 -1.6671 0.77389 -0.92064 -0.66992 2.4662 -0.58196 0.54704 -0.58526 
M346 -1.2364 0.56722 -0.66213 -0.48328 1.8275 -0.45134 0.44426 -0.40063 
M066 -1.3803 0.70752 -0.76669 -0.5847 2.1262 -0.50672 0.48512 -0.44879 
M157 -0.875 0.45633 -0.53804 -0.38313 1.3679 -0.35279 0.27474 -0.28417 
M096 -1.4054 0.67375 -0.81812 -0.58187 2.1251 -0.51154 0.44619 -0.48754 
M376 -1.2199 0.6116 -0.68749 -0.49984 1.8963 -0.49766 0.43055 -0.43031 
M009 -1.2315 0.61531 -0.70697 -0.49876 1.939 -0.4682 0.42575 -0.44074 
1(N30C) -1.3781 0.66538 -0.77234 -0.57498 2.0893 -0.52906 0.45524 -0.45452 
6(N01) -1.1286 0.53387 -0.64691 -0.47711 1.6601 -0.37559 0.37042 -0.36399 
2(N30C) -1.1425 0.56661 -0.63451 -0.47116 1.7161 -0.43208 0.37894 -0.37208 
M263 -1.6456 0.7634 -0.92692 -0.65785 2.4911 -0.65446 0.62052 -0.51586 
3(N39B) -0.95617 0.49234 -0.53804 -0.40191 1.4885 -0.39206 0.35483 -0.30861 
3(N14) -1.12 0.57436 -0.6357 -0.41834 1.6889 -0.43283 0.35754 -0.35766 
M001 -1.2248 0.60926 -0.68866 -0.53002 1.8905 -0.42815 0.43503 -0.45643 
M036 -1.4284 0.67424 -0.84403 -0.6093 2.1762 -0.59224 0.50501 -0.48858 
4(N14) -1.0878 0.5425 -0.60592 -0.46398 1.7042 -0.40728 0.36046 -0.3587 
M305 -1.3074 0.6476 -0.72092 -0.52282 1.9411 -0.47814 0.42359 -0.43012 
1(N30D) -1.2117 0.59007 -0.67438 -0.50429 1.8411 -0.47289 0.40772 -0.36 
M032 -1.2758 0.62359 -0.74437 -0.52223 1.9499 -0.51519 0.44042 -0.39859 
M370 -1.2116 0.60147 -0.69234 -0.51791 1.8312 -0.48809 0.42965 -0.40059 
M004 -1.2765 0.59712 -0.69855 -0.48269 1.8769 -0.47111 0.44845 -0.39012 
M354 -1.1272 0.57258 -0.65655 -0.44906 1.7219 -0.45685 0.41195 -0.43932 
8(N01) -1.0971 0.5213 -0.61001 -0.46378 1.6487 -0.40674 0.35528 -0.35179 
M003~b -1.0879 0.52369 -0.61118 -0.46557 1.6313 -0.39514 0.37202 -0.38825 
|M036+1(N30D)| -0.96254 0.47554 -0.55684 -0.38349 1.454 -0.36977 0.34132 -0.30891 
M057 -1.6285 0.79236 -0.92133 -0.67871 2.5076 -0.59283 0.55521 -0.54349 
M072 -1.0262 0.51292 -0.54316 -0.41883 1.5521 -0.36704 0.3727 -0.33174 
1(N34) -1.3654 0.65156 -0.7661 -0.57445 2.0981 -0.57733 0.46898 -0.44957 
M157~a -0.85907 0.45022 -0.48147 -0.35282 1.3246 -0.31501 0.3053 -0.2884 
7(N01) -1.0781 0.51167 -0.62783 -0.45055 1.6298 -0.3888 0.33014 -0.37939 
M367 -1.205 0.55286 -0.67664 -0.51556 1.7834 -0.43731 0.38979 -0.4124 
M219 -1.2746 0.61923 -0.71111 -0.51771 1.9062 -0.492 0.45699 -0.44718 
M347 -1.2794 0.61782 -0.69642 -0.49908 1.962 -0.50544 0.44999 -0.40198 
1(N45) -1.012 0.50434 -0.57569 -0.39565 1.5393 -0.38662 0.33979 -0.32537 
4(N39B) -0.89068 0.44908 -0.48806 -0.37339 1.4072 -0.37223 0.32955 -0.30688 
M297~b -1.1295 0.557 -0.64136 -0.4551 1.6711 -0.47321 0.40565 -0.38853 
5(N14) -1.024 0.52465 -0.55581 -0.4121 1.5416 -0.40276 0.33507 -0.34664 
M259 -1.159 0.56594 -0.69013 -0.51727 1.8044 -0.45725 0.38728 -0.39506 
M059 -1.3755 0.69562 -0.73535 -0.54529 2.0983 -0.51492 0.51268 -0.46378 
M056~f -1.0747 0.51883 -0.60146 -0.43567 1.6052 -0.37025 0.32682 -0.34628 
M386~a -1.3488 0.6589 -0.71837 -0.51239 2.045 -0.51261 0.46681 -0.46126 
M373 -1.2775 0.58097 -0.71626 -0.51328 1.8746 -0.42997 0.41985 -0.40103 
6(N14) -1.0341 0.51356 -0.57285 -0.42694 1.5826 -0.37468 0.32536 -0.35121 
1(N08A) -0.84514 0.41621 -0.48462 -0.31038 1.2513 -0.35321 0.29818 -0.28351 
M387~c -1.2868 0.59947 -0.74744 -0.53204 1.9336 -0.46952 0.43061 -0.44275 
M263~a -1.2851 0.63125 -0.76242 -0.51201 1.9341 -0.49584 0.49575 -0.41781 
M153 -1.0297 0.48824 -0.57199 -0.451 1.5299 -0.39815 0.33845 -0.33874 
M377~e -1.1683 0.53011 -0.63692 -0.49386 1.75 -0.43229 0.35718 -0.38902 
M377 -1.4348 0.69705 -0.80263 -0.58842 2.1548 -0.53588 0.49732 -0.48596 
M387~ef -1.052 0.51892 -0.58189 -0.43242 1.5795 -0.37097 0.33351 -0.35919 
M387~a -1.4555 0.69845 -0.81858 -0.55445 2.1657 -0.50001 0.49432 -0.49673 
9(N01) -1.0626 0.5118 -0.59997 -0.44155 1.6141 -0.40789 0.32247 -0.34455 
M365 -1.1568 0.55368 -0.66193 -0.47339 1.751 -0.43507 0.40453 -0.40619 
M101 -1.136 0.51858 -0.67168 -0.47137 1.6888 -0.39959 0.39163 -0.40919 
M005~a -1.015 0.47999 -0.54545 -0.40865 1.4859 -0.34974 0.37351 -0.35882 
M304 -1.1453 0.54616 -0.63533 -0.41304 1.697 -0.44268 0.3894 -0.3836 
M320 -1.2865 0.61807 -0.68882 -0.56807 1.9531 -0.45692 0.43034 -0.43862 
M240 -1.3902 0.67461 -0.80766 -0.56237 2.0997 -0.52226 0.48165 -0.47032 
M317 -1.2033 0.56413 -0.69632 -0.4733 1.789 -0.45674 0.41581 -0.38935 
M024 -1.2239 0.56745 -0.71921 -0.49875 1.8501 -0.45361 0.40398 -0.43305 
M263~1 -1.1192 0.53105 -0.66424 -0.44386 1.7121 -0.42581 0.42361 -0.37636 
M097~h -0.83034 0.42319 -0.50138 -0.35295 1.2754 -0.33569 0.28062 -0.29737 
M262 -1.4365 0.71116 -0.83558 -0.55534 2.236 -0.52642 0.51441 -0.44818 
M006 -1.1816 0.55504 -0.66135 -0.45711 1.7535 -0.41677 0.35694 -0.43484 
M010~2 -0.76734 0.3708 -0.45221 -0.33401 1.18 -0.27929 0.27614 -0.2509 
|M136+M365| -0.71274 0.37889 -0.40139 -0.2725 1.07 -0.29367 0.24448 -0.24362 
M387~l -1.0956 0.51123 -0.60995 -0.45164 1.6011 -0.37391 0.3455 -0.39941 
2(N45) -0.76017 0.36883 -0.44255 -0.29872 1.1776 -0.29358 0.24702 -0.2445 
M348 -1.1296 0.55679 -0.63441 -0.43041 1.6977 -0.43852 0.38986 -0.35109 
M066~a -1.088 0.53153 -0.59369 -0.43345 1.6671 -0.38448 0.36091 -0.36539 
M057~a -1.4356 0.72739 -0.79887 -0.59128 2.1722 -0.5005 0.50271 -0.48431 
M146 -1.0605 0.52669 -0.55288 -0.41844 1.6439 -0.43403 0.38948 -0.34825 
M352~o -0.87934 0.42145 -0.4753 -0.36053 1.3101 -0.30139 0.26114 -0.26724 
M081 -1.1049 0.55905 -0.66962 -0.47851 1.7086 -0.42312 0.43861 -0.38611 
M352~n -0.91271 0.43032 -0.48923 -0.38972 1.3366 -0.34202 0.32223 -0.28813 
M099 -1.2476 0.62379 -0.70336 -0.52428 1.8565 -0.45967 0.41021 -0.4006 
M139 -1.3191 0.6495 -0.75618 -0.52787 2.0054 -0.51272 0.45081 -0.43444 
M033 -1.2817 0.63289 -0.72499 -0.53008 1.9379 -0.49631 0.45785 -0.44588 
M329 -1.2429 0.63407 -0.67924 -0.49979 1.9032 -0.47227 0.44125 -0.41132 
M260 -1.4146 0.6996 -0.80425 -0.57212 2.1893 -0.5807 0.52539 -0.48748 
M002 -1.204 0.53262 -0.63264 -0.50414 1.7065 -0.4405 0.41397 -0.40787 
M263~b1 -0.98098 0.44007 -0.56371 -0.38776 1.451 -0.35732 0.37429 -0.32164 
M314 -1.1537 0.54712 -0.62549 -0.49595 1.7822 -0.4384 0.41482 -0.39476 
|M327+M342| -0.55318 0.28253 -0.31919 -0.22408 0.86516 -0.22428 0.19427 -0.19827 
M046 -1.1507 0.53467 -0.68096 -0.47083 1.7248 -0.45738 0.43942 -0.37799 
M203~c -0.92884 0.46369 -0.57049 -0.41663 1.4183 -0.36813 0.30249 -0.31174 
2(N34) -1.1037 0.54236 -0.62781 -0.46895 1.6952 -0.45129 0.38352 -0.34746 
7(N14) -0.99657 0.4806 -0.53401 -0.38634 1.5239 -0.40749 0.32293 -0.32415 
M149~a -0.96953 0.48942 -0.51139 -0.36087 1.4369 -0.32617 0.34291 -0.29528 
1(N23) -1.1522 0.55532 -0.64921 -0.47307 1.7278 -0.44411 0.38002 -0.35244 
M390 -1.0467 0.48451 -0.58912 -0.40904 1.5682 -0.3709 0.33805 -0.34667 
M206~d -1.0138 0.47926 -0.59125 -0.39714 1.5263 -0.39528 0.36148 -0.32973 
M175 -0.93991 0.48061 -0.48392 -0.3688 1.4086 -0.35959 0.26415 -0.30318 
M391 -0.95657 0.47574 -0.54422 -0.39472 1.3973 -0.35693 0.36101 -0.30614 
|M195+M057| -1.0232 0.53163 -0.57637 -0.42407 1.5872 -0.40584 0.37543 -0.31288 
M372 -1.2684 0.59847 -0.7114 -0.53379 1.9273 -0.47352 0.43136 -0.42407 
M341 -1.1185 0.53441 -0.61151 -0.46775 1.6079 -0.37291 0.34845 -0.34281 
M296 -1.415 0.71353 -0.83735 -0.56535 2.1947 -0.57176 0.50448 -0.50391 
|M351+1(N14)| -0.74619 0.37911 -0.42911 -0.28954 1.1266 -0.29864 0.26868 -0.23274 
M327 -1.2686 0.66687 -0.67018 -0.50285 1.9231 -0.46084 0.47177 -0.40977 
M203~a -1.0173 0.51101 -0.58227 -0.44583 1.5092 -0.3943 0.35672 -0.31921 
M380 -1.5201 0.71571 -0.84246 -0.59155 2.2357 -0.54905 0.48055 -0.54295 
M266~b -1.2181 0.59036 -0.69219 -0.48208 1.8398 -0.46739 0.42742 -0.37889 
|M296+M296| -0.72836 0.36808 -0.4426 -0.2875 1.1032 -0.27662 0.26586 -0.24131 
M106~a -0.95247 0.43432 -0.56724 -0.37739 1.4689 -0.36917 0.33402 -0.3063 
M223 -1.4136 0.65371 -0.81402 -0.50745 2.0693 -0.54731 0.4712 -0.45064 
M054~i -1.0074 0.51016 -0.561 -0.40932 1.5417 -0.37973 0.35566 -0.34022 
M217 -1.2903 0.64305 -0.74127 -0.53675 2.0144 -0.50098 0.43763 -0.42495 
M309~a -1.0211 0.51692 -0.56422 -0.41161 1.5477 -0.39219 0.30665 -0.34981 
M325 -1.2016 0.57193 -0.71102 -0.52433 1.918 -0.42443 0.41262 -0.4074 
M254~a -1.0819 0.53774 -0.58668 -0.42633 1.6154 -0.3894 0.36812 -0.34654 
M260~1 -0.99437 0.48271 -0.57863 -0.38894 1.5443 -0.40493 0.36055 -0.34831 
M048~c -1.1146 0.54268 -0.62912 -0.43237 1.6553 -0.44382 0.37825 -0.35473 
|M218+M288| -0.94747 0.49825 -0.56717 -0.38644 1.488 -0.36218 0.33286 -0.31283 
M338~b -0.96297 0.50046 -0.55048 -0.38684 1.4854 -0.38172 0.35431 -0.33321 
M301 -1.2004 0.59247 -0.69546 -0.46005 1.8435 -0.46962 0.39984 -0.38934 
M242~b -1.1194 0.56285 -0.64386 -0.43157 1.6794 -0.43266 0.38124 -0.34887 
M262~1 -0.98517 0.47085 -0.55824 -0.37615 1.5288 -0.38444 0.33382 -0.30632 
M374~c -0.97949 0.46364 -0.56101 -0.39989 1.4848 -0.3698 0.34587 -0.33724 
M111~a -0.93182 0.48412 -0.51885 -0.35721 1.4312 -0.34914 0.34987 -0.33194 
8(N14) -0.98539 0.51833 -0.5128 -0.38882 1.5155 -0.39934 0.33716 -0.30982 
M362 -1.2266 0.59376 -0.72296 -0.51302 1.8781 -0.48103 0.46824 -0.39184 
M340 -1.0972 0.48793 -0.65373 -0.40784 1.6502 -0.39784 0.35332 -0.3288 
M206~g -0.82652 0.38641 -0.49152 -0.31837 1.2215 -0.30936 0.27734 -0.28491 
M269~b -0.99084 0.50069 -0.56664 -0.39022 1.4929 -0.39409 0.35783 -0.34435 
M057~b -1.3573 0.65842 -0.76175 -0.57329 2.054 -0.49895 0.46299 -0.47669 
|M131+M388| -0.9423 0.4844 -0.54542 -0.3859 1.467 -0.35943 0.31469 -0.31112 
1(N30C@b) -1.1475 0.54739 -0.63945 -0.47519 1.7504 -0.45614 0.39207 -0.3833 
M264~a -1.1775 0.57949 -0.68564 -0.48147 1.8165 -0.43942 0.43852 -0.42223 
M102~e -0.81132 0.3749 -0.45554 -0.29636 1.219 -0.30542 0.27074 -0.25467 
|M305+M342| -0.65785 0.31313 -0.3782 -0.24991 0.98773 -0.24169 0.2178 -0.23339 
M106 -1.0779 0.49176 -0.57578 -0.41422 1.5989 -0.3891 0.38159 -0.31285 
M048~d -1.2842 0.60808 -0.73762 -0.4905 1.8992 -0.51678 0.43458 -0.43281 
M332~d -0.85056 0.4281 -0.48968 -0.369 1.2847 -0.31835 0.28386 -0.29612 
M122 -0.97253 0.41805 -0.50659 -0.3917 1.4001 -0.40809 0.32399 -0.298 
|M305+X| -0.70018 0.33995 -0.41257 -0.29056 1.0515 -0.25364 0.24082 -0.24097 
M131 -1.1021 0.51622 -0.62331 -0.43369 1.6314 -0.37627 0.38594 -0.36934 
9(N14) -0.92546 0.49023 -0.52687 -0.37349 1.431 -0.37894 0.301 -0.27862 
|M106+M288| -0.84129 0.42223 -0.49445 -0.33214 1.3011 -0.3252 0.28774 -0.28215 
M243~j -0.82038 0.39234 -0.48877 -0.31601 1.2234 -0.28712 0.2923 -0.25927 
|M153+M342| -0.52439 0.24766 -0.28795 -0.22221 0.81627 -0.21258 0.18113 -0.16631 
M380~b -1.1809 0.57903 -0.65199 -0.46968 1.7349 -0.43486 0.41507 -0.3985 
M145 -1.1119 0.54089 -0.57325 -0.44234 1.665 -0.40851 0.39736 -0.37374 
M105~a -0.93461 0.42983 -0.50168 -0.35885 1.3548 -0.33017 0.32226 -0.31061 
M038~bx -0.99597 0.49102 -0.57895 -0.39756 1.5557 -0.417 0.36445 -0.33896 
M195 -0.99831 0.49899 -0.50333 -0.38999 1.508 -0.40567 0.33959 -0.2837 
M220 -1.215 0.55041 -0.70038 -0.48468 1.7964 -0.47861 0.39415 -0.39579 
|M036+1(N14)| -0.95173 0.4853 -0.56566 -0.3757 1.4495 -0.38688 0.3268 -0.3078 
M387~ca -1.0153 0.47201 -0.58712 -0.39983 1.5022 -0.38317 0.33493 -0.35013 
[1(N01)] -0.87458 0.43722 -0.48748 -0.36864 1.3061 -0.30874 0.29171 -0.26781 
M128 -0.99138 0.44615 -0.55908 -0.42129 1.5166 -0.37944 0.3449 -0.31994 
|M327+X| -0.62005 0.32186 -0.35673 -0.24605 0.96422 -0.23719 0.21964 -0.19578 
M109 -1.0581 0.47855 -0.58796 -0.41428 1.5182 -0.36111 0.33623 -0.33143 
1(N39C) -1.0146 0.49699 -0.57381 -0.39828 1.5771 -0.42641 0.34809 -0.34968 
M387~ee -1.006 0.4818 -0.56067 -0.40571 1.5272 -0.36857 0.34083 -0.36932 
M250~ba -0.91149 0.45554 -0.51483 -0.3872 1.3965 -0.32837 0.32387 -0.29943 
M038~e -1.1333 0.52994 -0.65396 -0.42225 1.7194 -0.42639 0.39312 -0.36214 
|M136+X| -0.8197 0.40596 -0.45731 -0.3333 1.2309 -0.31589 0.2859 -0.26113 
M005 -1.1594 0.55324 -0.59718 -0.52659 1.7283 -0.40901 0.39098 -0.39545 
M318~a1 -0.87313 0.42062 -0.49817 -0.35182 1.2921 -0.32697 0.30027 -0.29005 
M265~f -0.93248 0.44666 -0.54069 -0.36686 1.3787 -0.36176 0.32446 -0.31462 
M125 -1.0179 0.45253 -0.54675 -0.41598 1.5206 -0.37901 0.35813 -0.32467 
|M370~b+M072| -0.37662 0.18531 -0.2148 -0.16412 0.55779 -0.11534 0.15205 -0.1388 
M218~b -1.1418 0.60606 -0.63709 -0.45651 1.7672 -0.42785 0.39014 -0.37263 
M041 -1.1644 0.55349 -0.70442 -0.50481 1.7739 -0.4518 0.42387 -0.40268 
M286 -1.1975 0.62027 -0.70551 -0.49145 1.8658 -0.46632 0.39734 -0.40034 
M029~b -0.96584 0.50771 -0.55807 -0.39063 1.4848 -0.36385 0.33444 -0.35225 
M292 -1.47 0.71755 -0.86748 -0.60074 2.2315 -0.57144 0.53716 -0.51268 
[M009] -0.19409 0.10263 -0.12596 -0.052218 0.28737 -0.083209 0.068621 -0.055655 
M338 -1.0764 0.53604 -0.60749 -0.43385 1.6104 -0.38813 0.35157 -0.3802 
M291 -1.2893 0.63396 -0.75494 -0.48605 1.9299 -0.51503 0.44882 -0.44153 
1(N51) -0.95658 0.45848 -0.56594 -0.37577 1.4871 -0.38073 0.32775 -0.29963 
M145~a -1.0563 0.47696 -0.57224 -0.38613 1.5411 -0.38714 0.36702 -0.31693 
M048~k -1.0382 0.50921 -0.59453 -0.42019 1.5395 -0.42122 0.35771 -0.36761 
M147 -1.4138 0.70728 -0.77274 -0.54476 2.1376 -0.54921 0.50977 -0.43537 
|M377+M320+M377| -0.5908 0.29854 -0.33754 -0.24761 0.89666 -0.22531 0.20413 -0.1921 
M362~a -0.90491 0.44713 -0.51874 -0.39338 1.3571 -0.31389 0.36447 -0.31776 
M369 -1.0869 0.494 -0.59484 -0.42627 1.5824 -0.431 0.36706 -0.34361 
1(N8B) -0.86767 0.41378 -0.48365 -0.35706 1.2684 -0.36685 0.29739 -0.27848 
M136~c -0.90663 0.42596 -0.53549 -0.36426 1.4077 -0.34259 0.30406 -0.34594 
M131~e -0.76381 0.39414 -0.42656 -0.29095 1.1726 -0.29965 0.23749 -0.25818 
|M370~b+M388| -0.63782 0.3235 -0.36628 -0.27342 0.97505 -0.24396 0.24168 -0.22785 
[M288] -0.4323 0.19594 -0.23036 -0.15431 0.6395 -0.13324 0.12137 -0.12497 
M327~p -0.76839 0.4052 -0.41495 -0.30918 1.2149 -0.27288 0.28682 -0.28422 
M367~c -0.85332 0.41132 -0.47936 -0.35501 1.2749 -0.3315 0.28694 -0.27339 
M319 -1.1848 0.57142 -0.66361 -0.50269 1.8261 -0.45064 0.40993 -0.42826 
M328~b -1.019 0.53008 -0.55874 -0.39726 1.6115 -0.39778 0.37983 -0.32474 
M384~ab -0.75515 0.35182 -0.43115 -0.32285 1.1072 -0.25891 0.27233 -0.24947 
M230 -1.043 0.53001 -0.60258 -0.42941 1.5967 -0.43922 0.39039 -0.34448 
2(N23) -0.88308 0.4476 -0.50633 -0.36256 1.3311 -0.32797 0.27953 -0.28341 
M029~a -1.097 0.57162 -0.62953 -0.43517 1.6756 -0.4057 0.35763 -0.37837 
M315 -1.1775 0.61029 -0.66319 -0.47258 1.8009 -0.47619 0.41205 -0.39008 
M381 -1.5259 0.69732 -0.83957 -0.6236 2.2426 -0.56655 0.49908 -0.54264 
M387~i -1.2033 0.54538 -0.67944 -0.47612 1.792 -0.4271 0.40835 -0.43564 
|M036+1(N30C)| -0.99885 0.49251 -0.58181 -0.40495 1.5177 -0.38622 0.34244 -0.33266 
|M217+M388| -0.90283 0.46446 -0.52281 -0.36756 1.4054 -0.34668 0.30317 -0.31669 
M102~d -0.89274 0.40531 -0.51119 -0.33009 1.3427 -0.31294 0.31332 -0.28538 
1(N08) -0.8791 0.43488 -0.513 -0.36472 1.3629 -0.36436 0.27778 -0.29129 
M136 -1.1644 0.56317 -0.6878 -0.5121 1.8304 -0.47795 0.41648 -0.41772 
M051~b -1.1056 0.52523 -0.59806 -0.44496 1.6406 -0.38108 0.39715 -0.37016 
1(N14@b) -0.9721 0.49724 -0.54225 -0.39475 1.4919 -0.37465 0.31528 -0.31136 
M038~a -1.2676 0.63734 -0.71117 -0.5167 1.9363 -0.47959 0.43483 -0.43494 
M010 -1.0472 0.5205 -0.63196 -0.44907 1.6675 -0.39895 0.3902 -0.34742 
M281~f -1.0106 0.49936 -0.5696 -0.40197 1.5141 -0.38124 0.36522 -0.35521 
|M218+M320| -0.78742 0.41594 -0.46711 -0.34135 1.2291 -0.32501 0.2728 -0.2535 
M384~d -0.99166 0.42264 -0.54724 -0.39966 1.4238 -0.3374 0.31018 -0.34578 
M292~f -1.0566 0.48603 -0.61294 -0.43157 1.6065 -0.40994 0.36672 -0.37036 
M044 -1.1423 0.5566 -0.65982 -0.47841 1.6957 -0.43643 0.36909 -0.39166 
M297~d -0.99671 0.48928 -0.56413 -0.38024 1.4657 -0.40409 0.35323 -0.33123 
M144 -1.1168 0.54063 -0.58462 -0.43051 1.6395 -0.41113 0.35249 -0.33654 
M073~b -1.0111 0.49765 -0.59425 -0.38359 1.506 -0.36198 0.33956 -0.35422 
M057~b1 -1.0237 0.49326 -0.5779 -0.43758 1.5325 -0.35802 0.35401 -0.35409 
M221 -1.1535 0.56889 -0.65697 -0.45941 1.7162 -0.45325 0.44129 -0.36427 
M149~a2 -0.6199 0.29884 -0.33402 -0.22566 0.9333 -0.1953 0.24278 -0.21193 
2(N51) -0.75137 0.35091 -0.4407 -0.29551 1.1404 -0.29411 0.23746 -0.24079 
3(N34) -0.85111 0.4099 -0.48083 -0.33111 1.3258 -0.34284 0.26803 -0.2795 
|M175+M288| -0.94505 0.46731 -0.53624 -0.366 1.4488 -0.34877 0.31645 -0.32203 
|M370+M072+M370| -0.33496 0.17326 -0.22415 -0.15748 0.52556 -0.13555 0.13686 -0.10865 
M240~e -1.1847 0.57095 -0.68107 -0.45994 1.7849 -0.44606 0.39212 -0.41205 
[x -0.49838 0.31064 -0.27214 -0.1493 0.85583 -0.15306 0.14099 -0.16142 
n -0.085337 0.079187 -0.068118 -0.045444 0.31491 0.041783 0.01737 -0.052262 
M222 -1.1613 0.53496 -0.67799 -0.46105 1.7125 -0.43811 0.41648 -0.36902 
M003 -1.2128 0.58912 -0.67599 -0.51505 1.8294 -0.41362 0.39633 -0.41266 
M050~k -0.89433 0.42954 -0.49119 -0.37308 1.3518 -0.33449 0.25723 -0.30102 
M228~ga -0.69538 0.33319 -0.42542 -0.28124 1.0615 -0.24965 0.26827 -0.18954 
2(N30C@b) -0.96949 0.47244 -0.54312 -0.40275 1.464 -0.38333 0.33174 -0.32625 
M207 -1.1118 0.55972 -0.68822 -0.42908 1.7662 -0.42014 0.42583 -0.34986 
M269~a1 -0.77055 0.3643 -0.45111 -0.31685 1.1493 -0.31176 0.29634 -0.26612 
M053~a -1.0777 0.55593 -0.63416 -0.46831 1.6632 -0.37678 0.40928 -0.36579 
1(N24@b) -0.94174 0.44966 -0.54369 -0.37813 1.4254 -0.35999 0.32141 -0.33047 
1(N39B@b) -1.0071 0.4883 -0.55111 -0.39011 1.5295 -0.41786 0.35574 -0.34789 
5(N34) -0.72148 0.34543 -0.38893 -0.3015 1.0955 -0.30293 0.25172 -0.22333 
M051~c -1.0097 0.48342 -0.53872 -0.39971 1.5276 -0.35025 0.34356 -0.32846 
M110 -1.0018 0.51189 -0.58218 -0.43372 1.5897 -0.37899 0.39542 -0.34207 
M035 -1.3412 0.65828 -0.74869 -0.53257 2.052 -0.5211 0.44094 -0.45457 
M325~d -0.83611 0.4239 -0.50006 -0.36005 1.3315 -0.30174 0.30431 -0.26777 
M223~b -1.1309 0.55718 -0.66993 -0.43143 1.6871 -0.45827 0.39392 -0.37322 
|M036+1(N24)| -0.92633 0.4659 -0.55228 -0.37395 1.41 -0.36651 0.32026 -0.32041 
M264~b -1.1352 0.55685 -0.64011 -0.42738 1.7062 -0.41483 0.38616 -0.37369 
M056 -1.3858 0.6711 -0.79175 -0.57501 2.1552 -0.51169 0.47972 -0.47138 
M069~a -0.86616 0.42639 -0.49351 -0.34995 1.3371 -0.31271 0.29428 -0.29242 
M263~b -1.2899 0.6054 -0.74436 -0.51889 1.9365 -0.48844 0.46857 -0.43156 
1(N02) -0.8698 0.41824 -0.4882 -0.32041 1.2817 -0.36239 0.2772 -0.29813 
M417~h -0.35746 0.17284 -0.20118 -0.13553 0.51761 -0.1124 0.12872 -0.12361 
M310 -1.1364 0.56042 -0.66471 -0.49106 1.763 -0.44502 0.38166 -0.41111 
M346~b -0.97999 0.45338 -0.54438 -0.37664 1.444 -0.36808 0.36893 -0.33611 
M051~a -1.1044 0.551 -0.62499 -0.42531 1.6943 -0.36848 0.39882 -0.36165 
|M106~2+M288| -0.72787 0.35693 -0.42708 -0.29611 1.1245 -0.25951 0.25421 -0.24421 
M265 -1.3525 0.64726 -0.78598 -0.54857 2.0565 -0.5385 0.51717 -0.44842 
M136~i -0.78516 0.34932 -0.44173 -0.31165 1.1829 -0.32576 0.26742 -0.28801 
[x] -0.30236 0.16943 -0.16153 -0.13745 0.47539 -0.15237 0.077035 -0.098975 
|M288+1(N01)| -1.1155 0.55054 -0.65129 -0.44254 1.7019 -0.42794 0.37721 -0.36455 
M323 -1.242 0.6214 -0.67412 -0.50741 1.8595 -0.48249 0.44373 -0.41752 
[M106] -0.28739 0.11415 -0.13543 -0.14448 0.43366 -0.11647 0.073389 -0.098311 
M247~g -0.7678 0.36263 -0.44113 -0.30458 1.1353 -0.2922 0.28448 -0.22911 
|M195+M038~a| -0.76862 0.38267 -0.43643 -0.3035 1.1809 -0.29688 0.27502 -0.24147 
M242~ab -0.7258 0.35751 -0.44536 -0.26394 1.0878 -0.2533 0.23076 -0.22989 
M009~a -1.0587 0.52642 -0.60149 -0.40177 1.6056 -0.38276 0.35926 -0.35075 
|M305+M136| -0.70822 0.33816 -0.40957 -0.27642 1.0893 -0.26746 0.25378 -0.24862 
|M370+M388+M370| -0.47704 0.23831 -0.29283 -0.20652 0.73577 -0.18045 0.16872 -0.16012 
M230~a -0.97617 0.49482 -0.54456 -0.38403 1.4564 -0.39495 0.36143 -0.34908 
[M206~g] -0.20275 0.063023 -0.11793 -0.078736 0.26792 -0.08088 0.039488 -0.066643 
M316~e2 -0.59556 0.28697 -0.32565 -0.21103 0.8707 -0.22758 0.21638 -0.1956 
M001~b -1.0017 0.47913 -0.55557 -0.43564 1.5223 -0.38323 0.36103 -0.3509 
M002~b -0.89862 0.45763 -0.46879 -0.35845 1.3349 -0.34371 0.3424 -0.29446 
M373~a -1.0613 0.51424 -0.58737 -0.43094 1.5723 -0.38669 0.38678 -0.3316 
M041~g -0.7759 0.38233 -0.46217 -0.34528 1.2028 -0.29575 0.27902 -0.25781 
M295 -1.3559 0.69153 -0.78282 -0.5552 2.0866 -0.53428 0.49493 -0.46017 
[M367] -0.21926 0.08286 -0.11349 -0.094857 0.34978 -0.10399 0.052318 -0.095882 
M318~a -1.1598 0.57465 -0.66813 -0.46665 1.7431 -0.435 0.37787 -0.3933 
M346~a -0.99411 0.4719 -0.56471 -0.42028 1.5075 -0.37041 0.37885 -0.34028 
M024~1 -0.7373 0.35799 -0.44275 -0.31474 1.1355 -0.28933 0.23576 -0.27974 
M269~a -1.0873 0.54186 -0.6265 -0.45453 1.6481 -0.43472 0.39991 -0.37429 
M136~b -1.0324 0.47536 -0.60369 -0.40461 1.5456 -0.3813 0.36169 -0.34632 
1(N01@b) -1.0003 0.46945 -0.55585 -0.42339 1.4957 -0.37125 0.32965 -0.34686 
[M269~a] -0.27118 0.11385 -0.13453 -0.1212 0.35635 -0.085398 0.091849 -0.10879 
M379 -1.2387 0.56107 -0.70574 -0.48201 1.8126 -0.47563 0.42142 -0.40522 
|M327+M059| -0.53742 0.28701 -0.29711 -0.2258 0.82911 -0.20736 0.18392 -0.19806 
M210~g -0.75925 0.37296 -0.42149 -0.29421 1.1351 -0.28387 0.26971 -0.24814 
M384 -1.4105 0.68918 -0.82988 -0.57642 2.1337 -0.49658 0.50687 -0.50224 
M061 -1.0272 0.54776 -0.59718 -0.43782 1.4929 -0.34199 0.35166 -0.30793 
M058 -1.4125 0.69324 -0.74593 -0.57882 2.1138 -0.52164 0.46835 -0.47087 
|M370+M046+M370| -0.35841 0.19096 -0.22751 -0.16507 0.56141 -0.14078 0.14969 -0.1266 
M147~e -1.058 0.55005 -0.58556 -0.42922 1.6018 -0.3851 0.35691 -0.33966 
|M175+M136| -0.78401 0.37115 -0.43069 -0.31525 1.2069 -0.30275 0.28043 -0.28434 
M251~c -0.82503 0.41959 -0.46709 -0.3374 1.2724 -0.34981 0.28985 -0.25278 
M383 -1.3905 0.6648 -0.74735 -0.56873 2.0449 -0.4886 0.45765 -0.48485 
[M309~a] -0.29391 0.16633 -0.16023 -0.13016 0.44743 -0.10982 0.055708 -0.089936 
2(N1@b) -0.77433 0.3989 -0.43076 -0.33324 1.1621 -0.28735 0.27012 -0.26701 
M261~b1 -0.88157 0.37343 -0.53287 -0.34309 1.31 -0.3298 0.32921 -0.30852 
M367~a -0.98605 0.47215 -0.56179 -0.41096 1.4673 -0.36429 0.37607 -0.33145 
M210 -1.1583 0.58319 -0.67404 -0.46634 1.8197 -0.45351 0.39867 -0.40544 
M205~c -0.86003 0.43146 -0.50421 -0.35217 1.2965 -0.34286 0.28002 -0.27171 
M208 -1.1061 0.495 -0.6442 -0.42794 1.649 -0.41019 0.37488 -0.35167 
M367~i -0.76559 0.37339 -0.42374 -0.32269 1.1413 -0.30811 0.28507 -0.27472 
M311~b -0.88518 0.42677 -0.49675 -0.39331 1.3138 -0.36422 0.30931 -0.30044 
M418~c -0.28995 0.10816 -0.15806 -0.094496 0.39282 -0.10364 0.10285 -0.079943 
M210~d -0.82895 0.41038 -0.48692 -0.32696 1.2196 -0.32911 0.28102 -0.28473 
|M377+M377| -0.70238 0.36825 -0.40614 -0.29707 1.0756 -0.26006 0.23963 -0.23708 
M312 -1.0958 0.50892 -0.6409 -0.46695 1.6561 -0.42859 0.37568 -0.37257 
M075~g -0.68382 0.29397 -0.37467 -0.29231 1.0317 -0.2402 0.25159 -0.22779 
M056~e -0.98828 0.4715 -0.56162 -0.39939 1.5207 -0.36279 0.31979 -0.34813 
4(N34) -0.78688 0.38279 -0.4481 -0.35547 1.2284 -0.3261 0.25395 -0.27573 
M226~c -0.9869 0.44897 -0.5438 -0.40929 1.4876 -0.38714 0.30977 -0.33473 
M047 -1.2234 0.56609 -0.70282 -0.49619 1.7862 -0.45922 0.40396 -0.41123 
M103 -0.99343 0.48582 -0.54185 -0.40275 1.5099 -0.37415 0.37447 -0.33883 
M318 -1.281 0.62832 -0.73344 -0.51929 1.8852 -0.51494 0.43805 -0.38131 
M367~g -0.74993 0.33602 -0.42433 -0.32232 1.074 -0.30335 0.27092 -0.24227 
M080~a -0.93464 0.48789 -0.57672 -0.38238 1.4575 -0.36672 0.35195 -0.31895 
M254~c -0.9215 0.43938 -0.5188 -0.36117 1.3539 -0.34112 0.30918 -0.26387 
M057~a2 -0.98465 0.50711 -0.56418 -0.41243 1.5174 -0.3479 0.36524 -0.34106 
M206~b -1.1081 0.52821 -0.64266 -0.43778 1.6472 -0.41665 0.39599 -0.37391 
|M218+M101| -0.65559 0.34254 -0.3838 -0.25171 1.0009 -0.2495 0.24265 -0.20721 
M195~d -0.67192 0.32866 -0.3817 -0.25773 1.0296 -0.25913 0.24267 -0.18064 
M285~c -0.84186 0.43256 -0.5016 -0.33132 1.2754 -0.32455 0.30053 -0.25916 
M110~a -0.87508 0.44198 -0.50874 -0.37577 1.3597 -0.31303 0.3376 -0.30567 
2(N02) -0.62128 0.26883 -0.34415 -0.20979 0.89034 -0.25312 0.18812 -0.20659 
[M292~f] -0.27518 0.11818 -0.16077 -0.1174 0.42438 -0.098799 0.10437 -0.063028 
M263~e -1.1234 0.51464 -0.65409 -0.4372 1.6756 -0.42316 0.40562 -0.35369 
[M341~q] -0.13289 0.049889 -0.068533 -0.041795 0.18203 -0.026751 0.03527 -0.020292 
[M269~2] -0.20436 0.10266 -0.096339 -0.09365 0.26816 -0.049016 0.09032 -0.084111 
M103~3 -0.67864 0.29962 -0.3711 -0.27307 1.0414 -0.27375 0.23778 -0.21605 
M246~b -0.99562 0.49051 -0.55715 -0.38247 1.4625 -0.36028 0.36842 -0.32862 
[M102~d] -0.31301 0.16169 -0.18316 -0.098862 0.46404 -0.11602 0.09376 -0.094694 
M309~d -0.87785 0.41518 -0.49811 -0.37988 1.2964 -0.34992 0.27889 -0.29317 
M264~d -1.0021 0.48107 -0.573 -0.40211 1.5005 -0.35385 0.34872 -0.33599 
M149~a1 -0.64911 0.32043 -0.35016 -0.2382 0.97765 -0.21517 0.25656 -0.19632 
M269 -1.3206 0.62531 -0.78106 -0.53046 2.0144 -0.53774 0.49948 -0.46299 
M317~a -1.0014 0.50031 -0.56951 -0.38693 1.5125 -0.35826 0.36514 -0.34702 
[... -0.66988 0.32474 -0.36795 -0.24704 0.99004 -0.22318 0.19549 -0.19409 
M057~a4 -1.0072 0.49977 -0.58077 -0.4162 1.5041 -0.34839 0.37527 -0.36242 
M115~a -0.87147 0.42769 -0.50971 -0.34421 1.3375 -0.32694 0.31212 -0.30702 
M003~c -0.93917 0.47626 -0.5448 -0.40859 1.441 -0.34 0.33182 -0.314 
|M153+X| -0.59292 0.30092 -0.33343 -0.25323 0.91648 -0.22792 0.21534 -0.20023 
M146~d -0.76217 0.36409 -0.40701 -0.30624 1.133 -0.29112 0.27264 -0.27213 
M281~c -0.98844 0.49132 -0.54621 -0.4076 1.4918 -0.38337 0.33251 -0.34447 
M288~i -1.049 0.50776 -0.61125 -0.42023 1.6053 -0.4115 0.35844 -0.33696 
|M175+M175| -0.63016 0.29885 -0.33781 -0.24958 0.9518 -0.22066 0.19976 -0.21821 
M180 -0.76497 0.34223 -0.45316 -0.29112 1.1804 -0.27018 0.22786 -0.27197 
M075~m -0.68133 0.28929 -0.34864 -0.27414 0.98581 -0.22224 0.24596 -0.22791 
|M036+1(N39C)| -0.87799 0.43493 -0.50882 -0.34941 1.324 -0.34485 0.29587 -0.29109 
M075~o -0.64535 0.28681 -0.33426 -0.27108 0.954 -0.22805 0.23176 -0.20544 
M096~d -0.88019 0.43261 -0.51002 -0.36286 1.3211 -0.33614 0.30779 -0.30016 
M193 -0.87142 0.45197 -0.43316 -0.32197 1.2902 -0.30649 0.26987 -0.28798 
[M297] -0.25842 0.099626 -0.11394 -0.11896 0.36439 -0.093542 0.072606 -0.085042 
M246 -1.2041 0.60385 -0.70895 -0.46649 1.8505 -0.47263 0.44202 -0.39603 
M010~1 -0.78075 0.3901 -0.45818 -0.32936 1.1921 -0.29118 0.27937 -0.24728 
M294~a -1.061 0.52072 -0.63298 -0.41053 1.6273 -0.41842 0.38425 -0.37921 
M298 -1.2244 0.57626 -0.72951 -0.49817 1.8357 -0.45253 0.43505 -0.39959 
M049~d -0.92158 0.46281 -0.5415 -0.40249 1.42 -0.36555 0.30892 -0.30355 
M309 -1.1653 0.55273 -0.63944 -0.4781 1.7422 -0.42728 0.37703 -0.38083 
M362] -1.0149 0.52002 -0.57143 -0.43162 1.5428 -0.38915 0.39724 -0.33192 
M110~b -0.88819 0.46312 -0.48995 -0.36657 1.3654 -0.31415 0.34572 -0.30378 
M006@g -0.66043 0.31353 -0.37875 -0.29532 1.0288 -0.23908 0.24208 -0.23496 
M376~b -0.96665 0.44509 -0.50838 -0.40451 1.4425 -0.38127 0.34098 -0.31524 
6(N34) -0.74571 0.35199 -0.41512 -0.32531 1.1572 -0.30049 0.27306 -0.26672 
1(N48) -0.79688 0.41353 -0.43478 -0.32593 1.2324 -0.3256 0.24729 -0.25392 
M038~b1 -0.95552 0.44157 -0.55431 -0.37936 1.467 -0.35322 0.32692 -0.32091 
|M260~2+1(N24)| -0.69443 0.34784 -0.40832 -0.2733 1.052 -0.26929 0.25339 -0.2488 
3(N23) -0.66604 0.33024 -0.41767 -0.26277 1.0456 -0.24716 0.23883 -0.19519 
|M260~1+1(N24)| -0.69807 0.34808 -0.40822 -0.28782 1.0659 -0.27802 0.24039 -0.24101 
M128~d -0.81572 0.35609 -0.46533 -0.3048 1.2195 -0.31765 0.27345 -0.25342 
M243 -1.2295 0.61307 -0.70326 -0.53458 1.8842 -0.46438 0.41736 -0.39464 
M379~c -0.82997 0.38119 -0.47231 -0.36214 1.2485 -0.31714 0.27084 -0.3038 
M356 -1.1276 0.53866 -0.60756 -0.48031 1.6566 -0.40026 0.37267 -0.36146 
M346~d -0.85742 0.39272 -0.48356 -0.33031 1.2523 -0.32352 0.30453 -0.29928 
M038~a2 -0.86942 0.43361 -0.50217 -0.37055 1.3149 -0.33785 0.31819 -0.30137 
|M218~d+M288| -0.7639 0.39525 -0.44866 -0.309 1.1763 -0.28407 0.25852 -0.25921 
[M102~e] -0.28173 0.11155 -0.14117 -0.0967 0.40473 -0.094968 0.07538 -0.083307 
M112 -0.89102 0.38631 -0.49262 -0.35617 1.3442 -0.33688 0.32302 -0.31787 
M010~6 -0.69543 0.36358 -0.41271 -0.29029 1.056 -0.27231 0.24481 -0.22411 
M143 -1.1153 0.53326 -0.59531 -0.41977 1.6376 -0.42166 0.41533 -0.38489 
M158~h -0.60831 0.2692 -0.33721 -0.24099 0.89032 -0.26151 0.2273 -0.21197 
M048~e -1.086 0.52329 -0.63227 -0.43071 1.6419 -0.42522 0.35183 -0.37343 
M131~k -0.7078 0.34728 -0.39934 -0.27598 1.0494 -0.26117 0.23253 -0.2196 
M342 -1.1336 0.53401 -0.65733 -0.43753 1.7131 -0.45101 0.38145 -0.37604 
|M218+X| -0.8294 0.44138 -0.47237 -0.34339 1.2536 -0.30157 0.27637 -0.23743 
M252~q -0.65868 0.32376 -0.37911 -0.28481 0.99687 -0.2561 0.24659 -0.2549 
M209~d -0.81724 0.38285 -0.48274 -0.3143 1.2199 -0.311 0.28229 -0.24926 
M243~e -0.90505 0.45126 -0.54794 -0.34818 1.3694 -0.32422 0.30755 -0.30147 
M324~d -0.82584 0.3966 -0.43156 -0.36488 1.2439 -0.305 0.26923 -0.29101 
M292~i -0.98805 0.46888 -0.56735 -0.387 1.4894 -0.38202 0.36716 -0.37334 
M352~s -0.82658 0.39647 -0.43985 -0.32963 1.2122 -0.30053 0.28593 -0.24774 
|M260+1(N24)| -0.73792 0.37549 -0.43389 -0.29945 1.1387 -0.29768 0.25303 -0.26879 
M048~i -1.0569 0.50946 -0.62262 -0.42376 1.5749 -0.43246 0.3629 -0.38606 
M244 -1.2203 0.57785 -0.67268 -0.47691 1.7893 -0.44706 0.40841 -0.41812 
2(N30D) -0.94776 0.46539 -0.52124 -0.39615 1.4265 -0.36693 0.31937 -0.26824 
M038~i -1.0898 0.52797 -0.64763 -0.44527 1.6681 -0.41072 0.39636 -0.37921 
M158 -0.8927 0.42638 -0.55615 -0.35764 1.3096 -0.35099 0.27682 -0.26794 
M418~b -0.45025 0.22246 -0.21149 -0.15635 0.64784 -0.14101 0.12866 -0.14096 
1(N30D@b) -1.0082 0.47998 -0.55693 -0.41307 1.5338 -0.39443 0.33665 -0.32406 
M352~c -0.94236 0.43424 -0.51681 -0.39832 1.3825 -0.3557 0.32219 -0.30613 
M359 -1.1332 0.53523 -0.60099 -0.46999 1.6563 -0.39161 0.39584 -0.38046 
M292~c -1.1089 0.54014 -0.63202 -0.4601 1.6854 -0.44412 0.39621 -0.38849 
|M195+M038| -0.85225 0.41304 -0.47878 -0.33741 1.2914 -0.31812 0.30293 -0.26153 
|M305+M320| -0.70099 0.3433 -0.40755 -0.28681 1.0549 -0.27073 0.241 -0.25129 
M288~d -1.1417 0.57984 -0.64459 -0.47785 1.7053 -0.43818 0.38326 -0.36735 
M206~fa -0.73714 0.34747 -0.4266 -0.28374 1.0858 -0.28246 0.25765 -0.22117 
M319~c -0.79434 0.39156 -0.47364 -0.35187 1.2096 -0.29331 0.2758 -0.25802 
M123~b -0.86863 0.43497 -0.46654 -0.30539 1.2652 -0.31505 0.29398 -0.27215 
M075~k -0.65121 0.28638 -0.36824 -0.29515 0.98617 -0.22663 0.22539 -0.23402 
M037 -1.2182 0.57817 -0.69929 -0.50822 1.8032 -0.48667 0.38998 -0.40758 
|M175+M153| -0.66861 0.30726 -0.36667 -0.26861 0.99307 -0.2496 0.22809 -0.23004 
M176 -0.75105 0.35298 -0.40971 -0.3059 1.1779 -0.31511 0.24337 -0.27744 
M136~a -1.0107 0.47897 -0.58861 -0.40047 1.5922 -0.38761 0.37165 -0.36015 
M126 -0.94922 0.41046 -0.44113 -0.36733 1.3722 -0.3378 0.30915 -0.30229 
M277 -0.89863 0.45661 -0.53454 -0.40258 1.4194 -0.38653 0.3197 -0.30576 
M387~h -1.1972 0.57328 -0.67554 -0.4771 1.7756 -0.42788 0.38505 -0.40789 
n(N01) -1.0417 0.49013 -0.58616 -0.45033 1.5259 -0.38299 0.31687 -0.32285 
M207~m -0.64521 0.30274 -0.38959 -0.26925 0.95828 -0.24493 0.23013 -0.1916 
M105 -1.0091 0.48812 -0.53151 -0.38188 1.4929 -0.39739 0.31536 -0.33118 
M264~a1 -0.83874 0.40471 -0.48438 -0.33472 1.2948 -0.32141 0.31373 -0.28826 
M024~a1 -0.65894 0.31725 -0.38343 -0.28072 1.003 -0.26429 0.21689 -0.24949 
M103~2 -0.70814 0.32318 -0.37872 -0.29573 1.0527 -0.27383 0.25105 -0.22206 
M059~d -0.95196 0.45113 -0.53359 -0.38678 1.4384 -0.35378 0.31504 -0.32896 
M016 -0.97354 0.4932 -0.60831 -0.43137 1.5044 -0.3595 0.34158 -0.30674 
M136~q -0.73528 0.35607 -0.44449 -0.32504 1.1119 -0.29983 0.27656 -0.25406 
|M305+M009| -0.68156 0.33906 -0.39586 -0.26626 1.0292 -0.25169 0.24142 -0.24683 
M111 -0.93773 0.48476 -0.53712 -0.34432 1.4677 -0.35739 0.32667 -0.29784 
|M351+X| -0.61038 0.32505 -0.35539 -0.25813 0.92561 -0.22594 0.20384 -0.18619 
M321 -1.1348 0.56242 -0.61328 -0.51189 1.7244 -0.41294 0.38593 -0.39291 
M248~a -1.1072 0.5278 -0.62823 -0.44529 1.6209 -0.40697 0.37289 -0.35836 
|M157+M288| -0.73068 0.36577 -0.44328 -0.30898 1.158 -0.27951 0.25517 -0.24428 
M145~bb -0.69713 0.29516 -0.3729 -0.25284 0.99842 -0.25906 0.22632 -0.20625 
M086 -1.0402 0.48366 -0.57568 -0.41464 1.5394 -0.38189 0.35866 -0.3457 
5(N23) -0.5476 0.25749 -0.31506 -0.23884 0.81842 -0.21048 0.19307 -0.1532 
M383~e -0.94079 0.44383 -0.5148 -0.36986 1.396 -0.33387 0.30678 -0.32718 
M271~ca -0.52651 0.2743 -0.30938 -0.20469 0.80187 -0.2221 0.16825 -0.17256 
|M054+M365+M054~i| -0.53214 0.2764 -0.30913 -0.22864 0.81886 -0.21221 0.18168 -0.16908 
M370~c -0.84024 0.38109 -0.48326 -0.38682 1.3128 -0.3257 0.33038 -0.27927 
|M351+3(N01)| -0.7137 0.35436 -0.41548 -0.29479 1.066 -0.26097 0.24449 -0.23192 
[2(N01)] -0.70156 0.34957 -0.39962 -0.30115 1.0307 -0.25889 0.2465 -0.2267 
M301~a -0.96681 0.46777 -0.52939 -0.37607 1.4561 -0.34916 0.34116 -0.3384 
M150~a -0.78486 0.40607 -0.42849 -0.33599 1.1827 -0.30567 0.28173 -0.27606 
M247~a -1.0175 0.49854 -0.58842 -0.39936 1.5503 -0.35659 0.37451 -0.32375 
M242~d -1.0069 0.48905 -0.58509 -0.38365 1.5309 -0.36424 0.33536 -0.30332 
M136~r -0.81216 0.38422 -0.46845 -0.31562 1.2055 -0.32181 0.29502 -0.30236 
M039~a -1.0503 0.49015 -0.60311 -0.43481 1.5915 -0.37759 0.354 -0.35885 
M295~e -0.95334 0.48591 -0.51209 -0.35077 1.4147 -0.36155 0.33684 -0.31101 
M054~c -1.028 0.54424 -0.61499 -0.41401 1.593 -0.38772 0.37021 -0.35135 
M052~a -1.009 0.49107 -0.57802 -0.44046 1.5239 -0.36714 0.34318 -0.36009 
M293~a -0.98965 0.51588 -0.56739 -0.39157 1.5092 -0.37761 0.37628 -0.34244 
M102~da -0.70713 0.32594 -0.40305 -0.24611 1.0546 -0.25341 0.2165 -0.22447 
M073~a -0.95332 0.49479 -0.55893 -0.37739 1.4562 -0.3526 0.35946 -0.32403 
M125~a -0.88668 0.42756 -0.4986 -0.35908 1.2994 -0.33192 0.30474 -0.26046 
M224 -1.1563 0.55117 -0.68362 -0.52211 1.7594 -0.44451 0.40182 -0.39307 
M367~e -0.88383 0.42429 -0.49178 -0.35422 1.3331 -0.32666 0.303 -0.29315 
M064~a -0.87718 0.45948 -0.52445 -0.36474 1.351 -0.30666 0.31496 -0.33488 
M248 -1.2981 0.60306 -0.72402 -0.52114 1.8719 -0.45995 0.43858 -0.4167 
M097~f -0.77534 0.385 -0.46858 -0.31889 1.1831 -0.30368 0.26131 -0.2594 
2(N14@b) -0.79088 0.40743 -0.44543 -0.32761 1.2352 -0.28367 0.24566 -0.2597 
M041~j -0.78788 0.34197 -0.42805 -0.32208 1.1551 -0.29381 0.27025 -0.26296 
M325~e -0.94138 0.4603 -0.54432 -0.39543 1.4497 -0.32061 0.3038 -0.30118 
M417~f -0.29082 0.13083 -0.17995 -0.12705 0.41339 -0.084123 0.091698 -0.10398 
M323~i -0.76859 0.38541 -0.42374 -0.34437 1.1577 -0.28492 0.27723 -0.27509 
M096~1 -0.78114 0.4016 -0.45551 -0.28878 1.1652 -0.29623 0.25931 -0.28202 
M080~b -0.90583 0.46761 -0.54392 -0.37361 1.4074 -0.3272 0.33463 -0.30467 
M318~a3 -0.76405 0.37767 -0.43433 -0.31461 1.1401 -0.31312 0.24997 -0.24371 
M386 -1.625 0.76614 -0.86556 -0.65544 2.4418 -0.57823 0.53106 -0.54988 
M206~f -0.93759 0.42431 -0.53921 -0.35365 1.3762 -0.35171 0.3153 -0.29231 
M180~b -0.7619 0.37721 -0.42673 -0.29479 1.1682 -0.26902 0.27943 -0.2569 
M293~b -0.98795 0.49225 -0.57142 -0.40495 1.4633 -0.35786 0.36537 -0.33594 
M361~a -0.90078 0.45386 -0.52661 -0.34792 1.3564 -0.31615 0.32964 -0.27937 
M038~b -1.2945 0.63664 -0.72753 -0.52105 1.994 -0.5168 0.46998 -0.46176 
M147~d -0.90027 0.44337 -0.48318 -0.3551 1.3406 -0.33969 0.32963 -0.26668 
M371~a -1.0305 0.5083 -0.56975 -0.40073 1.5467 -0.36131 0.34541 -0.31037 
|M157+X| -0.56696 0.28944 -0.33749 -0.23313 0.87718 -0.21627 0.19501 -0.17597 
M321~b -0.88532 0.46109 -0.50721 -0.3537 1.3621 -0.33416 0.30345 -0.27928 
M039~c -0.87011 0.39183 -0.47351 -0.39953 1.3388 -0.32081 0.28533 -0.30156 
M278 -0.91433 0.44241 -0.52933 -0.39409 1.3634 -0.34191 0.32966 -0.27239 
M251 -1.1221 0.54633 -0.64211 -0.4478 1.7635 -0.42294 0.41361 -0.34612 
