451 8
N01 0.29152 1.5628 -0.45722 0.45244 0.55276 0.47406 -0.25733 0.65164 
</s> 0.33629 1.5133 -0.48395 0.42917 0.70142 0.56759 -0.23702 0.52452 
... 0.16229 1.4973 -0.5946 0.4044 0.63116 0.60064 -0.1491 0.69721 
N14 0.38124 1.6215 -0.5001 0.46936 0.71503 0.60723 -0.3265 0.61645 
X 0.093241 1.4802 -0.67121 0.46362 0.68029 0.44765 -0.15041 0.65659 
N39B 0.17065 1.6217 -0.7367 0.37183 0.8063 0.71698 -0.069702 0.65348 
M288 0.1902 1.8466 -0.66824 0.55504 0.76517 0.60832 -0.17753 0.80049 
N30C 0.20954 1.6631 -0.72859 0.43478 0.80896 0.68984 -0.07987 0.64796 
N34 0.19839 1.5808 -0.76686 0.44149 0.83987 0.90724 -0.12893 0.71439 
M388 0.16161 1.7538 -0.6463 0.55943 0.74273 0.57071 -0.14002 0.83679 
N24 0.14437 1.4722 -0.58714 0.40162 0.63021 0.55965 -0.075055 0.64773 
M218 0.19788 1.8707 -0.67982 0.5442 0.86327 0.64046 -0.23151 0.82925 
M371 0.14461 1.8228 -0.67375 0.55738 0.75719 0.61347 -0.17052 0.78409 
M124 0.19095 1.6417 -0.63962 0.49705 0.67974 0.58941 -0.1336 0.75905 
N45 0.18967 1.5644 -0.64661 0.38188 0.71635 0.62858 -0.12315 0.66367 
M297 0.15354 1.7506 -0.67339 0.49421 0.74295 0.60113 -0.18404 0.76026 
M054 0.16593 1.67 -0.59575 0.48889 0.71595 0.60349 -0.18051 0.74056 
M346 0.13552 1.6108 -0.57899 0.47769 0.64434 0.61726 -0.15933 0.696 
M387 0.19066 1.8214 -0.65273 0.56216 0.72424 0.54422 -0.12291 0.80154 
M066 0.20472 1.8037 -0.71615 0.51024 0.7684 0.58801 -0.17631 0.73154 
M157 0.19191 1.4177 -0.50606 0.42489 0.66869 0.48661 -0.15909 0.65182 
N23 0.21028 1.5985 -0.57395 0.47088 0.58104 0.58635 -0.31078 0.6432 
N30D 0.17537 1.4959 -0.67667 0.43315 0.74161 0.64375 -0.055281 0.66621 
M009 0.21489 1.7624 -0.64343 0.48717 0.70525 0.64996 -0.18191 0.72616 
M376 0.16844 1.611 -0.57872 0.55234 0.68403 0.51711 -0.1407 0.67062 
M096 0.18402 1.9265 -0.75916 0.5372 0.86929 0.71736 -0.22505 0.80835 
M263 0.20679 2.0761 -0.75444 0.55337 0.83266 0.67049 -0.25481 0.87831 
M001 0.193 1.6703 -0.6284 0.5037 0.66682 0.56288 -0.25394 0.72372 
N1@B 0.55755 2.0907 -1.0163 0.62229 1.2097 0.91884 -0.21614 0.78264 
M036 0.21703 1.9237 -0.7688 0.54884 0.80175 0.67662 -0.18917 0.8494 
M305 0.18688 1.6905 -0.6134 0.484 0.68674 0.55038 -0.15512 0.71564 
M032 0.211 1.7757 -0.70005 0.50476 0.74828 0.6459 -0.20082 0.78716 
M370 0.18436 1.5388 -0.55769 0.4796 0.62068 0.49065 -0.16203 0.66862 
M004 0.18981 1.7245 -0.64119 0.5075 0.71732 0.58346 -0.21594 0.71135 
M354 0.18864 1.5473 -0.56105 0.47538 0.6208 0.5131 -0.14412 0.66309 
M367 0.19834 1.5619 -0.54994 0.48278 0.60372 0.4903 -0.16367 0.68879 
M003~B 0.1853 1.5144 -0.58602 0.44875 0.65602 0.54837 -0.1702 0.6428 
M157~A 0.16222 1.4188 -0.52302 0.45318 0.65193 0.49758 -0.1557 0.63921 
|M036+N30D| 0.18686 1.4543 -0.56531 0.43917 0.64537 0.52855 -0.14273 0.63904 
M072 0.14017 1.4671 -0.5392 0.40611 0.59651 0.50662 -0.17801 0.6272 
M057 0.24515 2.2445 -0.83366 0.67789 0.96704 0.80132 -0.21512 1.0096 
N51 0.37941 2.178 -0.74291 0.80096 0.92862 1.0694 -0.2547 1.057 
M219 0.23537 1.7213 -0.65973 0.51842 0.74938 0.55891 -0.16828 0.78809 
M347 0.16264 1.7463 -0.7028 0.54706 0.72366 0.63616 -0.17128 0.76861 
N30C@B 0.27086 1.7249 -0.75722 0.44699 0.81987 0.75234 -0.14745 0.65225 
M297~B 0.12747 1.4909 -0.56021 0.41622 0.64398 0.53471 -0.12908 0.65545 
N08A 0.12559 1.2032 -0.45903 0.3274 0.50131 0.44215 -0.10815 0.48063 
N14@B 0.5175 2.4061 -1.0256 0.73621 1.216 1.0799 -0.26833 0.95428 
M259 0.16161 1.7136 -0.60259 0.53147 0.72822 0.5634 -0.15654 0.74182 
M059 0.21145 1.7199 -0.62447 0.47547 0.69694 0.62758 -0.1634 0.73934 
N39B@B 0.37289 2.1891 -0.97802 0.59421 1.1596 1.0152 -0.14447 0.8652 
M056~F 0.19948 1.4021 -0.51227 0.37604 0.5749 0.53882 -0.14304 0.59984 
M386~A 0.17469 1.7078 -0.65343 0.51435 0.72902 0.59009 -0.12424 0.75957 
M373 0.1657 1.587 -0.55706 0.48545 0.64999 0.5229 -0.18073 0.63649 
N -0.049357 0.54305 -0.23251 0.14396 0.19276 0.22893 -0.054442 0.2998 
M387~C 0.14164 1.7104 -0.64832 0.52554 0.71983 0.55749 -0.1156 0.78363 
M263~A 0.19246 1.8605 -0.6816 0.52742 0.76231 0.61486 -0.18742 0.79371 
M153 0.16078 1.5642 -0.5984 0.43135 0.7265 0.51304 -0.15851 0.67512 
M377~E 0.1869 1.644 -0.62793 0.4725 0.66794 0.55301 -0.16641 0.68933 
M377 0.17315 1.8407 -0.70329 0.56087 0.74251 0.56487 -0.17982 0.76564 
M387~EF 0.15076 1.5123 -0.55938 0.46793 0.621 0.49097 -0.10778 0.67177 
M387~A 0.16221 1.8276 -0.67096 0.57079 0.76171 0.59608 -0.14552 0.82114 
M101 0.19524 1.6743 -0.61276 0.48094 0.7315 0.54732 -0.16338 0.7511 
M365 0.19012 1.5684 -0.55865 0.49725 0.64893 0.52295 -0.14486 0.6848 
M005~A 0.15836 1.4273 -0.50818 0.41693 0.6032 0.45974 -0.16007 0.62277 
M304 0.14735 1.549 -0.55108 0.4356 0.63965 0.51976 -0.17306 0.64617 
M317 0.21791 1.6602 -0.64616 0.52774 0.64765 0.55375 -0.19947 0.74273 
M240 0.21791 2.0199 -0.81912 0.63291 0.87451 0.70687 -0.21583 0.90884 
M320 0.19733 1.7797 -0.6851 0.56045 0.77605 0.61694 -0.15488 0.80666 
N39C 0.15166 1.51 -0.68559 0.38744 0.73772 0.65647 -0.085547 0.63804 
M024 0.15612 1.7552 -0.65711 0.50042 0.73796 0.6413 -0.18068 0.77527 
M263~1 0.16721 1.6344 -0.59218 0.45585 0.66922 0.54617 -0.16493 0.69553 
M006 0.18035 1.47 -0.53232 0.4124 0.59124 0.54496 -0.16878 0.63364 
M097~H 0.15656 1.445 -0.55332 0.43392 0.63034 0.51093 -0.13405 0.61521 
M348 0.14761 1.6226 -0.62687 0.50325 0.66894 0.57574 -0.12132 0.6913 
N48 0.21395 1.9693 -0.80412 0.42239 0.92038 0.84475 -0.047762 0.92107 
M262 0.21837 2.0775 -0.74709 0.58095 0.8383 0.69235 -0.20717 0.90522 
|M136+M365| 0.14265 1.2296 -0.47588 0.35079 0.5531 0.462 -0.1071 0.52459 
M010~2 0.11107 1.2562 -0.47598 0.37545 0.55809 0.47156 -0.10645 0.5207 
M387~L 0.12755 1.4441 -0.53462 0.4449 0.59068 0.46053 -0.077158 0.64882 
M066~A 0.14946 1.501 -0.57142 0.43512 0.66816 0.51794 -0.11287 0.64933 
M057~A 0.19141 2.0308 -0.74148 0.64181 0.87744 0.69514 -0.18912 0.89799 
M146 0.17093 1.7128 -0.63584 0.52412 0.78885 0.62271 -0.14668 0.73052 
M081 0.17166 1.4286 -0.58127 0.41506 0.57781 0.47134 -0.15094 0.62359 
M352~O 0.18908 1.5034 -0.57097 0.46762 0.65037 0.52609 -0.14873 0.6622 
M352~N 0.20503 1.5404 -0.5684 0.45059 0.67187 0.53963 -0.14152 0.70923 
M260 0.23832 2.0691 -0.8092 0.57755 0.85883 0.70479 -0.23387 0.89568 
M099 0.17177 1.7998 -0.66019 0.50216 0.77282 0.6606 -0.18536 0.77676 
M002 0.21498 1.5652 -0.60824 0.48472 0.64103 0.51046 -0.15748 0.63857 
M329 0.18708 1.7118 -0.60962 0.5261 0.72087 0.61675 -0.1311 0.77537 
M033 0.22032 1.8169 -0.70974 0.55151 0.78502 0.62615 -0.18201 0.85187 
M309~A 0.14086 1.357 -0.52455 0.4263 0.5875 0.47236 -0.136 0.59438 
M139 0.24893 1.9045 -0.75279 0.53684 0.88377 0.68225 -0.19043 0.85693 
M263~B1 0.1504 1.4403 -0.52777 0.4085 0.57442 0.49505 -0.14783 0.58192 
M314 0.2027 1.7145 -0.5826 0.52637 0.68198 0.56724 -0.16612 0.71772 
|M327+M342| 0.11001 1.1005 -0.4351 0.34194 0.48894 0.41824 -0.10173 0.5024 
M203~C 0.15007 1.3742 -0.49015 0.39866 0.5831 0.48444 -0.14776 0.60079 
M046 0.19885 1.7649 -0.67858 0.48819 0.75619 0.64141 -0.13636 0.78397 
M149~A 0.17627 1.6442 -0.61837 0.52615 0.76149 0.60667 -0.15618 0.71558 
M206~G 0.12809 1.0886 -0.43807 0.31004 0.44949 0.35818 -0.12981 0.48177 
M206~D 0.17502 1.4167 -0.5551 0.42018 0.60032 0.48943 -0.16041 0.63302 
M362 0.14936 1.5313 -0.56887 0.45999 0.58409 0.50776 -0.14431 0.6207 
M106 0.17942 1.5883 -0.57243 0.46316 0.70833 0.55502 -0.10608 0.66851 
M175 0.15097 1.5531 -0.60609 0.44536 0.7136 0.55647 -0.1759 0.69239 
M391 0.18167 1.3141 -0.48308 0.41264 0.50813 0.44754 -0.13074 0.56566 
M106~A 0.1563 1.4088 -0.51966 0.43227 0.63333 0.49195 -0.12016 0.61878 
M390 0.19591 1.5862 -0.54527 0.51381 0.61265 0.57097 -0.13732 0.66846 
M372 0.18604 1.6314 -0.611 0.5081 0.66423 0.54337 -0.17783 0.72241 
|M195+M057| 0.22135 1.8371 -0.70437 0.52822 0.81897 0.66511 -0.15772 0.76189 
N01@B 0.50962 2.2231 -0.95302 0.66082 1.13 0.9602 -0.16199 0.92592 
N02 0.12506 1.297 -0.50764 0.38875 0.61801 0.51001 -0.069202 0.51858 
M296 0.20698 1.9323 -0.76057 0.56248 0.85434 0.67449 -0.19738 0.83543 
M341 0.10399 1.4272 -0.51627 0.44125 0.58689 0.46058 -0.12753 0.61692 
M327 0.13398 1.6655 -0.62064 0.53681 0.70188 0.54724 -0.17004 0.70347 
M102~E 0.1287 1.161 -0.45097 0.37174 0.52736 0.40872 -0.11692 0.52582 
M203~A 0.16675 1.4236 -0.51485 0.42616 0.59458 0.48523 -0.14506 0.61828 
|M351+N14| 0.15088 1.0489 -0.38398 0.30783 0.4577 0.39998 -0.11322 0.46957 
M380 0.21488 1.8081 -0.66296 0.57322 0.76656 0.58884 -0.15997 0.8126 
M223 0.24328 1.9607 -0.71546 0.56146 0.82202 0.70782 -0.25568 0.84032 
|M296+M296| 0.14742 1.4311 -0.55094 0.41255 0.63229 0.51656 -0.10748 0.62613 
M266~B 0.17649 1.7953 -0.66902 0.52592 0.74176 0.63025 -0.21604 0.77304 
M325 0.14239 1.6714 -0.62004 0.49548 0.7195 0.59793 -0.18239 0.74343 
M254~A 0.15326 1.6415 -0.63023 0.49532 0.73781 0.58192 -0.16619 0.7092 
M054~I 0.1318 1.3242 -0.46651 0.39533 0.56038 0.46779 -0.13586 0.59017 
M217 0.20346 1.7689 -0.68679 0.54293 0.7813 0.62313 -0.22651 0.7377 
M048~C 0.18077 1.6601 -0.62046 0.49992 0.71386 0.56343 -0.17802 0.72241 
M260~1 0.15202 1.5836 -0.60943 0.42395 0.6477 0.54978 -0.14904 0.68135 
|M218+M288| 0.18815 1.7053 -0.61419 0.50401 0.7498 0.6155 -0.17073 0.7415 
M338~B 0.16626 1.4671 -0.54523 0.44421 0.62795 0.50523 -0.1118 0.65761 
M340 0.11573 1.4086 -0.48661 0.44505 0.57618 0.49807 -0.11448 0.61472 
M242~B 0.181 1.6509 -0.63975 0.49885 0.73757 0.56953 -0.15655 0.72643 
M374~C 0.10453 1.3723 -0.50016 0.39414 0.57094 0.42568 -0.14652 0.54147 
M111~A 0.1778 1.608 -0.60333 0.47676 0.72326 0.5668 -0.15269 0.73926 
M269~B 0.18718 1.46 -0.57782 0.42059 0.5829 0.52363 -0.15869 0.6417 
M301 0.15626 1.6648 -0.58717 0.49043 0.69485 0.53827 -0.18777 0.73781 
M262~1 0.17908 1.6062 -0.60253 0.45269 0.69751 0.55219 -0.18382 0.70405 
M057~B 0.20727 1.9896 -0.73003 0.61498 0.83213 0.68653 -0.18642 0.8539 
|M131+M388| 0.1987 1.6456 -0.60813 0.50357 0.71501 0.59328 -0.14499 0.72844 
M264~A 0.19139 1.7969 -0.68317 0.50517 0.76054 0.609 -0.18798 0.77697 
N24@B 0.3562 1.7747 -0.76251 0.533 0.89476 0.81561 -0.17685 0.72193 
|M305+M342| 0.1535 1.3503 -0.5133 0.38829 0.59379 0.50025 -0.12215 0.60216 
M332~D 0.1207 1.3303 -0.51477 0.42938 0.56997 0.46656 -0.12161 0.5904 
|M305+X| 0.20263 1.4054 -0.52141 0.40279 0.62933 0.50688 -0.13205 0.62484 
M122 0.16795 1.4301 -0.55804 0.4331 0.63209 0.51748 -0.15507 0.64277 
M048~D 0.20109 1.9694 -0.72996 0.59379 0.82286 0.67761 -0.17352 0.88452 
|M106+M288| 0.16081 1.5004 -0.55815 0.4498 0.65443 0.52917 -0.12357 0.65232 
M131 0.19172 1.6821 -0.64955 0.52066 0.77828 0.60017 -0.16271 0.75916 
M243~J 0.14005 1.2522 -0.47424 0.33393 0.56687 0.44062 -0.13363 0.57192 
M380~B 0.17585 1.5945 -0.56905 0.50044 0.65121 0.53983 -0.14243 0.71216 
|M153+M342| 0.12978 1.1038 -0.42557 0.33088 0.50041 0.40899 -0.092033 0.48381 
M102~D 0.14493 1.3372 -0.5429 0.41528 0.62593 0.46657 -0.13098 0.58349 
M145 0.20372 1.7977 -0.71403 0.54685 0.84122 0.64764 -0.18627 0.77901 
M269~A 0.19388 1.544 -0.60822 0.42614 0.64295 0.56064 -0.14708 0.6998 
M105~A 0.12844 1.3443 -0.48556 0.40863 0.61171 0.44165 -0.14033 0.60751 
M292~F 0.168 1.5549 -0.56854 0.42566 0.6695 0.51337 -0.14896 0.68671 
M195 0.18678 1.529 -0.59984 0.44002 0.66978 0.58338 -0.14928 0.6711 
N39B@C 0.17832 1.5909 -0.68978 0.3957 0.80278 0.70005 -0.13156 0.6489 
M038~BX 0.16725 1.4221 -0.56454 0.41671 0.63233 0.51252 -0.12847 0.64118 
M220 0.18598 1.6772 -0.66609 0.47908 0.72024 0.56034 -0.17836 0.72659 
M128 0.18201 1.5998 -0.63043 0.47349 0.66864 0.56676 -0.14936 0.69283 
|M036+N14| 0.19466 1.3896 -0.524 0.41613 0.60077 0.51641 -0.16179 0.61872 
|M327+X| 0.13771 1.2784 -0.48915 0.39175 0.56375 0.4662 -0.12722 0.56267 
M387~CA 0.11243 1.3751 -0.51148 0.41562 0.56147 0.46145 -0.086797 0.64539 
M250~BA 0.14636 1.4725 -0.55236 0.42906 0.6556 0.53798 -0.15817 0.65974 
|M136+X| 0.1897 1.4569 -0.54568 0.42732 0.64916 0.54804 -0.14276 0.61386 
M038~E 0.2057 1.6141 -0.61172 0.50635 0.70165 0.57479 -0.16748 0.70541 
M387~EE 0.15133 1.3989 -0.52657 0.44 0.56461 0.45018 -0.10747 0.64095 
M109 0.16424 1.6098 -0.62455 0.49836 0.70071 0.54323 -0.11863 0.68142 
M005 0.20358 1.5095 -0.55672 0.4459 0.62554 0.51223 -0.20616 0.66282 
M218~B 0.18816 1.6924 -0.66549 0.49841 0.73545 0.60041 -0.1823 0.75617 
M286 0.14677 1.6903 -0.60183 0.50732 0.73004 0.59564 -0.19884 0.73849 
M029~B 0.13702 1.4609 -0.55149 0.40846 0.60894 0.52364 -0.12929 0.62948 
M318~A1 0.19674 1.4462 -0.54744 0.38204 0.61379 0.55227 -0.14878 0.63145 
M041 0.15621 1.5911 -0.59919 0.44469 0.67069 0.55712 -0.15313 0.70555 
M265~F 0.14134 1.2824 -0.48897 0.35643 0.53174 0.44523 -0.1473 0.54215 
|M370~B+M072| 0.08471 0.61415 -0.24114 0.17488 0.27983 0.22375 -0.060922 0.27034 
M125 0.13869 1.4902 -0.55772 0.4549 0.63486 0.56874 -0.13198 0.67501 
M291 0.1697 1.7027 -0.64176 0.45862 0.68538 0.59911 -0.17694 0.70942 
M145~A 0.17786 1.5782 -0.6252 0.46419 0.73839 0.55466 -0.16217 0.69204 
M338 0.16023 1.6303 -0.58233 0.50973 0.70272 0.55169 -0.14024 0.6989 
M292 0.22764 2.0014 -0.76225 0.55753 0.88817 0.66003 -0.16127 0.83229 
M048~K 0.20187 1.6822 -0.6404 0.49895 0.71844 0.57923 -0.19041 0.73643 
N8B 0.085793 0.97897 -0.38716 0.27672 0.38561 0.33872 -0.11403 0.44211 
M136~C 0.18074 1.4095 -0.56792 0.43774 0.62837 0.52374 -0.14917 0.6274 
|M377+M320+M377| 0.12291 1.0749 -0.39674 0.3336 0.48212 0.39294 -0.12072 0.47617 
M147 0.20395 2.045 -0.76888 0.62188 0.90953 0.72353 -0.19493 0.87776 
M362~A 0.10687 1.227 -0.44373 0.37373 0.51746 0.40972 -0.10461 0.52911 
N08 0.11193 0.95676 -0.33703 0.25868 0.38641 0.3617 -0.092911 0.37384 
M369 0.16661 1.491 -0.52447 0.46619 0.57816 0.5006 -0.14484 0.5908 
M367~C 0.14085 1.335 -0.47139 0.44024 0.5391 0.45236 -0.12666 0.57271 
M328~B 0.16016 1.429 -0.55385 0.43505 0.59327 0.51683 -0.1534 0.6612 
M327~P 0.083365 1.0089 -0.39147 0.31781 0.44179 0.34567 -0.092061 0.46896 
M319 0.17653 1.7441 -0.61237 0.52425 0.6826 0.58427 -0.13662 0.77902 
|M370~B+M388| 0.12307 1.0534 -0.38658 0.31675 0.46037 0.37854 -0.09627 0.45283 
M131~E 0.18493 1.2357 -0.46826 0.36391 0.55488 0.43224 -0.092277 0.54345 
M381 0.17879 1.782 -0.68546 0.54755 0.72047 0.56284 -0.12706 0.75128 
M315 0.17548 1.6993 -0.60581 0.49188 0.65063 0.55989 -0.14276 0.69526 
|M036+N30C| 0.20355 1.4544 -0.55868 0.43444 0.65359 0.53318 -0.1288 0.62377 
M230 0.15489 1.4705 -0.55785 0.42414 0.639 0.52182 -0.14766 0.62452 
M384~AB 0.093491 1.0117 -0.38637 0.32466 0.4036 0.31947 -0.095168 0.42559 
N51G 0.21784 1.5123 -0.57028 0.46952 0.59614 0.63394 -0.14721 0.66029 
M029~A 0.16115 1.659 -0.62155 0.49571 0.71193 0.59448 -0.14133 0.744 
N34@B 0.56783 3.2209 -1.4497 1.055 1.5899 1.5172 -0.36514 1.3501 
M387~I 0.16508 1.6504 -0.61126 0.50276 0.67631 0.54078 -0.12593 0.7255 
N30D@B 0.23181 1.4982 -0.65824 0.41429 0.73396 0.66251 -0.1029 0.60714 
M038~A 0.23138 1.8559 -0.70025 0.5681 0.81867 0.64536 -0.17417 0.82832 
M010 0.17137 1.5471 -0.60193 0.44195 0.65531 0.52998 -0.13103 0.68943 
|M218+M320| 0.16927 1.5424 -0.57955 0.44837 0.70214 0.57665 -0.15253 0.68589 
M346~A 0.1335 1.2628 -0.4773 0.41121 0.56403 0.44852 -0.1295 0.58099 
|M217+M388| 0.19701 1.6449 -0.61406 0.48333 0.72156 0.59942 -0.13355 0.72904 
M136 0.22707 1.8092 -0.71227 0.56995 0.79198 0.68129 -0.20751 0.75049 
M281~F 0.17708 1.6084 -0.58434 0.49089 0.69893 0.52632 -0.13802 0.676 
M051~B 0.17593 1.5143 -0.55063 0.42943 0.62655 0.53853 -0.18912 0.66868 
|M370+M072+M370| 0.082616 0.58287 -0.22037 0.1831 0.24846 0.20959 -0.052516 0.26414 
N46 0.13472 2.3006 -0.92829 0.56265 1.0635 0.98152 -0.023839 1.0423 
M149~A2 0.10612 1.0612 -0.39693 0.33094 0.47687 0.41825 -0.12421 0.46977 
M297~D 0.12261 1.3453 -0.5016 0.38512 0.56599 0.47079 -0.13231 0.58699 
M050~K 0.13225 1.1842 -0.39601 0.37912 0.49068 0.41475 -0.15087 0.52434 
M144 0.17858 1.6388 -0.59396 0.46247 0.73038 0.55832 -0.15976 0.70509 
M073~B 0.14215 1.4803 -0.54582 0.40668 0.63931 0.55257 -0.14627 0.64277 
M384~D 0.12131 1.2726 -0.47632 0.41176 0.52031 0.45114 -0.10092 0.55652 
M240~E 0.22998 1.8442 -0.70036 0.55746 0.80717 0.61498 -0.18417 0.81602 
M003 0.16616 1.6342 -0.59011 0.47772 0.67035 0.5797 -0.1973 0.64444 
M228~GA 0.13462 1.2482 -0.48996 0.36865 0.52828 0.43661 -0.14467 0.53112 
M269 0.25649 1.8926 -0.72244 0.52318 0.76691 0.68827 -0.22664 0.84785 
M069~A 0.12728 1.2304 -0.48617 0.35898 0.55278 0.40884 -0.13347 0.53523 
M207 0.19214 1.7186 -0.63601 0.4892 0.72781 0.60041 -0.16577 0.73413 
M221 0.17077 1.6671 -0.63665 0.45838 0.69149 0.57994 -0.17133 0.74758 
M057~B1 0.15317 1.5027 -0.56299 0.46441 0.63069 0.5173 -0.13454 0.61887 
M222 0.16522 1.663 -0.60924 0.43348 0.69649 0.54059 -0.18014 0.70935 
M367~A 0.16069 1.4181 -0.52843 0.45093 0.56431 0.46119 -0.16004 0.62429 
|M175+M288| 0.18252 1.7022 -0.6547 0.51027 0.73704 0.62415 -0.16194 0.74675 
N(N01) 0.094439 0.77505 -0.27157 0.22894 0.33522 0.25775 -0.060918 0.34586 
M044 0.14527 1.5974 -0.57556 0.44791 0.66905 0.55274 -0.18726 0.68904 
M053~A 0.1466 1.4174 -0.49896 0.4025 0.58967 0.46354 -0.14022 0.62298 
M263~B 0.21861 1.8759 -0.68159 0.51785 0.77899 0.65505 -0.19625 0.79793 
M223~B 0.21336 1.6137 -0.59493 0.46187 0.70438 0.5779 -0.18744 0.71425 
M341~Q 0.067371 0.83319 -0.29693 0.24072 0.37049 0.2724 -0.036364 0.36103 
M310 0.20184 1.571 -0.58696 0.44678 0.62468 0.54078 -0.16187 0.71116 
M417~H 0.11361 0.71879 -0.24226 0.22015 0.32283 0.25638 -0.061442 0.33985 
M051~C 0.14606 1.3813 -0.47939 0.39555 0.5689 0.48849 -0.16971 0.58714 
M269~2 0.14694 1.1318 -0.4579 0.33765 0.48182 0.39848 -0.15821 0.50301 
M346~B 0.10633 1.2835 -0.47556 0.39446 0.53311 0.47769 -0.16878 0.5646 
M110 0.20074 1.6885 -0.6152 0.48198 0.74214 0.56465 -0.17917 0.74684 
|M106~2+M288| 0.15292 1.2755 -0.47592 0.38476 0.56185 0.45478 -0.095566 0.54006 
M269~A1 0.1365 1.1195 -0.44929 0.28926 0.47096 0.41319 -0.12144 0.51399 
|M036+N24| 0.19147 1.4409 -0.56504 0.43562 0.64033 0.5258 -0.14762 0.63936 
M264~B 0.20456 1.6833 -0.63935 0.46146 0.70429 0.60099 -0.16685 0.74632 
M056 0.21612 1.7639 -0.65897 0.50052 0.71635 0.64473 -0.15131 0.71785 
M051~A 0.18005 1.5273 -0.5739 0.456 0.64983 0.54076 -0.16764 0.66835 
M325~D 0.11669 1.281 -0.48758 0.38733 0.55612 0.429 -0.11436 0.54584 
M002~B 0.16384 1.2391 -0.46828 0.38454 0.52073 0.43639 -0.1022 0.52121 
M035 0.22201 1.7126 -0.66416 0.51347 0.75636 0.58518 -0.15953 0.76716 
M024~1 0.090365 1.1783 -0.45018 0.3465 0.49395 0.42199 -0.11206 0.50943 
M323 0.16259 1.7886 -0.70102 0.51824 0.76505 0.61476 -0.17096 0.77455 
M210~G 0.14251 1.1909 -0.44677 0.34401 0.50738 0.42939 -0.13346 0.48417 
|M327+M059| 0.11793 0.94103 -0.35748 0.27343 0.42176 0.35725 -0.097598 0.42497 
M136~B 0.18454 1.5056 -0.60225 0.45269 0.65467 0.56216 -0.17414 0.6731 
M247~G 0.095646 1.1637 -0.42915 0.34817 0.51487 0.38968 -0.13225 0.53988 
M242~AB 0.11985 1.1727 -0.44307 0.34469 0.51395 0.38217 -0.10118 0.50287 
M379 0.17399 1.5686 -0.59685 0.47956 0.64814 0.51491 -0.16356 0.70474 
M136~I 0.1537 1.1889 -0.46153 0.35843 0.52905 0.43104 -0.14385 0.54817 
M001~B 0.17271 1.4558 -0.53966 0.43546 0.60809 0.54835 -0.18026 0.66588 
M009~A 0.15267 1.5169 -0.59826 0.43138 0.63031 0.52599 -0.1328 0.68643 
M061 0.13035 1.3746 -0.51139 0.39792 0.55551 0.46178 -0.14965 0.56789 
M384 0.17211 1.7115 -0.59499 0.51727 0.69538 0.56145 -0.15895 0.76201 
M316~E2 0.080487 0.81808 -0.24578 0.23767 0.33292 0.30392 -0.094872 0.35112 
M230~A 0.14118 1.3582 -0.53782 0.39434 0.59413 0.498 -0.10691 0.57232 
|M195+M038~A| 0.17604 1.3449 -0.51962 0.38217 0.60242 0.4914 -0.11654 0.57413 
M373~A 0.14986 1.3354 -0.48355 0.412 0.5558 0.40894 -0.14489 0.57781 
M056~E 0.16348 1.3091 -0.49253 0.37912 0.55714 0.48391 -0.13942 0.57221 
M265 0.22596 1.8944 -0.72332 0.52032 0.77908 0.6664 -0.21971 0.84056 
M041~G 0.13533 1.1242 -0.43891 0.33074 0.48598 0.41116 -0.08758 0.48849 
|M305+M136| 0.1749 1.3992 -0.53333 0.39848 0.59233 0.51018 -0.13878 0.59333 
M318~A 0.21237 1.8185 -0.68365 0.50997 0.77313 0.6555 -0.16018 0.79042 
|M370+M388+M370| 0.10888 0.77442 -0.28852 0.25107 0.34177 0.27749 -0.07838 0.35113 
M295 0.18399 1.7668 -0.65836 0.4759 0.74867 0.58372 -0.18396 0.77487 
|M288+N01| 0.20594 1.6734 -0.63502 0.52079 0.73219 0.60264 -0.14183 0.72212 
N51@B 0.45245 2.2822 -0.97248 0.73734 1.0925 1.0253 -0.19375 0.97934 
M367~G 0.11813 1.0559 -0.37269 0.35095 0.40716 0.3567 -0.1131 0.45408 
|M377+M377| 0.14486 1.2609 -0.4634 0.37613 0.53049 0.44646 -0.12909 0.53577 
|M370+M046+M370| 0.078659 0.61217 -0.22551 0.18312 0.27974 0.21963 -0.054404 0.28248 
M383 0.19581 1.7095 -0.63152 0.50101 0.69389 0.55902 -0.165 0.75598 
M205~C 0.16221 1.229 -0.45766 0.36526 0.53502 0.41967 -0.13798 0.5297 
M075~G 0.077791 1.0005 -0.37316 0.29459 0.40716 0.3331 -0.1022 0.40712 
M208 0.16066 1.5163 -0.56529 0.43323 0.63768 0.57004 -0.17283 0.64792 
M318 0.21731 1.8167 -0.67686 0.51911 0.73397 0.61945 -0.17707 0.74759 
M006@G 0.1105 0.85548 -0.30233 0.24353 0.37082 0.3203 -0.10108 0.36547 
M226~C 0.14828 1.4771 -0.54084 0.41532 0.68232 0.52962 -0.14216 0.66182 
M103 0.1996 1.7145 -0.61301 0.53814 0.7287 0.5673 -0.15529 0.72725 
M312 0.17511 1.5387 -0.57362 0.46993 0.60412 0.5416 -0.14322 0.67486 
M311~B 0.14404 1.2861 -0.46996 0.36698 0.52002 0.4557 -0.13299 0.58023 
M367~I 0.13846 1.1711 -0.40849 0.36244 0.44936 0.38989 -0.12389 0.49821 
|M175+M136| 0.17452 1.5108 -0.6019 0.4395 0.65931 0.5614 -0.15427 0.65244 
M418~C 0.053859 0.44561 -0.15867 0.10869 0.16182 0.15219 -0.041523 0.20552 
M210 0.20827 1.7228 -0.62114 0.48396 0.74792 0.55435 -0.21307 0.74716 
M058 0.2022 1.7933 -0.59484 0.54232 0.69794 0.64816 -0.20761 0.79064 
M080~A 0.13879 1.3454 -0.53451 0.412 0.55583 0.45516 -0.15306 0.60712 
M210~D 0.1823 1.4064 -0.53179 0.42447 0.60005 0.51479 -0.17013 0.61068 
M047 0.20076 1.7235 -0.64272 0.51074 0.73876 0.62137 -0.17297 0.77681 
M254~C 0.12007 1.3807 -0.51543 0.41011 0.60797 0.49218 -0.14929 0.59161 
M147~E 0.17789 1.7012 -0.63381 0.50435 0.7532 0.60853 -0.16478 0.73103 
M261~B1 0.13944 1.3151 -0.50235 0.38722 0.53266 0.49338 -0.11017 0.54949 
M251~C 0.11606 1.2755 -0.46861 0.35446 0.5458 0.46403 -0.12483 0.5587 
|M218+M101| 0.15892 1.2612 -0.47398 0.3603 0.53756 0.44314 -0.14028 0.55448 
M057~A2 0.12284 1.4402 -0.53049 0.45151 0.62178 0.49019 -0.14 0.64219 
M285~C 0.11685 1.3147 -0.47784 0.37223 0.54445 0.46109 -0.13131 0.56549 
N39A 0.20995 1.7319 -0.73204 0.42898 0.82831 0.77817 -0.1219 0.76942 
M309~D 0.1405 1.2115 -0.47102 0.36207 0.50978 0.4137 -0.10867 0.5241 
M263~E 0.16776 1.7382 -0.64035 0.48478 0.71082 0.58113 -0.18261 0.72358 
M246~B 0.12955 1.4164 -0.53541 0.41305 0.61659 0.50946 -0.16851 0.61311 
M110~A 0.16009 1.388 -0.52363 0.40052 0.64145 0.49113 -0.14982 0.61746 
M264~D 0.15528 1.5128 -0.59578 0.43017 0.62754 0.53641 -0.15561 0.68234 
M206~B 0.18179 1.4889 -0.58008 0.45211 0.61687 0.52054 -0.17798 0.67667 
M057~A4 0.1152 1.4445 -0.54088 0.4437 0.62765 0.50154 -0.14518 0.63266 
M195~D 0.1656 1.2259 -0.48112 0.31749 0.52856 0.44406 -0.083706 0.52936 
|M153+X| 0.13385 1.1904 -0.44097 0.33714 0.50936 0.43271 -0.11269 0.49917 
M281~C 0.14749 1.5086 -0.54655 0.44492 0.65825 0.51695 -0.12124 0.6537 
M103~3 0.15043 1.2314 -0.46539 0.34013 0.52368 0.43234 -0.10905 0.50406 
M149~A1 0.13606 1.1926 -0.45505 0.37208 0.53365 0.44903 -0.12688 0.52501 
M317~A 0.17699 1.4004 -0.52952 0.42582 0.56722 0.4745 -0.14111 0.61372 
M115~A 0.15094 1.3891 -0.52726 0.41633 0.61005 0.47333 -0.10258 0.60968 
M146~D 0.14857 1.2221 -0.4607 0.37946 0.55871 0.42073 -0.13385 0.52421 
M003~C 0.14979 1.3547 -0.51495 0.39716 0.53985 0.45513 -0.18005 0.55612 
M379~C 0.089815 1.0927 -0.39869 0.32396 0.48961 0.37704 -0.11349 0.48203 
M298 0.14718 1.6972 -0.66023 0.46952 0.74299 0.5625 -0.15907 0.72425 
M356 0.17194 1.5197 -0.59308 0.49071 0.64594 0.47359 -0.14663 0.68293 
M180 0.13149 1.1496 -0.41484 0.32582 0.52535 0.37799 -0.093928 0.50909 
|M036+N39C| 0.19026 1.3633 -0.534 0.40756 0.61688 0.50574 -0.13582 0.59264 
N1B 0.12787 0.73895 -0.26393 0.19934 0.35171 0.31595 -0.081688 0.30457 
M110~B 0.15876 1.3905 -0.54942 0.41174 0.59654 0.51313 -0.14458 0.63063 
M243 0.23283 1.8429 -0.68701 0.53851 0.777 0.6279 -0.17195 0.7604 
M288~I 0.17051 1.5278 -0.5666 0.44713 0.63456 0.55587 -0.14098 0.6516 
M128~D 0.12817 1.337 -0.52074 0.40464 0.56481 0.46343 -0.14725 0.60879 
|M362+X| 0.13945 1.0339 -0.38143 0.3197 0.45748 0.40139 -0.092068 0.45519 
|M260~1+N24| 0.10975 1.121 -0.4413 0.3194 0.48452 0.41636 -0.088826 0.49066 
M193 0.15385 1.2912 -0.48995 0.37836 0.59405 0.49432 -0.0889 0.54076 
M376~B 0.10897 1.2616 -0.47531 0.4 0.506 0.42907 -0.1415 0.55069 
M075~O 0.096215 0.98085 -0.36922 0.27042 0.39281 0.34518 -0.080843 0.41978 
M096~D 0.1209 1.3686 -0.55271 0.41379 0.59013 0.47753 -0.13815 0.58771 
M010~1 0.108 1.1813 -0.47636 0.35354 0.5102 0.43339 -0.098449 0.51278 
|M260~2+N24| 0.12958 1.1269 -0.44112 0.3074 0.47369 0.41747 -0.085428 0.47612 
M038~A2 0.15571 1.2713 -0.49243 0.3651 0.54651 0.4561 -0.12736 0.57085 
M158~H 0.1431 1.1122 -0.43097 0.34246 0.51357 0.38486 -0.070868 0.4536 
M143 0.18214 1.7087 -0.64555 0.51118 0.73503 0.61005 -0.17661 0.72306 
M049~D 0.15286 1.4281 -0.54269 0.40634 0.58334 0.51734 -0.15093 0.59432 
M112 0.1517 1.4344 -0.53174 0.41347 0.63019 0.542 -0.10971 0.63135 
M294~A 0.14608 1.4345 -0.57995 0.44713 0.62565 0.50474 -0.14473 0.6484 
|M218~D+M288| 0.15062 1.3427 -0.50353 0.39644 0.58428 0.47283 -0.12138 0.58514 
M075~M 0.11257 1.0745 -0.38441 0.29462 0.44341 0.36646 -0.083173 0.44413 
M309 0.1777 1.6171 -0.59543 0.50423 0.66366 0.51858 -0.11756 0.6736 
M346~D 0.10734 1.1424 -0.43534 0.34435 0.49384 0.39688 -0.14834 0.5017 
M246 0.16618 1.8536 -0.69519 0.5483 0.83479 0.67572 -0.21058 0.81119 
M010~6 0.10675 1.072 -0.39255 0.31178 0.44486 0.40967 -0.093547 0.4797 
|M175+M175| 0.14238 1.2024 -0.47331 0.33072 0.52685 0.4368 -0.11173 0.51439 
M038~B1 0.16669 1.3591 -0.54249 0.40146 0.59015 0.48551 -0.11918 0.59008 
M024~A1 0.1046 0.97234 -0.38079 0.30106 0.40737 0.38815 -0.10824 0.4453 
M252~Q 0.090845 1.0156 -0.3665 0.32176 0.44617 0.35973 -0.11333 0.44116 
M244 0.18233 1.6199 -0.60936 0.47754 0.72973 0.52381 -0.20456 0.73681 
N8A 0.088734 1.3944 -0.60304 0.40493 0.61632 0.53224 -0.16921 0.59876 
M131~K 0.13372 1.0954 -0.43555 0.33035 0.4767 0.40042 -0.097477 0.48316 
M075~K 0.085133 1.0306 -0.35515 0.27193 0.42805 0.37613 -0.10236 0.43156 
M352~C 0.18317 1.4687 -0.55331 0.43165 0.63257 0.50928 -0.1492 0.67228 
M324~D 0.14189 1.2193 -0.45919 0.37701 0.52322 0.45249 -0.086444 0.58077 
M288~D 0.17336 1.644 -0.62574 0.47847 0.67312 0.60061 -0.13875 0.71952 
M136~A 0.15983 1.4774 -0.57327 0.4553 0.66879 0.55721 -0.1403 0.66692 
M048~E 0.18864 1.6718 -0.62532 0.50779 0.70915 0.58123 -0.17244 0.75224 
M126 0.13262 1.3063 -0.46647 0.3765 0.59765 0.48283 -0.14081 0.57109 
M048~I 0.17705 1.6229 -0.59972 0.4723 0.69886 0.55958 -0.17145 0.72939 
|M305+M320| 0.16718 1.421 -0.5415 0.40776 0.63238 0.52869 -0.13609 0.63995 
M037 0.199 1.6221 -0.64512 0.51045 0.71874 0.613 -0.14799 0.71505 
M209~D 0.14209 1.2505 -0.49449 0.34515 0.51137 0.44459 -0.12391 0.57175 
M136~Q 0.1476 1.1206 -0.44722 0.30843 0.48861 0.41312 -0.11954 0.49881 
M292~I 0.13933 1.4401 -0.53191 0.40497 0.61309 0.47536 -0.12595 0.65719 
M123~B 0.14024 1.2392 -0.4803 0.35734 0.56139 0.45173 -0.13541 0.56703 
M277 0.12273 1.2844 -0.46708 0.38043 0.53251 0.4317 -0.15224 0.5637 
M352~S 0.15219 1.2901 -0.47622 0.39973 0.55429 0.44006 -0.12027 0.59061 
M206~FA 0.11226 0.93389 -0.36035 0.26482 0.39815 0.3281 -0.10918 0.43524 
|M260+N24| 0.11872 1.1387 -0.45998 0.32358 0.50065 0.4126 -0.096949 0.49691 
M292~C 0.16413 1.6591 -0.60549 0.43994 0.71093 0.55113 -0.13935 0.75686 
M207~M 0.10479 0.97894 -0.36281 0.28632 0.43229 0.33993 -0.10834 0.41815 
M359 0.17805 1.5455 -0.55789 0.45737 0.63097 0.52316 -0.18915 0.67859 
|M175+M153| 0.13538 1.2368 -0.48424 0.37805 0.54608 0.44559 -0.12028 0.53139 
M176 0.15118 1.2601 -0.45796 0.37038 0.55808 0.42366 -0.11591 0.51662 
M038~I 0.21241 1.5707 -0.60025 0.46946 0.68952 0.55146 -0.15281 0.6771 
M158 0.14384 1.3967 -0.51025 0.41459 0.64305 0.47505 -0.15368 0.57923 
M387~H 0.14933 1.604 -0.60225 0.48149 0.6566 0.52168 -0.093436 0.71342 
M362+X 0.097142 0.93103 -0.34568 0.26417 0.36339 0.3211 -0.0875 0.41905 
M059~D 0.1552 1.294 -0.47179 0.37916 0.54602 0.49574 -0.1298 0.56764 
|M195+M038| 0.17732 1.4786 -0.58827 0.4289 0.66245 0.55224 -0.14437 0.62303 
M342 0.12769 1.4955 -0.58146 0.45711 0.62337 0.52876 -0.1164 0.66718 
M105 0.17671 1.4674 -0.53884 0.47462 0.66848 0.51685 -0.15028 0.66133 
M264~A1 0.16518 1.3043 -0.51187 0.36187 0.55446 0.4625 -0.14093 0.56805 
M111 0.2009 1.5792 -0.57895 0.45879 0.70962 0.54183 -0.12818 0.7218 
M243~E 0.16558 1.4176 -0.53688 0.3945 0.63941 0.51613 -0.13625 0.60554 
M418~B 0.11249 0.72259 -0.27029 0.22092 0.28183 0.24488 -0.064839 0.33239 
|M351+X| 0.15055 1.1653 -0.44681 0.36429 0.52351 0.45873 -0.13458 0.53962 
M016 0.11107 1.3966 -0.53751 0.44632 0.60726 0.48068 -0.16961 0.62266 
|M157+M288| 0.17731 1.4016 -0.52323 0.42689 0.61343 0.50562 -0.12017 0.61686 
M319~C 0.12881 1.2157 -0.43214 0.36868 0.49885 0.42648 -0.14119 0.53344 
M321 0.16382 1.5433 -0.5804 0.4695 0.68434 0.53211 -0.096593 0.69641 
|M218+X| 0.18109 1.5166 -0.56097 0.4476 0.66062 0.55276 -0.18121 0.67641 
M248~A 0.16459 1.5299 -0.59257 0.44899 0.67727 0.54511 -0.15409 0.66478 
|M305+M009| 0.17556 1.3219 -0.49446 0.37033 0.57525 0.47388 -0.12741 0.57592 
M103~2 0.1599 1.187 -0.44563 0.36258 0.51359 0.42649 -0.11089 0.50144 
M386 0.18537 1.973 -0.73429 0.61153 0.81364 0.64966 -0.12456 0.8679 
M383~E 0.12771 1.2341 -0.457 0.35771 0.52614 0.41992 -0.098641 0.5383 
M054~C 0.12749 1.3904 -0.50223 0.41508 0.5728 0.48901 -0.13574 0.60921 
M248 0.21126 1.8727 -0.76049 0.52436 0.82622 0.66726 -0.16925 0.83254 
M080~B 0.15128 1.3525 -0.50148 0.39928 0.53237 0.48273 -0.13728 0.59328 
M417~F 0.097898 0.59966 -0.20489 0.19235 0.24833 0.22828 -0.062519 0.28924 
M247~A 0.13816 1.5393 -0.58555 0.46228 0.67916 0.51115 -0.16373 0.67365 
M147~D 0.13662 1.4011 -0.52769 0.42947 0.63044 0.4901 -0.12343 0.62425 
M301~A 0.125 1.4644 -0.5075 0.43112 0.61233 0.49356 -0.1382 0.62045 
M295~E 0.14482 1.3004 -0.50352 0.3497 0.54446 0.44264 -0.14049 0.57583 
M293~A 0.15217 1.3262 -0.50801 0.39909 0.55971 0.42245 -0.13959 0.56098 
M150~A 0.13624 1.2032 -0.42498 0.36301 0.54695 0.42282 -0.11655 0.54363 
M251 0.19072 1.7504 -0.63172 0.47317 0.73548 0.63072 -0.1771 0.74647 
M052~A 0.14036 1.3531 -0.50473 0.42278 0.59139 0.47627 -0.11575 0.60484 
M039~C 0.14147 1.1598 -0.4622 0.34447 0.49117 0.42702 -0.11992 0.50894 
M038~B 0.24654 1.8448 -0.73028 0.57407 0.80484 0.67003 -0.16813 0.84517 
M180~B 0.16464 1.2548 -0.4704 0.35927 0.54404 0.43632 -0.11442 0.5318 
M064~A 0.1367 1.2424 -0.48877 0.38637 0.55292 0.40556 -0.11254 0.51787 
M102~DA 0.11001 1.0268 -0.41124 0.31354 0.47092 0.36392 -0.098449 0.44244 
M073~A 0.15722 1.377 -0.52215 0.40902 0.58583 0.48835 -0.15579 0.61659 
M041~J 0.14825 1.0786 -0.43854 0.2936 0.4655 0.39816 -0.093144 0.47913 
M096~1 0.098118 1.1289 -0.42667 0.34517 0.51449 0.42508 -0.13053 0.49266 
M325~E 0.14396 1.3265 -0.50709 0.38127 0.5718 0.46727 -0.13164 0.57687 
M125~A 0.11774 1.3079 -0.4896 0.39428 0.5756 0.47879 -0.1172 0.58086 
M097~F 0.12368 1.2341 -0.47723 0.35145 0.53916 0.43786 -0.1271 0.52597 
M318~A3 0.17335 1.2405 -0.4646 0.32532 0.50969 0.44296 -0.10303 0.50938 
M278 0.12899 1.3112 -0.47923 0.40798 0.53476 0.47611 -0.15471 0.55803 
|M157+X| 0.16181 1.2065 -0.43215 0.34133 0.53412 0.42986 -0.10495 0.55142 
M361~A 0.13681 1.2551 -0.44519 0.38594 0.54845 0.432 -0.12235 0.54166 
M371~A 0.13618 1.4242 -0.52956 0.45334 0.61226 0.46657 -0.13391 0.62759 
M293~B 0.15129 1.3379 -0.5229 0.38779 0.58573 0.47724 -0.14121 0.58968 
N(N@B) 0.032664 0.31633 -0.12014 0.11664 0.12694 0.12161 -0.0056195 0.13065 
M206~F 0.16898 1.2329 -0.45663 0.34696 0.53302 0.43335 -0.13986 0.54096 
M271~CA 0.09856 0.90323 -0.32025 0.29119 0.3958 0.32947 -0.11656 0.39279 
M323~I 0.11302 1.0747 -0.41622 0.30735 0.44113 0.36389 -0.11037 0.47962 
M039~A 0.13547 1.3886 -0.55323 0.43072 0.61543 0.50475 -0.12147 0.64235 
M136~R 0.14066 1.1414 -0.4333 0.33074 0.51125 0.4281 -0.10902 0.51469 
M242~D 0.16447 1.5493 -0.60385 0.4803 0.68574 0.51623 -0.11564 0.66644 
M321~B 0.15191 1.2519 -0.46176 0.37476 0.51626 0.42925 -0.115 0.5599 
|M351+3(N01)| 0.12689 0.84877 -0.32381 0.26607 0.37381 0.31533 -0.088728 0.39434 
M370~C 0.11531 1.1149 -0.41596 0.32845 0.46404 0.34514 -0.096406 0.47542 
M367~E 0.16257 1.324 -0.47481 0.41038 0.52226 0.46104 -0.12923 0.57698 
M224 0.18881 1.7215 -0.63714 0.48047 0.72732 0.56894 -0.18908 0.77723 
M086 0.14259 1.3687 -0.51931 0.43798 0.55539 0.45817 -0.14836 0.56873 
M145~BB 0.10798 1.0038 -0.3934 0.32043 0.47108 0.36164 -0.11353 0.40597 
|M054+M365+M054~I| 0.088971 0.84935 -0.33278 0.25485 0.36797 0.34473 -0.083526 0.36695 
