492 8
</s> -1.1224 0.63747 -0.63998 -0.44432 1.3913 -0.1784 0.43885 -0.26799 
, -1.0095 0.59866 -0.63149 -0.36115 1.5419 -0.19105 0.30261 -0.2827 
[...] -1.1245 0.62109 -0.64254 -0.45146 1.5398 -0.1914 0.40899 -0.32574 
1(N01) -1.4979 0.76566 -0.81601 -0.66164 1.9606 -0.26018 0.4726 -0.39692 
x -1.1069 0.56707 -0.68535 -0.44818 1.4084 -0.20552 0.35654 -0.32558 
2(N01) -1.2888 0.65982 -0.71478 -0.56556 1.6606 -0.22014 0.39899 -0.3477 
M288 -1.5227 0.80068 -0.88058 -0.61638 2.0149 -0.29405 0.55018 -0.42374 
1(N14) -1.409 0.78022 -0.7638 -0.57829 1.8571 -0.31207 0.48083 -0.36075 
M388 -1.4368 0.73703 -0.7835 -0.55283 1.8802 -0.24395 0.48881 -0.40347 
M218 -1.4448 0.81405 -0.80588 -0.57858 1.9113 -0.3023 0.53424 -0.40145 
3(N01) -1.1643 0.58121 -0.61224 -0.49362 1.4761 -0.19246 0.34197 -0.30895 
1(N24) -1.1621 0.61853 -0.64364 -0.50193 1.5623 -0.26918 0.40375 -0.35117 
4(N01) -1.0425 0.53494 -0.56748 -0.48538 1.3752 -0.16128 0.31005 -0.28776 
5(N01) -1.0342 0.52076 -0.55563 -0.46238 1.3161 -0.15646 0.32169 -0.28776 
1(N39B) -1.306 0.72939 -0.71294 -0.5593 1.7607 -0.29531 0.49111 -0.3584 
M371 -1.2531 0.67275 -0.68173 -0.52624 1.6884 -0.23046 0.44119 -0.31663 
M124 -1.2256 0.63961 -0.7023 -0.49263 1.6385 -0.23128 0.43853 -0.32462 
2(N39B) -1.1216 0.6367 -0.61706 -0.49362 1.5062 -0.23983 0.41624 -0.31066 
M297 -1.34 0.73678 -0.75735 -0.56874 1.7539 -0.29316 0.49893 -0.39797 
M054 -1.3278 0.77935 -0.77542 -0.55517 1.7544 -0.20906 0.49481 -0.38507 
2(N14) -1.2794 0.71605 -0.69645 -0.52791 1.7147 -0.26349 0.41367 -0.35257 
M387 -1.4846 0.73901 -0.80436 -0.58942 1.9049 -0.24063 0.49988 -0.44379 
M346 -1.2279 0.61746 -0.65062 -0.4785 1.5872 -0.22115 0.45383 -0.33018 
M066 -1.2921 0.72404 -0.70593 -0.54838 1.7462 -0.2337 0.47324 -0.35242 
M157 -1.0123 0.56985 -0.60246 -0.4435 1.3775 -0.21347 0.33409 -0.2723 
M096 -1.4304 0.74855 -0.82333 -0.5951 1.8938 -0.25128 0.46788 -0.4281 
M376 -1.1703 0.64216 -0.65204 -0.48199 1.5988 -0.25584 0.42895 -0.34908 
M009 -1.2729 0.69253 -0.71459 -0.52058 1.7543 -0.2366 0.46135 -0.38916 
1(N30C) -1.2329 0.66446 -0.67387 -0.5387 1.6364 -0.2525 0.41528 -0.33316 
6(N01) -1.0199 0.5141 -0.56037 -0.45789 1.2945 -0.13465 0.31845 -0.26208 
2(N30C) -1.0787 0.59282 -0.58675 -0.46493 1.4178 -0.21599 0.36804 -0.28872 
M263 -1.5446 0.7897 -0.86214 -0.61134 2.0635 -0.31814 0.60674 -0.41164 
3(N39B) -0.948 0.53833 -0.52821 -0.40767 1.2791 -0.20661 0.36054 -0.2536 
3(N14) -1.1401 0.63743 -0.63707 -0.43939 1.4948 -0.22413 0.3694 -0.29966 
M001 -1.2494 0.6797 -0.68926 -0.54592 1.6892 -0.20071 0.46251 -0.4013 
M036 -1.3776 0.71847 -0.80015 -0.59658 1.83 -0.31591 0.50792 -0.40181 
4(N14) -1.0256 0.55738 -0.55968 -0.45542 1.4016 -0.18777 0.34316 -0.27556 
M305 -1.3418 0.71805 -0.72805 -0.5431 1.7318 -0.24374 0.44589 -0.37173 
1(N30D) -1.082 0.58506 -0.58765 -0.46959 1.4398 -0.22533 0.36554 -0.25496 
M032 -1.2614 0.68001 -0.72711 -0.52003 1.6963 -0.2765 0.45377 -0.33158 
M370 -1.171 0.63283 -0.65584 -0.50539 1.543 -0.24883 0.4339 -0.31727 
M004 -1.3118 0.66913 -0.70579 -0.5039 1.6879 -0.24722 0.4817 -0.3409 
M354 -1.1568 0.63737 -0.66305 -0.46506 1.5333 -0.24715 0.4367 -0.38308 
8(N01) -1.0179 0.51692 -0.54003 -0.45144 1.3288 -0.17471 0.31359 -0.26055 
M003~b -1.0833 0.57219 -0.59764 -0.46758 1.4162 -0.18806 0.38373 -0.33595 
|M036+1(N30D)| -1.0141 0.54894 -0.57181 -0.4167 1.3316 -0.20272 0.36522 -0.27128 
M057 -1.5201 0.809 -0.84577 -0.64192 2.0416 -0.26916 0.53568 -0.42799 
M072 -1.1093 0.606 -0.58084 -0.45694 1.4735 -0.19292 0.41877 -0.3045 
1(N34) -1.3074 0.69452 -0.73002 -0.56059 1.763 -0.30817 0.45604 -0.35306 
M157~a -0.96212 0.54141 -0.5279 -0.40222 1.2895 -0.17282 0.35183 -0.27071 
7(N01) -0.99896 0.50617 -0.55748 -0.44339 1.3125 -0.16248 0.28866 -0.28883 
M367 -1.2521 0.63103 -0.69704 -0.53888 1.6155 -0.22301 0.41756 -0.36089 
M219 -1.2524 0.66871 -0.69023 -0.51197 1.6503 -0.24319 0.46709 -0.37968 
M347 -1.251 0.6622 -0.67131 -0.48372 1.6752 -0.25363 0.45271 -0.32154 
1(N45) -1.0415 0.57259 -0.5857 -0.4151 1.3903 -0.20289 0.35516 -0.27363 
4(N39B) -0.87457 0.48796 -0.47227 -0.37633 1.2027 -0.19876 0.33336 -0.24957 
M297~b -1.1951 0.65655 -0.67432 -0.48877 1.5543 -0.27621 0.44765 -0.35406 
5(N14) -1.0234 0.57066 -0.54709 -0.42577 1.3444 -0.20907 0.33754 -0.28711 
M259 -1.2271 0.65884 -0.72408 -0.54236 1.6761 -0.24429 0.42591 -0.35516 
M059 -1.2631 0.69725 -0.66237 -0.50696 1.6838 -0.23967 0.49282 -0.36035 
M056~f -1.0402 0.54472 -0.57522 -0.42743 1.353 -0.16853 0.33104 -0.28129 
M386~a -1.2009 0.63029 -0.62866 -0.4476 1.5846 -0.23715 0.43033 -0.34839 
M373 -1.2095 0.60158 -0.67029 -0.48646 1.549 -0.18697 0.41487 -0.314 
6(N14) -0.96666 0.52773 -0.52811 -0.41263 1.2935 -0.16494 0.30618 -0.27093 
1(N08A) -0.80501 0.43554 -0.44933 -0.30433 1.0399 -0.18492 0.2892 -0.22095 
M387~c -1.2371 0.62266 -0.70915 -0.50793 1.6181 -0.21498 0.4199 -0.35856 
M263~a -1.3225 0.7138 -0.77453 -0.52417 1.7485 -0.25512 0.52884 -0.36897 
M153 -1.1259 0.58036 -0.6156 -0.49041 1.4615 -0.22731 0.38401 -0.31305 
M377~e -1.2306 0.61344 -0.6649 -0.51729 1.6155 -0.22745 0.39772 -0.34219 
M377 -1.4333 0.75846 -0.79175 -0.58742 1.8797 -0.26824 0.51958 -0.40827 
M387~ef -1.0416 0.55485 -0.56733 -0.42131 1.3636 -0.17143 0.34032 -0.29789 
M387~a -1.3769 0.71551 -0.76541 -0.52026 1.7889 -0.21345 0.47749 -0.39823 
9(N01) -1.0006 0.51413 -0.53905 -0.43972 1.3178 -0.18352 0.28723 -0.25914 
M365 -1.1757 0.61445 -0.6643 -0.4822 1.5472 -0.21972 0.42633 -0.34598 
M101 -1.1877 0.59764 -0.69005 -0.49092 1.5414 -0.2001 0.42836 -0.36338 
M005~a -1.0664 0.55256 -0.55989 -0.43451 1.3603 -0.17092 0.40474 -0.31987 
M304 -1.1383 0.5879 -0.62107 -0.41493 1.4647 -0.22986 0.3976 -0.32082 
M320 -1.4092 0.73986 -0.74707 -0.6205 1.8688 -0.23726 0.48646 -0.40194 
M240 -1.4047 0.75278 -0.80982 -0.5691 1.8622 -0.26131 0.50409 -0.40671 
M317 -1.2376 0.63516 -0.70733 -0.48266 1.6113 -0.24092 0.44584 -0.33403 
M024 -1.2417 0.63116 -0.71826 -0.51433 1.6414 -0.22901 0.42659 -0.38069 
M263~1 -1.2327 0.64511 -0.71764 -0.48589 1.6538 -0.22695 0.47824 -0.35719 
M097~h -1.0537 0.5824 -0.61927 -0.44471 1.411 -0.21867 0.36869 -0.31699 
M262 -1.4696 0.7972 -0.84318 -0.56528 2.0147 -0.25365 0.54656 -0.38964 
M006 -1.1856 0.60719 -0.64849 -0.46694 1.533 -0.19977 0.37453 -0.37714 
M010~2 -0.891 0.4752 -0.51729 -0.38722 1.1999 -0.16333 0.33206 -0.24543 
|M136+M365| -0.88107 0.49908 -0.49054 -0.34162 1.1533 -0.19365 0.31467 -0.25165 
M387~l -1.0667 0.5384 -0.58536 -0.43531 1.3582 -0.1643 0.34321 -0.33307 
2(N45) -0.88123 0.46872 -0.50789 -0.35477 1.1918 -0.17331 0.29686 -0.23335 
M348 -1.1225 0.60088 -0.62185 -0.42451 1.4775 -0.22757 0.4013 -0.2875 
M066~a -1.1008 0.58899 -0.59287 -0.43766 1.4782 -0.18446 0.38163 -0.31579 
M057~a -1.448 0.79485 -0.79212 -0.60722 1.9067 -0.2375 0.52431 -0.41421 
M146 -1.1909 0.64724 -0.61549 -0.47117 1.615 -0.25306 0.44454 -0.32704 
M352~o -1.0199 0.53731 -0.54963 -0.41414 1.3319 -0.16323 0.32488 -0.25886 
M081 -0.99371 0.55151 -0.59699 -0.43838 1.3454 -0.19246 0.41643 -0.30031 
M352~n -1.0476 0.54217 -0.55787 -0.44401 1.3426 -0.19513 0.38426 -0.27574 
M099 -1.2746 0.69244 -0.708 -0.53695 1.6534 -0.23606 0.43338 -0.34707 
M139 -1.3482 0.72199 -0.75675 -0.53918 1.7884 -0.27428 0.47877 -0.37553 
M033 -1.2702 0.6867 -0.70752 -0.53011 1.6788 -0.25878 0.47127 -0.38227 
M329 -1.2285 0.67698 -0.65999 -0.49692 1.6399 -0.23529 0.44986 -0.33699 
M260 -1.4078 0.76444 -0.79 -0.56991 1.9151 -0.30555 0.54367 -0.41753 
M002 -1.2095 0.58908 -0.62211 -0.51375 1.4905 -0.22623 0.43477 -0.35104 
M263~b1 -1.0335 0.51246 -0.5856 -0.40657 1.3419 -0.18149 0.40454 -0.29128 
M314 -1.1834 0.60818 -0.63081 -0.50511 1.598 -0.22804 0.44363 -0.33942 
|M327+M342| -0.64978 0.36202 -0.36752 -0.26527 0.88696 -0.13477 0.23679 -0.19236 
M046 -1.215 0.62407 -0.70812 -0.50157 1.5999 -0.25591 0.47599 -0.33871 
M203~c -0.98987 0.54349 -0.59499 -0.44404 1.3285 -0.20316 0.33279 -0.28334 
2(N34) -1.1489 0.62353 -0.65443 -0.49451 1.5467 -0.24954 0.40802 -0.29654 
7(N14) -0.95559 0.50645 -0.5036 -0.38384 1.2741 -0.20864 0.31288 -0.25272 
M149~a -1.1936 0.64886 -0.62491 -0.4531 1.546 -0.19114 0.43443 -0.30671 
1(N23) -1.1672 0.6167 -0.64588 -0.49077 1.5318 -0.23446 0.38793 -0.29466 
M390 -1.0837 0.54103 -0.60351 -0.42423 1.4106 -0.18418 0.36076 -0.30121 
M206~d -1.101 0.57902 -0.63044 -0.43261 1.4566 -0.22175 0.40512 -0.29966 
M175 -1.1419 0.62797 -0.58703 -0.45104 1.4981 -0.22634 0.34729 -0.31183 
M391 -0.96012 0.51695 -0.53968 -0.39783 1.2163 -0.17868 0.37289 -0.25477 
|M195+M057| -1.2433 0.69251 -0.69367 -0.51483 1.6696 -0.25121 0.46449 -0.32315 
M372 -1.2631 0.65177 -0.69786 -0.53583 1.6792 -0.23604 0.4489 -0.34962 
M341 -1.1155 0.57651 -0.60242 -0.46576 1.3956 -0.16833 0.36034 -0.28297 
M296 -1.4007 0.78168 -0.82702 -0.56134 1.9153 -0.30239 0.52004 -0.43743 
|M351+1(N14)| -0.8969 0.49732 -0.50354 -0.35624 1.1775 -0.18451 0.32696 -0.23016 
M327 -1.2315 0.70167 -0.63877 -0.4924 1.6302 -0.21323 0.47401 -0.32723 
M203~a -1.0513 0.58054 -0.59306 -0.46163 1.3736 -0.21252 0.37995 -0.27993 
M380 -1.4183 0.7182 -0.77652 -0.54348 1.8091 -0.24985 0.46373 -0.43318 
M266~b -1.2372 0.65627 -0.68781 -0.49386 1.633 -0.24308 0.44979 -0.32676 
|M296+M296| -0.87504 0.48373 -0.52306 -0.34429 1.1553 -0.16622 0.32722 -0.24643 
M106~a -1.0161 0.51222 -0.59669 -0.40464 1.3678 -0.2025 0.36997 -0.27636 
M223 -1.355 0.68625 -0.77384 -0.48484 1.7316 -0.27093 0.46961 -0.36837 
M054~i -0.98991 0.54285 -0.5418 -0.40691 1.3212 -0.18872 0.36468 -0.27825 
M217 -1.2892 0.70675 -0.72877 -0.53525 1.7768 -0.24579 0.45771 -0.36175 
M309~a -1.0474 0.57194 -0.56809 -0.42899 1.3825 -0.20718 0.32818 -0.30248 
M325 -1.2407 0.64156 -0.72012 -0.54656 1.7272 -0.19406 0.44071 -0.34805 
M254~a -1.1738 0.63152 -0.62989 -0.46641 1.5321 -0.20293 0.41137 -0.31913 
M260~1 -1.0441 0.55754 -0.60044 -0.40851 1.4188 -0.22069 0.39034 -0.31513 
M048~c -1.1646 0.62023 -0.64856 -0.46192 1.5147 -0.24759 0.40699 -0.31423 
|M218+M288| -1.1707 0.6553 -0.68199 -0.4793 1.5918 -0.21744 0.41633 -0.32241 
M338~b -1.0012 0.56443 -0.56132 -0.4031 1.3498 -0.20501 0.38062 -0.29529 
M301 -1.2028 0.64111 -0.68722 -0.46539 1.6089 -0.24234 0.41049 -0.32554 
M242~b -1.1699 0.64246 -0.66323 -0.46062 1.5402 -0.23081 0.41398 -0.31211 
M262~1 -1.1187 0.58997 -0.62533 -0.42772 1.5172 -0.21609 0.397 -0.29775 
M374~c -0.98033 0.50621 -0.54772 -0.40764 1.2937 -0.18448 0.35557 -0.28317 
M111~a -1.0207 0.57053 -0.55995 -0.39335 1.3629 -0.19016 0.39373 -0.30957 
8(N14) -0.967 0.5556 -0.49359 -0.39169 1.3008 -0.20862 0.33527 -0.24649 
M362 -1.166 0.61494 -0.6786 -0.49075 1.5568 -0.23661 0.45725 -0.30731 
M340 -1.1022 0.5359 -0.6499 -0.40943 1.4459 -0.19419 0.36973 -0.27005 
M206~g -0.8942 0.4671 -0.52104 -0.34666 1.1674 -0.16978 0.31213 -0.25996 
M269~b -1.0597 0.58706 -0.59663 -0.41916 1.4012 -0.21789 0.39779 -0.31504 
M057~b -1.3772 0.73016 -0.76285 -0.58881 1.8178 -0.25461 0.48679 -0.41424 
|M131+M388| -1.0584 0.58754 -0.60279 -0.43148 1.4331 -0.20141 0.36836 -0.2927 
1(N30C@b) -1.0866 0.57397 -0.58783 -0.4665 1.4401 -0.23391 0.37827 -0.29973 
M264~a -1.2269 0.66589 -0.70505 -0.50163 1.6636 -0.21955 0.47313 -0.37823 
M102~e -0.95473 0.48974 -0.53274 -0.35199 1.2553 -0.18353 0.33258 -0.25236 
|M305+M342| -0.86481 0.4553 -0.48626 -0.33667 1.1288 -0.15499 0.29732 -0.25144 
M106 -1.2162 0.61084 -0.64293 -0.47325 1.5758 -0.22173 0.44602 -0.29738 
M048~d -1.3406 0.69704 -0.76155 -0.51891 1.7388 -0.29385 0.4688 -0.38406 
M332~d -0.95912 0.52578 -0.54163 -0.41366 1.2586 -0.17591 0.33254 -0.27781 
M122 -1.0944 0.52409 -0.56622 -0.44189 1.3793 -0.25911 0.37627 -0.28175 
|M305+X| -0.955 0.50848 -0.54604 -0.39988 1.2443 -0.16788 0.33711 -0.27042 
M131 -1.2389 0.63587 -0.68942 -0.48761 1.6018 -0.20051 0.44557 -0.35244 
9(N14) -0.96699 0.55595 -0.54272 -0.40246 1.3043 -0.20737 0.31959 -0.23407 
|M106+M288| -1.0276 0.55337 -0.58868 -0.41229 1.3754 -0.19968 0.35998 -0.28881 
M243~j -0.80994 0.4286 -0.47831 -0.31378 1.0561 -0.1288 0.30228 -0.21638 
|M153+M342| -0.67651 0.35071 -0.36688 -0.28453 0.91194 -0.13961 0.24077 -0.17835 
M380~b -1.2044 0.63844 -0.6538 -0.47721 1.5372 -0.22088 0.43889 -0.34184 
M145 -1.2757 0.67665 -0.65252 -0.50663 1.67 -0.23495 0.46975 -0.36031 
M105~a -1.0239 0.51717 -0.5415 -0.3979 1.2968 -0.17602 0.36439 -0.28755 
M038~bx -0.97733 0.52211 -0.55863 -0.39749 1.3327 -0.22307 0.36965 -0.28521 
M195 -1.1193 0.60558 -0.5654 -0.43875 1.4775 -0.24603 0.39309 -0.26872 
M220 -1.2568 0.63101 -0.71677 -0.50197 1.6306 -0.2612 0.4253 -0.34885 
|M036+1(N14)| -1.0812 0.60084 -0.62374 -0.43961 1.4294 -0.23347 0.3779 -0.29029 
M387~ca -1.0321 0.52132 -0.58965 -0.39976 1.3298 -0.1948 0.34808 -0.29817 
[1(N01)] -0.83199 0.447 -0.44566 -0.3629 1.0776 -0.13385 0.27182 -0.20599 
M128 -1.1957 0.59666 -0.66737 -0.50061 1.5929 -0.23328 0.42933 -0.32407 
|M327+X| -0.75424 0.42457 -0.42674 -0.30456 1.0257 -0.14138 0.2751 -0.1983 
M109 -1.2094 0.60354 -0.66437 -0.47134 1.5219 -0.20119 0.40573 -0.3231 
1(N39C) -0.9898 0.5448 -0.5532 -0.39942 1.3497 -0.23272 0.34715 -0.2802 
M387~ee -0.98233 0.51044 -0.54063 -0.39031 1.3058 -0.17517 0.34232 -0.30686 
M250~ba -1.0007 0.54513 -0.5563 -0.42502 1.3438 -0.16463 0.36318 -0.27879 
M038~e -1.1773 0.60061 -0.67056 -0.44661 1.564 -0.22563 0.4223 -0.32047 
|M136+X| -0.99148 0.52965 -0.54581 -0.40623 1.2947 -0.19679 0.35709 -0.26491 
M005 -1.21 0.63257 -0.6128 -0.55184 1.5771 -0.20291 0.42459 -0.35096 
M318~a1 -0.95495 0.49991 -0.53368 -0.38764 1.232 -0.17797 0.33869 -0.26331 
M265~f -0.93964 0.4947 -0.53698 -0.37369 1.2148 -0.18912 0.34255 -0.27266 
M125 -1.145 0.56342 -0.60841 -0.46621 1.4915 -0.2125 0.41613 -0.30521 
|M370~b+M072| -0.4839 0.26091 -0.27076 -0.20911 0.63062 -0.063799 0.1968 -0.14853 
M218~b -1.2361 0.70837 -0.67556 -0.49786 1.6724 -0.22262 0.44243 -0.34123 
M041 -1.194 0.6246 -0.71213 -0.5246 1.5896 -0.23544 0.44985 -0.35181 
M286 -1.2408 0.70048 -0.71924 -0.5185 1.6925 -0.24294 0.42284 -0.35339 
M029~b -1.0344 0.58645 -0.58854 -0.42479 1.389 -0.19462 0.36909 -0.32517 
M292 -1.4431 0.78226 -0.84731 -0.59245 1.9345 -0.28503 0.5471 -0.43743 
[M009] -0.34586 0.19725 -0.20808 -0.11377 0.45568 -0.073718 0.12654 -0.086363 
M338 -1.1039 0.5981 -0.61334 -0.44311 1.4472 -0.19292 0.37358 -0.33114 
M291 -1.2929 0.70571 -0.75134 -0.49052 1.7045 -0.27231 0.46885 -0.38525 
1(N51) -0.88162 0.4633 -0.51306 -0.3551 1.2062 -0.18142 0.30472 -0.22327 
M145~a -1.1269 0.55784 -0.60092 -0.41843 1.4339 -0.20947 0.40329 -0.2827 
M048~k -1.0849 0.58078 -0.61415 -0.44482 1.4103 -0.23989 0.38553 -0.32817 
M147 -1.4751 0.79523 -0.79255 -0.57323 1.947 -0.29554 0.54368 -0.38517 
|M377+M320+M377| -0.66139 0.36355 -0.37059 -0.27608 0.87384 -0.12245 0.23852 -0.17818 
M362~a -0.91188 0.48949 -0.51565 -0.39943 1.1849 -0.14235 0.37568 -0.27116 
M369 -1.1264 0.55845 -0.61086 -0.44383 1.4305 -0.23998 0.39204 -0.29686 
1(N8B) -0.76993 0.40512 -0.41638 -0.32788 0.97561 -0.1874 0.26633 -0.20102 
M136~c -1.0647 0.54741 -0.61498 -0.43314 1.4368 -0.20054 0.37044 -0.34356 
M131~e -0.88595 0.49329 -0.48938 -0.34052 1.1882 -0.17813 0.29058 -0.25324 
|M370~b+M388| -0.72215 0.39751 -0.4073 -0.30737 0.96554 -0.13851 0.28211 -0.21637 
[M288] -0.59956 0.30387 -0.32126 -0.22423 0.78068 -0.087709 0.18162 -0.14928 
M327~p -0.74181 0.42328 -0.39261 -0.30191 1.0258 -0.12022 0.28562 -0.23185 
M367~c -0.90786 0.4774 -0.50342 -0.38165 1.184 -0.18294 0.31353 -0.24286 
M319 -1.1707 0.61205 -0.64652 -0.4985 1.5775 -0.22288 0.41803 -0.35907 
M328~b -1.0406 0.58355 -0.55988 -0.41026 1.4342 -0.2044 0.40086 -0.27423 
M384~ab -0.72813 0.367 -0.4091 -0.31085 0.92957 -0.11437 0.27166 -0.20015 
M230 -1.0909 0.60584 -0.62419 -0.44971 1.4607 -0.24483 0.41746 -0.30964 
2(N23) -0.95537 0.52264 -0.53875 -0.40228 1.2547 -0.17458 0.30851 -0.25534 
M029~a -1.1189 0.63228 -0.63367 -0.45095 1.4937 -0.20504 0.37973 -0.3312 
M315 -1.1763 0.65804 -0.65412 -0.4721 1.5714 -0.25389 0.42627 -0.32715 
M381 -1.3582 0.66493 -0.73564 -0.55361 1.7324 -0.25919 0.45861 -0.41502 
M387~i -1.2242 0.59934 -0.68512 -0.4785 1.5952 -0.20182 0.42073 -0.37804 
|M036+1(N30C)| -1.0585 0.57381 -0.60053 -0.44327 1.3985 -0.21437 0.37132 -0.29453 
|M217+M388| -0.98171 0.54316 -0.56222 -0.39837 1.3351 -0.18975 0.34288 -0.29242 
M102~d -1.0566 0.53279 -0.59646 -0.39547 1.387 -0.18069 0.38392 -0.28303 
1(N08) -0.86149 0.4678 -0.49109 -0.36893 1.1713 -0.1915 0.27404 -0.23334 
M136 -1.3476 0.70787 -0.77683 -0.58941 1.8354 -0.29404 0.49705 -0.4082 
M051~b -1.0918 0.5643 -0.57768 -0.44487 1.407 -0.17688 0.40737 -0.3097 
1(N14@b) -0.91527 0.51376 -0.49942 -0.38035 1.2303 -0.1871 0.29882 -0.23987 
M038~a -1.337 0.73074 -0.74078 -0.55168 1.7866 -0.25486 0.47461 -0.39289 
M010 -1.1032 0.60242 -0.6565 -0.47494 1.5419 -0.21252 0.42593 -0.30957 
M281~f -1.0824 0.58403 -0.59942 -0.4385 1.4146 -0.20237 0.39889 -0.32593 
|M218+M320| -0.99873 0.56259 -0.57942 -0.42455 1.3529 -0.20745 0.35177 -0.26851 
M384~d -0.9713 0.44885 -0.52697 -0.39051 1.2136 -0.15667 0.31221 -0.2873 
M292~f -1.0515 0.53772 -0.60611 -0.43105 1.4143 -0.21201 0.37505 -0.31986 
M044 -1.1924 0.63652 -0.67798 -0.50533 1.5541 -0.23774 0.40132 -0.35095 
M297~d -1.0503 0.57579 -0.5914 -0.4058 1.3601 -0.22865 0.3885 -0.3001 
M144 -1.2068 0.63533 -0.62373 -0.46981 1.5486 -0.22141 0.39859 -0.30403 
M073~b -1.0685 0.57034 -0.61631 -0.41138 1.3875 -0.18293 0.37346 -0.32311 
M057~b1 -1.0629 0.55756 -0.59081 -0.45883 1.3843 -0.1802 0.3802 -0.31315 
M221 -1.1954 0.64834 -0.67441 -0.47708 1.5574 -0.23944 0.47087 -0.31931 
M149~a2 -0.80186 0.42177 -0.42849 -0.29993 1.0556 -0.11583 0.31471 -0.22957 
2(N51) -0.72858 0.36924 -0.42067 -0.29606 0.96874 -0.14565 0.2328 -0.19189 
3(N34) -0.87695 0.46468 -0.49727 -0.34417 1.1926 -0.18266 0.28109 -0.24062 
|M175+M288| -1.1669 0.62237 -0.65025 -0.46049 1.5536 -0.21301 0.4008 -0.33119 
|M370+M072+M370| -0.46074 0.25714 -0.29008 -0.20975 0.62495 -0.091154 0.18795 -0.12321 
M240~e -1.2317 0.65354 -0.70228 -0.48222 1.6362 -0.23269 0.4225 -0.36639 
[x -0.65199 0.41724 -0.35624 -0.21303 0.95506 -0.082676 0.20043 -0.17383 
n -0.32466 0.21471 -0.20083 -0.1448 0.60207 0.023264 0.10364 -0.11095 
M222 -1.2216 0.62338 -0.70579 -0.48618 1.5832 -0.23416 0.45258 -0.32851 
M003 -1.2102 0.64272 -0.6618 -0.52085 1.5992 -0.18886 0.41209 -0.35292 
M050~k -0.86093 0.44824 -0.46375 -0.36718 1.1349 -0.16341 0.25594 -0.24567 
M228~ga -0.8171 0.42649 -0.48693 -0.3322 1.0837 -0.14157 0.31819 -0.18877 
2(N30C@b) -0.96812 0.51836 -0.5284 -0.41571 1.2669 -0.20591 0.33934 -0.27069 
M207 -1.1357 0.63231 -0.69273 -0.44083 1.5885 -0.20576 0.45198 -0.29646 
M269~a1 -0.84458 0.44238 -0.48568 -0.3475 1.1101 -0.18061 0.33528 -0.24923 
M053~a -1.0069 0.567 -0.58662 -0.4419 1.3627 -0.16018 0.40013 -0.28966 
1(N24@b) -0.941 0.49685 -0.53479 -0.38441 1.2477 -0.18776 0.32765 -0.28012 
1(N39B@b) -0.97306 0.52392 -0.52323 -0.38512 1.2891 -0.22738 0.35199 -0.27908 
5(N34) -0.76037 0.40208 -0.41367 -0.31963 1.0127 -0.1732 0.2695 -0.1936 
M051~c -0.98162 0.51122 -0.51129 -0.39384 1.2948 -0.15883 0.34656 -0.26762 
M110 -1.1805 0.64895 -0.67194 -0.50606 1.6275 -0.21676 0.46886 -0.34034 
M035 -1.301 0.70037 -0.71322 -0.51947 1.7417 -0.26094 0.44543 -0.37405 
M325~d -0.93367 0.51103 -0.54583 -0.40149 1.2909 -0.15446 0.34822 -0.2459 
M223~b -1.1808 0.63581 -0.68978 -0.45446 1.5352 -0.25052 0.42689 -0.33311 
|M036+1(N24)| -1.0504 0.57643 -0.60877 -0.43306 1.389 -0.2168 0.37186 -0.30562 
M264~b -1.1895 0.64219 -0.6618 -0.44928 1.5732 -0.21088 0.4227 -0.33547 
M056 -1.342 0.71021 -0.75584 -0.56399 1.8285 -0.24358 0.48457 -0.38549 
M069~a -0.90655 0.48854 -0.50959 -0.36848 1.2257 -0.15754 0.31898 -0.26152 
M263~b -1.3661 0.70634 -0.77707 -0.54754 1.8013 -0.25683 0.51152 -0.39348 
1(N02) -0.9196 0.48396 -0.5033 -0.35062 1.1858 -0.21016 0.29474 -0.26345 
M417~h -0.50545 0.26941 -0.2815 -0.19698 0.64043 -0.073136 0.18381 -0.14675 
M310 -1.155 0.61718 -0.66591 -0.50035 1.5652 -0.23046 0.40439 -0.35325 
M346~b -0.98436 0.49928 -0.54266 -0.3766 1.2698 -0.19162 0.381 -0.28659 
M051~a -1.0587 0.57479 -0.58874 -0.40984 1.4147 -0.15339 0.39899 -0.29131 
|M106~2+M288| -0.92385 0.48883 -0.52852 -0.37981 1.237 -0.15794 0.32685 -0.25943 
M265 -1.3796 0.73017 -0.79093 -0.56027 1.8417 -0.28482 0.54807 -0.39107 
M136~i -0.9114 0.44805 -0.50623 -0.3647 1.1977 -0.20473 0.32153 -0.28208 
[x] -0.52635 0.30774 -0.28891 -0.22512 0.71138 -0.13556 0.15677 -0.14282 
|M288+1(N01)| -1.1918 0.63399 -0.67844 -0.47885 1.5754 -0.22459 0.40151 -0.3243 
M323 -1.2107 0.65287 -0.64791 -0.499 1.5797 -0.24447 0.4473 -0.34153 
[M106] -0.32428 0.14767 -0.15264 -0.16039 0.42859 -0.073059 0.089412 -0.09302 
M247~g -0.86239 0.44798 -0.48668 -0.34391 1.1129 -0.16534 0.32697 -0.21808 
|M195+M038~a| -0.95317 0.51296 -0.53622 -0.38096 1.2742 -0.18698 0.3479 -0.25649 
M242~ab -0.80539 0.43604 -0.48521 -0.3007 1.0616 -0.13252 0.26748 -0.21892 
M009~a -1.1226 0.60719 -0.62431 -0.43325 1.4853 -0.19561 0.3989 -0.3144 
|M305+M136| -0.924 0.48697 -0.52272 -0.36701 1.2256 -0.17259 0.33681 -0.26632 
|M370+M388+M370| -0.56749 0.30818 -0.33783 -0.24337 0.76134 -0.10483 0.20826 -0.1575 
M230~a -1.0227 0.56051 -0.56492 -0.40437 1.3286 -0.217 0.38558 -0.31753 
[M206~g] -0.25872 0.10595 -0.14752 -0.10057 0.31182 -0.058427 0.061951 -0.070363 
M316~e2 -0.57023 0.29452 -0.30575 -0.20519 0.72153 -0.11205 0.21422 -0.15532 
M001~b -1.0712 0.56069 -0.58157 -0.47138 1.4182 -0.20522 0.39941 -0.31954 
M002~b -0.91691 0.50976 -0.46907 -0.37114 1.1883 -0.18028 0.36358 -0.25531 
M373~a -1.0029 0.53012 -0.54744 -0.40978 1.2941 -0.17732 0.38214 -0.26213 
M041~g -0.81823 0.4396 -0.4766 -0.37026 1.1079 -0.15631 0.30319 -0.2289 
M295 -1.2696 0.71662 -0.73068 -0.52129 1.7267 -0.26226 0.48308 -0.37648 
[M367] -0.24266 0.10855 -0.12405 -0.1053 0.33851 -0.068562 0.061343 -0.087935 
M318~a -1.2506 0.67092 -0.70822 -0.50725 1.6372 -0.23255 0.4234 -0.35437 
M346~a -0.96965 0.5021 -0.54719 -0.40779 1.2886 -0.18181 0.38281 -0.28116 
M024~1 -0.83542 0.44405 -0.49118 -0.36117 1.122 -0.16515 0.27929 -0.27296 
M269~a -1.1426 0.62488 -0.6493 -0.47752 1.5217 -0.23945 0.43663 -0.33708 
M136~b -1.1546 0.58262 -0.66314 -0.45809 1.5081 -0.2162 0.41762 -0.32851 
1(N01@b) -0.91292 0.46521 -0.49104 -0.39991 1.1906 -0.16839 0.29838 -0.26703 
[M269~a] -0.28954 0.13872 -0.14206 -0.1279 0.33804 -0.043349 0.1035 -0.10029 
M379 -1.2088 0.6021 -0.67855 -0.47389 1.5382 -0.24371 0.42637 -0.32925 
|M327+M059| -0.59524 0.34368 -0.32515 -0.25192 0.80326 -0.11571 0.21251 -0.18398 
M210~g -0.79494 0.42817 -0.43415 -0.31276 1.0463 -0.14858 0.29313 -0.22182 
M384 -1.2942 0.68209 -0.75387 -0.52501 1.707 -0.21276 0.48134 -0.39153 
M061 -1.0369 0.59735 -0.59414 -0.44536 1.3208 -0.16138 0.36773 -0.26135 
M058 -1.3621 0.72707 -0.70622 -0.56436 1.7805 -0.25578 0.47034 -0.38679 
|M370+M046+M370| -0.46456 0.26569 -0.28293 -0.20893 0.6324 -0.089385 0.19454 -0.13509 
M147~e -1.1718 0.65458 -0.6415 -0.47595 1.5581 -0.21163 0.40967 -0.3209 
|M175+M136| -1.001 0.52023 -0.54468 -0.40491 1.3346 -0.19793 0.36516 -0.30023 
M251~c -0.92302 0.50918 -0.51435 -0.3783 1.252 -0.21139 0.33414 -0.2387 
M383 -1.2714 0.65406 -0.66987 -0.51604 1.6209 -0.21051 0.43119 -0.3766 
[M309~a] -0.32543 0.19496 -0.17233 -0.1467 0.42816 -0.061228 0.070691 -0.081781 
2(N1@b) -0.79658 0.44316 -0.43632 -0.34972 1.0447 -0.14945 0.28115 -0.23184 
M261~b1 -0.97326 0.45911 -0.57609 -0.37815 1.2666 -0.18467 0.37251 -0.29193 
M367~a -1.0065 0.52532 -0.56656 -0.42468 1.3036 -0.18352 0.39253 -0.28441 
M210 -1.1657 0.64499 -0.66935 -0.47121 1.6142 -0.22746 0.41861 -0.34952 
M205~c -0.90195 0.49701 -0.52183 -0.37069 1.2019 -0.19209 0.3064 -0.24012 
M208 -1.1251 0.56261 -0.64652 -0.43562 1.4764 -0.20699 0.39656 -0.30119 
M367~i -0.8098 0.42874 -0.44466 -0.34416 1.0542 -0.17282 0.30648 -0.2454 
M311~b -0.90648 0.47548 -0.50039 -0.4049 1.1722 -0.2033 0.32872 -0.25965 
M418~c -0.38953 0.17277 -0.21067 -0.13973 0.46968 -0.070908 0.13899 -0.093398 
M210~d -0.87708 0.47548 -0.50624 -0.3502 1.1303 -0.18062 0.30821 -0.25709 
|M377+M377| -0.78778 0.44598 -0.44631 -0.33173 1.0509 -0.13796 0.28097 -0.22095 
M312 -1.0896 0.55032 -0.62859 -0.46641 1.4324 -0.2198 0.38704 -0.31101 
M075~g -0.7724 0.37574 -0.41599 -0.33306 1.0213 -0.1292 0.29192 -0.21907 
M056~e -0.99721 0.51785 -0.56121 -0.40745 1.3434 -0.18154 0.33677 -0.29836 
4(N34) -0.80748 0.43273 -0.46043 -0.36631 1.1048 -0.17941 0.26673 -0.23502 
M226~c -1.0613 0.53823 -0.58017 -0.44127 1.405 -0.21314 0.35131 -0.30737 
M047 -1.2686 0.64723 -0.72021 -0.51908 1.622 -0.24568 0.43467 -0.36433 
M103 -1.2254 0.65466 -0.66284 -0.49646 1.6195 -0.23317 0.47024 -0.35092 
M318 -1.3246 0.70282 -0.7462 -0.54064 1.6982 -0.28549 0.46946 -0.32506 
M367~g -0.81176 0.40019 -0.45362 -0.34999 1.0159 -0.18073 0.30016 -0.22022 
M080~a -0.94595 0.53563 -0.57163 -0.3886 1.2901 -0.19385 0.3695 -0.27591 
M254~c -0.98417 0.51121 -0.54465 -0.39091 1.2626 -0.18083 0.34049 -0.23599 
M057~a2 -1.0123 0.56426 -0.57062 -0.43131 1.3593 -0.16781 0.38674 -0.29753 
M206~b -1.1628 0.61296 -0.66253 -0.46154 1.5187 -0.22215 0.42935 -0.33253 
|M218+M101| -0.79299 0.4427 -0.45461 -0.30684 1.0551 -0.15064 0.29695 -0.21096 
M195~d -0.85062 0.4523 -0.47718 -0.32985 1.1284 -0.16478 0.31265 -0.19471 
M285~c -0.88078 0.49365 -0.51713 -0.35162 1.1671 -0.17169 0.3219 -0.22924 
M110~a -0.98726 0.53492 -0.56207 -0.42293 1.3294 -0.16444 0.38419 -0.29247 
2(N02) -0.74715 0.35998 -0.40699 -0.27066 0.94336 -0.1638 0.23267 -0.20893 
[M292~f] -0.27537 0.13422 -0.16018 -0.11688 0.37836 -0.048664 0.10716 -0.049521 
M263~e -1.2145 0.61676 -0.69757 -0.47119 1.5973 -0.22601 0.45181 -0.32821 
[M341~q] -0.19272 0.087706 -0.099019 -0.066049 0.23478 -0.014832 0.059115 -0.028866 
[M269~2] -0.21336 0.11927 -0.09965 -0.095912 0.24871 -0.015718 0.09742 -0.076418 
M103~3 -0.87176 0.43324 -0.47314 -0.3508 1.1603 -0.18368 0.31672 -0.23312 
M246~b -1.0189 0.55186 -0.56571 -0.3922 1.3121 -0.18052 0.3874 -0.29027 
[M102~d] -0.33344 0.18733 -0.19246 -0.10672 0.43091 -0.063485 0.10448 -0.081947 
M309~d -0.94649 0.48761 -0.52846 -0.41096 1.2194 -0.2017 0.31246 -0.26413 
M264~d -1.0771 0.57169 -0.60764 -0.43191 1.418 -0.17721 0.38977 -0.30841 
M149~a1 -0.84577 0.45303 -0.45082 -0.31909 1.1125 -0.13138 0.33482 -0.21589 
M269 -1.3663 0.71722 -0.798 -0.54757 1.8347 -0.2924 0.53734 -0.41227 
M317~a -1.0186 0.55221 -0.56986 -0.3965 1.3422 -0.17288 0.3828 -0.29755 
[... -0.71685 0.37979 -0.39079 -0.26271 0.91733 -0.1127 0.21979 -0.1707 
M057~a4 -1.0388 0.55789 -0.58817 -0.43715 1.3471 -0.16844 0.39769 -0.31995 
M115~a -0.95509 0.50688 -0.54668 -0.38013 1.275 -0.18002 0.35269 -0.28739 
M003~c -0.94896 0.52561 -0.53886 -0.41772 1.2732 -0.163 0.34718 -0.27174 
|M153+X| -0.74892 0.40814 -0.41437 -0.31884 1.0025 -0.14293 0.27716 -0.21136 
M146~d -0.87589 0.46054 -0.46331 -0.34956 1.1392 -0.1702 0.32027 -0.26296 
M281~c -1.0684 0.57987 -0.57972 -0.44818 1.4074 -0.20886 0.36817 -0.31806 
M288~i -1.1073 0.57976 -0.63434 -0.45066 1.4745 -0.22053 0.38295 -0.29942 
|M175+M175| -0.80708 0.41936 -0.43076 -0.32279 1.0629 -0.13875 0.26856 -0.23274 
M180 -0.87965 0.43832 -0.50942 -0.33878 1.1868 -0.15378 0.27713 -0.26452 
M075~m -0.83154 0.40366 -0.42584 -0.33955 1.0609 -0.12701 0.30893 -0.23749 
|M036+1(N39C)| -0.98357 0.53596 -0.55741 -0.40151 1.2917 -0.20424 0.34016 -0.27193 
M075~o -0.74328 0.3721 -0.3828 -0.31493 0.96466 -0.12733 0.275 -0.20254 
M096~d -0.97782 0.52625 -0.55786 -0.40225 1.2789 -0.18621 0.35114 -0.283 
M193 -0.95381 0.5297 -0.47046 -0.35728 1.2339 -0.16617 0.31 -0.26853 
[M297] -0.26258 0.1183 -0.11628 -0.12077 0.32948 -0.051884 0.079375 -0.073975 
M246 -1.2409 0.68446 -0.72257 -0.48371 1.6717 -0.24423 0.46896 -0.34823 
M010~1 -0.85213 0.46501 -0.49215 -0.3601 1.1364 -0.1613 0.31618 -0.22801 
M294~a -1.0533 0.5725 -0.62565 -0.40953 1.4238 -0.21733 0.3961 -0.32698 
M298 -1.2093 0.63709 -0.71787 -0.4921 1.6001 -0.22097 0.44714 -0.34043 
M049~d -1.0231 0.55685 -0.58898 -0.44558 1.3803 -0.21083 0.35703 -0.28282 
M309 -1.2029 0.61899 -0.65016 -0.49781 1.564 -0.2176 0.40163 -0.32829 
M362] -0.99408 0.54987 -0.54901 -0.4259 1.3091 -0.19328 0.39948 -0.27001 
M110~b -1.0125 0.56553 -0.54912 -0.419 1.3512 -0.16659 0.39692 -0.29326 
M006@g -0.67119 0.3492 -0.3768 -0.30405 0.91653 -0.11644 0.25568 -0.20419 
M376~b -0.97297 0.49168 -0.50338 -0.40924 1.2662 -0.20425 0.35561 -0.26517 
6(N34) -0.74844 0.39175 -0.42002 -0.32953 1.0195 -0.15839 0.27946 -0.22367 
1(N48) -0.791 0.45276 -0.42266 -0.33178 1.0763 -0.17655 0.24664 -0.20531 
M038~b1 -0.98976 0.49983 -0.56434 -0.39873 1.3278 -0.18315 0.35056 -0.28442 
|M260~2+1(N24)| -0.79176 0.43158 -0.45702 -0.3143 1.0433 -0.15592 0.29518 -0.23991 
3(N23) -0.77118 0.41207 -0.47036 -0.31128 1.0505 -0.13834 0.27668 -0.18983 
|M260~1+1(N24)| -0.80788 0.43907 -0.46356 -0.33361 1.0714 -0.16494 0.28661 -0.2349 
M128~d -1.0037 0.48894 -0.56387 -0.38197 1.3101 -0.20261 0.34829 -0.26365 
M243 -1.262 0.69298 -0.71344 -0.55082 1.6916 -0.23078 0.44505 -0.34259 
M379~c -0.8151 0.4142 -0.45661 -0.35978 1.0699 -0.1565 0.27465 -0.25386 
M356 -1.1738 0.61091 -0.62416 -0.50183 1.51 -0.20194 0.40226 -0.31371 
M346~d -0.89869 0.4526 -0.50182 -0.34412 1.1493 -0.17609 0.32783 -0.2646 
M038~a2 -0.92469 0.50121 -0.52651 -0.39836 1.2228 -0.18503 0.34736 -0.27508 
|M218~d+M288| -0.93452 0.51449 -0.53621 -0.38079 1.25 -0.16883 0.32357 -0.26626 
[M102~e] -0.34305 0.15858 -0.1739 -0.12044 0.43352 -0.055793 0.099779 -0.08404 
M112 -1.0302 0.49688 -0.56194 -0.41232 1.3595 -0.19894 0.38084 -0.31388 
M010~6 -0.77113 0.43776 -0.44949 -0.32342 1.0207 -0.15661 0.28243 -0.20876 
M143 -1.1943 0.62128 -0.62667 -0.45385 1.5316 -0.23436 0.45576 -0.34952 
M158~h -0.80804 0.40369 -0.44371 -0.32208 1.0441 -0.18629 0.30397 -0.23619 
M048~e -1.1088 0.58472 -0.63805 -0.44809 1.4697 -0.22718 0.37305 -0.32529 
M131~k -0.83035 0.44271 -0.45995 -0.32781 1.0707 -0.15263 0.28441 -0.21641 
M342 -1.1376 0.58308 -0.64981 -0.43983 1.5047 -0.24115 0.39605 -0.31428 
|M218+X| -1.0345 0.58462 -0.57949 -0.42619 1.3651 -0.18021 0.35525 -0.2523 
M252~q -0.71616 0.38707 -0.40741 -0.30795 0.94869 -0.13899 0.27442 -0.23791 
M209~d -0.95382 0.49856 -0.55233 -0.37049 1.253 -0.18449 0.34137 -0.2453 
M243~e -0.94645 0.51735 -0.56677 -0.36612 1.2564 -0.15757 0.33398 -0.26849 
M324~d -0.87457 0.45667 -0.4511 -0.38692 1.1469 -0.15655 0.29529 -0.25833 
M292~i -0.98429 0.51585 -0.56261 -0.38755 1.3084 -0.19669 0.37694 -0.32683 
M352~s -0.92974 0.48777 -0.49171 -0.3705 1.1937 -0.16488 0.33506 -0.23245 
|M260+1(N24)| -0.85526 0.47276 -0.49289 -0.34849 1.145 -0.1762 0.30306 -0.26195 
M048~i -1.0924 0.57434 -0.6344 -0.44524 1.424 -0.24403 0.38669 -0.34212 
M244 -1.2319 0.64372 -0.67203 -0.48492 1.58 -0.21891 0.4271 -0.36309 
2(N30D) -0.90179 0.48737 -0.48614 -0.39207 1.1877 -0.18612 0.30771 -0.20316 
M038~i -1.1191 0.5876 -0.65502 -0.46391 1.4979 -0.21315 0.41829 -0.3331 
M158 -1.0454 0.54493 -0.6325 -0.42086 1.347 -0.21827 0.34177 -0.26437 
M418~b -0.55379 0.29741 -0.2644 -0.20159 0.69938 -0.078651 0.17135 -0.1473 
1(N30D@b) -0.89752 0.47239 -0.48244 -0.38109 1.1926 -0.18981 0.30357 -0.23517 
M352~c -1.0321 0.52394 -0.5592 -0.4352 1.3235 -0.19471 0.36695 -0.28037 
M359 -1.1439 0.59075 -0.60046 -0.47511 1.4593 -0.1833 0.41358 -0.32183 
M292~c -1.1214 0.60456 -0.63348 -0.46662 1.501 -0.23438 0.41276 -0.33981 
|M195+M038| -1.0894 0.5734 -0.60763 -0.43513 1.4392 -0.20567 0.39553 -0.28738 
|M305+M320| -0.9224 0.49504 -0.52528 -0.37872 1.2059 -0.17563 0.32386 -0.27146 
M288~d -1.2307 0.67714 -0.68477 -0.52024 1.6012 -0.23927 0.42174 -0.33399 
M206~fa -0.78757 0.41005 -0.44835 -0.30467 1.0241 -0.1587 0.28505 -0.19766 
M319~c -0.79863 0.42813 -0.46915 -0.35637 1.0614 -0.14227 0.28537 -0.21504 
M123~b -0.97477 0.52645 -0.51715 -0.35044 1.2424 -0.17895 0.34127 -0.25959 
M075~k -0.77322 0.38424 -0.42966 -0.35011 1.0273 -0.13035 0.2775 -0.23754 
M037 -1.2588 0.65592 -0.71021 -0.5285 1.6269 -0.27063 0.42126 -0.35982 
|M175+M153| -0.82726 0.41926 -0.44964 -0.33456 1.076 -0.15905 0.29136 -0.23815 
M176 -0.85977 0.44478 -0.46364 -0.35102 1.1758 -0.19287 0.29114 -0.26912 
M136~a -1.1047 0.57219 -0.63371 -0.44132 1.517 -0.21435 0.41859 -0.33393 
M126 -1.0287 0.49092 -0.47711 -0.39918 1.3001 -0.18438 0.34777 -0.27653 
M277 -0.94925 0.53115 -0.55844 -0.42217 1.3191 -0.21965 0.3504 -0.27546 
M387~h -1.2122 0.62761 -0.67505 -0.47893 1.5671 -0.20684 0.40015 -0.34716 
n(N01) -0.93942 0.47065 -0.50528 -0.43097 1.1893 -0.16198 0.26795 -0.23031 
M207~m -0.70378 0.36969 -0.41763 -0.29369 0.91785 -0.13259 0.26121 -0.17386 
M105 -1.1379 0.60013 -0.59251 -0.43491 1.4673 -0.23565 0.37372 -0.31496 
M264~a1 -0.8999 0.47985 -0.51146 -0.35996 1.2203 -0.16791 0.34836 -0.26408 
M024~a1 -0.72895 0.3833 -0.41484 -0.31513 0.96856 -0.15147 0.25044 -0.23658 
M103~2 -0.89939 0.45642 -0.47949 -0.37259 1.1668 -0.17941 0.32964 -0.23748 
M059~d -0.98473 0.50942 -0.54512 -0.40481 1.2987 -0.18371 0.33876 -0.28755 
M016 -0.97534 0.54113 -0.60193 -0.43454 1.3208 -0.17542 0.354 -0.25816 
M136~q -0.84716 0.44553 -0.50013 -0.37324 1.114 -0.1835 0.32536 -0.24691 
|M305+M009| -0.90965 0.49261 -0.5158 -0.36209 1.1911 -0.16227 0.32867 -0.27035 
M111 -1.0624 0.59085 -0.59686 -0.39454 1.4478 -0.2043 0.38096 -0.28635 
|M351+X| -0.75627 0.43299 -0.42988 -0.31914 0.99923 -0.13477 0.26224 -0.19041 
M321 -1.1495 0.61717 -0.61067 -0.52233 1.5225 -0.19942 0.4041 -0.33236 
M248~a -1.1414 0.59682 -0.63907 -0.46281 1.4574 -0.20632 0.39816 -0.31318 
|M157+M288| -0.95097 0.51197 -0.55758 -0.40215 1.2983 -0.17785 0.33822 -0.26423 
M145~bb -0.74182 0.34947 -0.39249 -0.27207 0.93192 -0.14658 0.25061 -0.1848 
M086 -1.0377 0.52745 -0.56293 -0.41594 1.3434 -0.19392 0.37179 -0.29507 
5(N23) -0.67828 0.34816 -0.38287 -0.29846 0.8878 -0.13286 0.23856 -0.16067 
M383~e -0.88233 0.44893 -0.47681 -0.34302 1.1432 -0.1495 0.2962 -0.26093 
M271~ca -0.67592 0.38185 -0.39032 -0.26141 0.90665 -0.15112 0.22955 -0.18815 
|M054+M365+M054~i| -0.57149 0.3204 -0.32665 -0.24567 0.76596 -0.11897 0.20214 -0.1496 
M370~c -0.81884 0.40761 -0.46287 -0.38226 1.1236 -0.15793 0.33497 -0.2259 
|M351+3(N01)| -0.81545 0.43994 -0.46191 -0.34101 1.0604 -0.13984 0.2801 -0.21858 
[2(N01)] -0.68063 0.36394 -0.37401 -0.30385 0.86847 -0.12173 0.23405 -0.17938 
M301~a -0.99832 0.52116 -0.53799 -0.39354 1.3047 -0.17264 0.36245 -0.29773 
M150~a -0.93087 0.51491 -0.50388 -0.39618 1.2271 -0.18662 0.3418 -0.27773 
M247~a -1.0657 0.57072 -0.60691 -0.42243 1.4171 -0.1721 0.40295 -0.28645 
M242~d -1.0779 0.57477 -0.61798 -0.4175 1.4348 -0.18507 0.37342 -0.27494 
M136~r -0.91514 0.47118 -0.51888 -0.36161 1.1854 -0.19204 0.34076 -0.2902 
M039~a -1.0595 0.54328 -0.59999 -0.44361 1.4045 -0.18698 0.37139 -0.30902 
M295~e -0.96518 0.53864 -0.51623 -0.35669 1.2618 -0.18919 0.35223 -0.27294 
M054~c -0.99677 0.57238 -0.58553 -0.40949 1.3445 -0.18611 0.37323 -0.28453 
M052~a -1.0015 0.53094 -0.56437 -0.44363 1.3178 -0.1789 0.35421 -0.30562 
M293~a -0.97835 0.56199 -0.55885 -0.38686 1.3177 -0.19066 0.38549 -0.29377 
M102~da -0.79464 0.40269 -0.44816 -0.28127 1.0349 -0.14167 0.25752 -0.21202 
M073~a -0.98151 0.55126 -0.56674 -0.39275 1.311 -0.17813 0.38409 -0.28647 
M125~a -0.94106 0.49255 -0.51922 -0.38361 1.1997 -0.17702 0.33411 -0.22852 
M224 -1.2006 0.63154 -0.70138 -0.54014 1.6034 -0.22987 0.43245 -0.35048 
M367~e -0.94503 0.49513 -0.52167 -0.38134 1.2489 -0.17493 0.33368 -0.2629 
M064~a -0.90267 0.51307 -0.53154 -0.37747 1.2168 -0.14567 0.33545 -0.29717 
M248 -1.3237 0.67923 -0.72964 -0.53455 1.6726 -0.22661 0.46435 -0.36252 
M097~f -0.89646 0.48773 -0.53048 -0.36944 1.199 -0.18043 0.3126 -0.25457 
2(N14@b) -0.79471 0.44545 -0.44062 -0.33712 1.0872 -0.13802 0.25158 -0.21543 
M041~j -0.83707 0.40468 -0.44819 -0.34814 1.0748 -0.15851 0.29688 -0.23728 
M325~e -0.99346 0.52531 -0.56598 -0.41943 1.3366 -0.14834 0.33159 -0.26251 
M417~f -0.374 0.19023 -0.22574 -0.16174 0.4656 -0.043575 0.12341 -0.11176 
M323~i -0.77154 0.41632 -0.4199 -0.34879 1.0121 -0.14004 0.28719 -0.23365 
M096~1 -0.87291 0.48503 -0.50204 -0.32626 1.1365 -0.16433 0.30021 -0.27105 
M080~b -0.97231 0.54553 -0.56957 -0.40345 1.3201 -0.17119 0.37306 -0.27844 
M318~a3 -0.84339 0.45179 -0.47112 -0.34967 1.0966 -0.18365 0.28648 -0.22312 
M386 -1.4417 0.72539 -0.74905 -0.57626 1.8804 -0.24487 0.48165 -0.40927 
M206~f -1.0089 0.50824 -0.57072 -0.38414 1.3059 -0.19521 0.35269 -0.2643 
M180~b -0.88657 0.47905 -0.48672 -0.34795 1.1853 -0.15451 0.33447 -0.25244 
M293~b -1.0093 0.55492 -0.57917 -0.41551 1.312 -0.17728 0.38542 -0.29645 
M361~a -0.90839 0.49658 -0.52562 -0.35171 1.1921 -0.15019 0.34453 -0.23402 
M038~b -1.3285 0.7105 -0.73399 -0.54287 1.7867 -0.27974 0.49906 -0.40874 
M147~d -1.0008 0.53527 -0.53106 -0.39793 1.3059 -0.1924 0.37471 -0.2512 
M371~a -1.0075 0.54272 -0.54996 -0.39324 1.3207 -0.16474 0.35307 -0.24893 
|M157+X| -0.77752 0.42578 -0.44913 -0.3202 1.0448 -0.14744 0.27527 -0.20367 
M321~b -0.94289 0.53009 -0.53044 -0.38061 1.265 -0.17676 0.33556 -0.24619 
M039~c -0.89046 0.44412 -0.47741 -0.41299 1.1999 -0.1621 0.30304 -0.26287 
M278 -0.96286 0.51464 -0.55197 -0.4136 1.2612 -0.1761 0.35922 -0.24165 
M251 -1.1883 0.63402 -0.67201 -0.47584 1.644 -0.22042 0.45013 -0.31056 
