417 8
</s> -0.0047577 1.0708 -1.2775 -0.3088 0.025044 0.93673 0.76766 -0.32322 
... 0.14463 0.68701 -0.82045 -0.156 0.0096698 0.63594 0.43196 -0.23174 
X 0.099026 0.51117 -0.55608 -0.21336 -0.0026716 0.4741 0.37766 -0.21815 
M288 0.14419 1.2212 -1.561 -0.39372 -0.049098 1.1975 0.9112 -0.44297 
M388 0.15165 1.2875 -1.6459 -0.39017 -0.072798 1.2577 0.93706 -0.42206 
M218 0.16937 1.1598 -1.4308 -0.29207 -0.075383 1.0661 0.79739 -0.42421 
M371 0.079216 1.032 -1.3059 -0.28889 -0.02366 0.98067 0.76311 -0.37987 
M124 0.069083 0.71698 -0.84217 -0.2383 -0.031909 0.73591 0.5149 -0.1873 
M297 0.098414 0.96448 -1.1967 -0.31027 0.026936 0.92479 0.62887 -0.30314 
M054 0.10994 0.95032 -1.1686 -0.26277 -0.066573 0.93269 0.67568 -0.32229 
M346 0.1112 0.85669 -1.0638 -0.25917 -0.067371 0.81363 0.5776 -0.28174 
M387 0.13866 1.2138 -1.5 -0.36749 -0.057476 1.1737 0.89083 -0.39672 
M066 0.082711 0.95417 -1.2205 -0.2949 -0.030156 0.91366 0.75351 -0.2987 
M157 0.05967 0.5414 -0.69889 -0.19757 -0.003435 0.50359 0.38262 -0.17358 
M009 0.077454 0.91696 -1.1647 -0.24927 -0.062408 0.89437 0.66169 -0.29374 
M096 0.073088 0.96645 -1.2074 -0.27765 -0.088518 0.93308 0.71414 -0.33468 
M376 0.070774 0.86533 -1.0809 -0.25733 -0.022684 0.81679 0.60941 -0.30584 
M263 0.1079 1.2408 -1.4937 -0.38018 -0.059315 1.1668 0.89394 -0.42925 
M001 0.091935 0.87634 -1.0951 -0.26028 -0.026198 0.86551 0.6484 -0.28275 
M305 0.11751 0.81669 -1.0542 -0.1984 -0.04858 0.83911 0.58414 -0.25199 
M036 0.10704 0.94985 -1.0876 -0.21593 -0.060288 0.84251 0.65062 -0.3194 
M032 0.068189 0.90577 -1.1007 -0.24518 -0.026153 0.85704 0.6742 -0.27922 
M370 0.070782 0.80572 -1.0335 -0.23882 -0.010481 0.77081 0.59188 -0.31149 
M004 0.097653 0.97379 -1.1783 -0.27905 -0.047559 0.90273 0.68806 -0.34499 
M354 0.10711 0.77154 -0.91394 -0.19944 -0.02596 0.7525 0.4965 -0.22901 
M367 0.10772 0.70205 -0.86688 -0.24934 -0.024026 0.66602 0.53501 -0.29094 
M003~B 0.079596 0.706 -0.87131 -0.1846 -0.017231 0.64385 0.4984 -0.21313 
M157~A 0.058225 0.554 -0.68267 -0.16822 -0.012109 0.51296 0.40986 -0.15042 
|M036+N30D| 0.018113 0.26293 -0.29419 -0.064391 -0.0083399 0.26137 0.19289 -0.089613 
M057 0.1559 1.0716 -1.3974 -0.33513 -0.059705 1.0198 0.82459 -0.34344 
M072 0.041768 0.65655 -0.81495 -0.19131 -0.019983 0.64093 0.48187 -0.19919 
M219 0.11534 0.93091 -1.1618 -0.21821 0.00085831 0.86521 0.63715 -0.29752 
M347 0.099856 0.90164 -1.1404 -0.24394 -0.018697 0.88487 0.62631 -0.23929 
M297~B 0.08359 0.70327 -0.86581 -0.20718 0.012905 0.667 0.45368 -0.23248 
M259 0.055644 0.83794 -1.0646 -0.25926 -0.025801 0.80504 0.64157 -0.31899 
M059 0.10708 0.87374 -1.1274 -0.26185 -0.052401 0.85802 0.68639 -0.28722 
M056~F 0.052468 0.58034 -0.73607 -0.15724 -0.0050759 0.57901 0.42621 -0.19265 
M386~A 0.088629 0.89274 -1.0822 -0.27032 -0.048137 0.86242 0.64502 -0.30446 
M373 0.080594 0.86392 -1.1125 -0.25122 -0.022049 0.81488 0.63682 -0.30831 
M263~A 0.069875 1.0282 -1.2472 -0.30002 -0.047446 0.96937 0.74892 -0.3279 
M387~C 0.13215 0.96464 -1.1677 -0.28751 -0.032676 0.92716 0.68601 -0.31676 
M153 0.040424 0.57758 -0.72085 -0.21442 -0.021921 0.53634 0.42071 -0.16078 
M377~E 0.092368 0.76013 -0.97062 -0.23929 -0.014368 0.70673 0.55294 -0.27654 
M387~EF 0.071019 0.76684 -0.91619 -0.25092 -0.040924 0.73743 0.56347 -0.26474 
M377 0.088294 0.94001 -1.1569 -0.29854 -0.04284 0.89851 0.68598 -0.35204 
M387~A 0.10393 1.0362 -1.258 -0.32007 -0.057419 0.98747 0.78141 -0.33246 
M101 0.072907 0.63016 -0.73524 -0.18631 -0.017147 0.6107 0.47254 -0.19198 
M365 0.088059 0.75331 -0.85209 -0.21278 -0.018324 0.67506 0.52528 -0.25713 
M005~A 0.058265 0.66694 -0.81563 -0.17626 -0.0389 0.63196 0.51482 -0.19152 
M304 0.082779 0.75126 -0.97626 -0.20627 -0.032188 0.7363 0.54502 -0.24825 
M317 0.060393 0.84453 -1.0803 -0.25562 -0.033339 0.83536 0.62763 -0.31119 
M320 0.058075 0.89352 -1.1129 -0.24678 -0.04851 0.86866 0.62382 -0.29054 
M240 0.085464 0.95507 -1.1635 -0.26596 -0.022463 0.90557 0.68672 -0.31391 
M024 0.066661 0.89898 -1.0659 -0.23092 -0.036051 0.81539 0.65236 -0.28256 
M263~1 0.067356 0.88044 -1.0466 -0.25289 -0.048787 0.83612 0.62651 -0.31168 
M006 0.071997 0.81122 -0.98649 -0.22523 -0.023237 0.73466 0.58648 -0.25386 
M097~H 0.038889 0.56502 -0.68888 -0.15361 -0.036459 0.51322 0.40232 -0.17682 
M348 0.078684 0.86776 -1.0675 -0.21633 -0.065945 0.77775 0.59181 -0.28248 
M262 0.082614 1.0573 -1.3 -0.30144 -0.052842 1.0039 0.74412 -0.34075 
|M136+M365| 0.032941 0.34175 -0.40282 -0.091529 0.0012557 0.32702 0.23874 -0.10478 
M387~L 0.081292 0.81913 -0.9922 -0.26086 -0.041138 0.80351 0.59498 -0.27125 
M010~2 0.057009 0.43725 -0.5857 -0.1444 -0.016772 0.42508 0.31916 -0.1469 
M066~A 0.069927 0.72906 -0.90059 -0.23107 -0.031221 0.70283 0.57314 -0.2348 
M146 0.077294 0.74519 -0.88585 -0.22983 -0.03255 0.68039 0.50045 -0.24525 
M057~A 0.10283 0.92875 -1.2156 -0.27538 -0.057421 0.91128 0.73309 -0.28657 
M352~O 0.044089 0.53751 -0.68612 -0.14552 -0.038257 0.51943 0.36465 -0.20038 
M081 0.036828 0.69283 -0.90385 -0.20123 -0.043085 0.64302 0.54349 -0.25819 
M352~N 0.050231 0.60697 -0.73071 -0.13705 -0.0287 0.55448 0.37806 -0.20177 
M260 0.097228 0.9842 -1.1908 -0.25762 -0.0082184 0.94233 0.69557 -0.33982 
M099 0.052851 0.83064 -1.0303 -0.2544 -0.017278 0.77474 0.60476 -0.2744 
M033 0.064207 0.90434 -1.1008 -0.23778 -0.05325 0.87411 0.65028 -0.30309 
M002 0.05754 0.8089 -0.95067 -0.23806 -0.04907 0.72846 0.60835 -0.25131 
M139 0.089683 0.84328 -1.04 -0.25085 -0.035444 0.80869 0.60557 -0.28911 
M329 0.081854 0.79415 -1.0051 -0.23425 -0.0295 0.75251 0.5816 -0.26513 
M309~A 0.053508 0.61584 -0.76595 -0.17287 -0.031952 0.60774 0.46208 -0.18768 
M263~B1 0.061482 0.72058 -0.89131 -0.22948 -0.02195 0.71118 0.53326 -0.22421 
|M327+M342| 0.019064 0.25017 -0.3411 -0.075019 -0.034772 0.24457 0.16377 -0.080741 
M203~C 0.068078 0.51809 -0.64847 -0.12535 -0.022674 0.52347 0.37618 -0.19361 
M314 0.097908 0.84585 -1.087 -0.23898 -0.042119 0.81617 0.61624 -0.27405 
M046 0.067712 0.69796 -0.91637 -0.20284 -0.011819 0.67279 0.52528 -0.24152 
M149~A 0.057127 0.64089 -0.76556 -0.1943 3.6143e-05 0.60173 0.47897 -0.18276 
M206~D 0.054377 0.53269 -0.68702 -0.1245 -0.030371 0.53362 0.39262 -0.17673 
M206~G 0.036211 0.44747 -0.58741 -0.12723 -0.022824 0.46502 0.31308 -0.15111 
M390 0.096028 0.74426 -0.91653 -0.20158 -0.027089 0.71626 0.56279 -0.25156 
M106~A 0.026619 0.52796 -0.61822 -0.1809 -0.028031 0.48161 0.39702 -0.18329 
M362 0.04923 0.72263 -0.84773 -0.2056 -0.044661 0.70645 0.51961 -0.25915 
M106 0.051208 0.57498 -0.68826 -0.19184 -0.011039 0.52761 0.40771 -0.21354 
M391 0.11737 0.65955 -0.78951 -0.21384 -0.011128 0.63577 0.49116 -0.2171 
M175 0.071749 0.55993 -0.73124 -0.18889 -0.00060787 0.56936 0.42573 -0.20758 
|M195+M057| 0.066756 0.56471 -0.70508 -0.15347 -0.031761 0.52387 0.39897 -0.18104 
M372 0.070257 0.90267 -1.1298 -0.28231 -0.046573 0.84831 0.6349 -0.28958 
M341 0.070288 0.76425 -0.92314 -0.19549 -0.077096 0.7249 0.48143 -0.17415 
M296 0.09207 0.93283 -1.1584 -0.27591 -0.037926 0.89921 0.6581 -0.2836 
M327 0.065824 0.78208 -0.98102 -0.23589 -0.034445 0.74168 0.57273 -0.25039 
M203~A 0.090216 0.62104 -0.77174 -0.1567 -0.023462 0.58419 0.44637 -0.18877 
M102~E 0.026718 0.38905 -0.50166 -0.11891 0.00068104 0.3528 0.30342 -0.13464 
|M351+N14| 0.032137 0.23339 -0.30273 -0.053243 -0.0051497 0.2186 0.17755 -0.086859 
M266~B 0.065741 0.76756 -0.941 -0.23651 -0.021758 0.74226 0.53259 -0.2448 
M380 0.11318 1.0161 -1.2402 -0.28033 -0.02651 0.99461 0.73809 -0.33156 
|M296+M296| 0.0050272 0.36355 -0.42128 -0.10321 -0.030017 0.34158 0.25418 -0.12585 
M223 0.10875 0.87931 -1.1172 -0.24834 -0.016374 0.85445 0.61271 -0.29024 
M217 0.084848 0.89659 -1.1588 -0.26198 -0.04518 0.86567 0.64773 -0.30722 
M325 0.079948 0.85937 -1.0153 -0.20982 -0.035913 0.82052 0.60963 -0.26121 
M254~A 0.051095 0.66062 -0.81615 -0.21306 -0.011649 0.61489 0.45474 -0.2178 
M260~1 0.086218 0.66622 -0.83763 -0.17771 -0.040082 0.63709 0.47892 -0.21335 
M048~C 0.062095 0.60938 -0.77878 -0.15882 -0.03346 0.60804 0.45874 -0.20644 
M054~I 0.040045 0.61289 -0.75351 -0.16259 -0.025412 0.5936 0.42535 -0.16144 
M338~B 0.067987 0.64333 -0.75952 -0.16516 -0.035512 0.60184 0.46075 -0.22421 
M340 0.058915 0.7725 -0.94042 -0.22567 -0.069403 0.71454 0.53455 -0.2535 
|M218+M288| 0.070967 0.60716 -0.75054 -0.16556 -0.04644 0.56816 0.41863 -0.19715 
M374~C 0.065565 0.59706 -0.75865 -0.16166 0.0069312 0.55967 0.42768 -0.20725 
M269~B 0.056819 0.67444 -0.8289 -0.19608 -0.0093824 0.63963 0.48249 -0.22459 
M111~A 0.043869 0.60531 -0.71504 -0.19509 -0.019027 0.56543 0.44038 -0.1713 
M242~B 0.088039 0.70488 -0.86863 -0.20657 -0.0026189 0.69495 0.51842 -0.23852 
M262~1 0.042343 0.65708 -0.83925 -0.18948 -0.034369 0.63627 0.47488 -0.23861 
M301 0.071392 0.78916 -1.0217 -0.24811 -0.058684 0.81555 0.60142 -0.26405 
|M131+M388| 0.041664 0.48356 -0.61738 -0.13308 -0.010025 0.44171 0.33558 -0.13811 
M057~B 0.096749 0.84439 -1.0843 -0.23103 -0.037707 0.83096 0.63595 -0.27822 
M264~A 0.076646 0.78398 -0.95934 -0.22328 -0.035187 0.73641 0.5198 -0.25092 
|M305+M342| 0.046376 0.3314 -0.43926 -0.090169 -0.019044 0.33615 0.25151 -0.11801 
M048~D 0.07932 0.71619 -0.91138 -0.21305 -0.065495 0.68681 0.50291 -0.22568 
M122 0.043646 0.62348 -0.73274 -0.16663 -0.032358 0.61623 0.45218 -0.18086 
M332~D 0.047962 0.49862 -0.63332 -0.16458 -0.022637 0.47514 0.36966 -0.17208 
|M305+X| 0.04834 0.35968 -0.47036 -0.068981 -0.0029762 0.34079 0.27153 -0.11079 
M243~J 0.044271 0.42247 -0.59213 -0.1284 -0.0055559 0.45352 0.31501 -0.17362 
M131 0.048831 0.65647 -0.81822 -0.18275 -0.04459 0.6381 0.48069 -0.24094 
|M106+M288| 0.051217 0.50693 -0.63648 -0.14177 -0.041143 0.48054 0.36672 -0.17146 
M102~D 0.052068 0.44211 -0.5645 -0.12838 -0.034938 0.40225 0.32202 -0.14746 
M380~B 0.081057 0.7684 -0.96463 -0.21923 -0.04963 0.75971 0.56445 -0.28929 
|M153+M342| 0.010826 0.28797 -0.37183 -0.09012 -0.012753 0.28801 0.2092 -0.1139 
M038~BX 0.0397 0.62483 -0.77701 -0.15302 -0.009361 0.58774 0.4257 -0.21613 
M195 0.01316 0.59165 -0.67583 -0.19266 0.0029767 0.57262 0.43263 -0.20249 
M220 0.062635 0.75683 -0.98772 -0.22882 -0.015398 0.75606 0.58526 -0.2274 
M145 0.063637 0.70341 -0.85374 -0.19461 -0.041644 0.68128 0.51199 -0.22186 
M292~F 0.046015 0.64212 -0.78915 -0.18661 -0.036122 0.6111 0.41371 -0.23556 
M269~A 0.068578 0.72868 -0.88966 -0.22052 -0.024505 0.7077 0.5042 -0.2312 
M105~A 0.035203 0.52614 -0.6183 -0.14736 -0.03856 0.48493 0.38422 -0.17158 
|M327+X| 0.023449 0.28701 -0.35525 -0.069271 -0.0083003 0.29268 0.20725 -0.083805 
M128 0.060344 0.67426 -0.76589 -0.18979 -0.033694 0.65339 0.47236 -0.20645 
|M036+N14| 0.038501 0.30113 -0.34745 -0.07581 -0.011439 0.29334 0.21566 -0.09107 
M387~CA 0.11118 0.76391 -0.91494 -0.23459 -0.03315 0.73184 0.54354 -0.26237 
M038~E 0.052385 0.75637 -0.91223 -0.19014 -0.024907 0.73276 0.5368 -0.27543 
M250~BA 0.031563 0.51116 -0.66617 -0.16373 -0.0075019 0.50954 0.38156 -0.16721 
M109 0.071815 0.6199 -0.75693 -0.1813 -0.055386 0.5737 0.42823 -0.18967 
|M136+X| 0.038739 0.36575 -0.45102 -0.10433 -0.00066825 0.35792 0.2718 -0.12431 
M387~EE 0.10809 0.73385 -0.90745 -0.23387 -0.043719 0.71485 0.5392 -0.25569 
M005 0.055885 0.79358 -0.99518 -0.21447 -0.020583 0.78717 0.58156 -0.24166 
M318~A1 0.081048 0.58838 -0.72245 -0.17541 0.0025717 0.53634 0.42502 -0.18264 
M286 0.10191 0.87555 -1.0116 -0.24752 -0.031187 0.78989 0.6214 -0.26322 
M125 0.073582 0.67763 -0.76838 -0.18576 -0.017654 0.64258 0.45588 -0.19525 
M265~F 0.058089 0.57412 -0.75752 -0.17638 -0.0061272 0.58439 0.40613 -0.19659 
|M370~B+M072| 0.023993 0.15032 -0.20846 -0.025193 -0.0037976 0.14233 0.10473 -0.058049 
M029~B 0.088813 0.609 -0.79833 -0.17435 -0.042797 0.58605 0.46945 -0.20529 
M041 0.067272 0.74497 -0.89116 -0.18856 -0.050142 0.69876 0.51566 -0.23415 
M218~B 0.10918 0.80138 -0.99574 -0.21634 -0.038071 0.76778 0.5714 -0.28818 
M292 0.060396 0.94367 -1.1938 -0.3063 -0.012096 0.91023 0.65452 -0.32796 
M145~A 0.047392 0.65614 -0.79532 -0.21819 -0.035212 0.6098 0.46559 -0.21368 
M291 0.07109 0.78537 -1.0096 -0.24854 -0.012995 0.82114 0.57599 -0.26525 
M338 0.046988 0.78114 -0.93553 -0.21252 -0.037422 0.69757 0.57056 -0.22671 
M048~K 0.083544 0.61736 -0.76345 -0.18777 -0.036131 0.62779 0.42252 -0.21785 
M327~P 0.043068 0.44819 -0.57809 -0.12934 -0.0071838 0.45084 0.30572 -0.12502 
M319 0.086282 0.87272 -1.1145 -0.28497 -0.067555 0.82453 0.60545 -0.2983 
|M377+M320+M377| 0.037627 0.25098 -0.31208 -0.067309 -0.013306 0.23814 0.15988 -0.094902 
M328~B 0.059599 0.67761 -0.80453 -0.19201 -0.024471 0.62098 0.50018 -0.23098 
M147 0.062004 0.91969 -1.14 -0.26001 -0.029283 0.90544 0.65847 -0.31778 
M136~C 0.06239 0.52276 -0.61223 -0.16177 -0.01564 0.49116 0.35687 -0.18837 
|M370~B+M388| 0.037496 0.29892 -0.38204 -0.068351 -0.0077807 0.2599 0.22637 -0.096751 
M369 0.040418 0.66234 -0.79471 -0.17897 -0.0049046 0.6322 0.4597 -0.2281 
M362~A 0.039498 0.54047 -0.68094 -0.1695 -0.022541 0.50058 0.39875 -0.20746 
M131~E 0.049933 0.45477 -0.59005 -0.15625 -0.013261 0.45891 0.32196 -0.14857 
M367~C 0.043658 0.50796 -0.61848 -0.13994 -0.0098479 0.46793 0.34904 -0.15167 
M230 0.051707 0.69283 -0.90279 -0.17924 -0.015711 0.66927 0.46247 -0.23574 
M315 0.10365 0.82666 -1.0526 -0.26341 -0.034759 0.80257 0.5773 -0.27004 
M384~AB 0.022549 0.47347 -0.59329 -0.11237 -0.014102 0.46747 0.34638 -0.14835 
M381 0.12785 0.99182 -1.2402 -0.28196 -0.047028 0.96568 0.70765 -0.34509 
M387~I 0.10107 0.87194 -1.0744 -0.26557 -0.021636 0.83522 0.64281 -0.28317 
M029~A 0.086306 0.71357 -0.90761 -0.20827 -0.044116 0.66759 0.52699 -0.23256 
|M036+N30C| 0.028114 0.27502 -0.30313 -0.07439 -0.010189 0.24628 0.19016 -0.086264 
|M218+M320| 0.055545 0.43136 -0.54285 -0.15002 -0.021404 0.40313 0.29228 -0.14818 
|M217+M388| 0.020778 0.4382 -0.51411 -0.11055 -0.033738 0.3878 0.31273 -0.11857 
M281~F 0.052278 0.70803 -0.89273 -0.2158 -0.029735 0.68595 0.49467 -0.255 
M038~A 0.063818 0.85437 -1.0371 -0.20587 -0.032345 0.79749 0.58793 -0.30478 
M010 0.06134 0.6562 -0.83992 -0.23248 -0.046812 0.62729 0.48653 -0.23808 
M051~B 0.058125 0.66991 -0.87341 -0.18728 -0.069634 0.66559 0.49478 -0.23223 
M136 0.0802 0.67972 -0.84049 -0.21489 -0.021694 0.63793 0.49592 -0.26879 
M346~A 0.085884 0.66216 -0.81272 -0.17434 -0.064821 0.64871 0.45994 -0.21072 
M297~D 0.075132 0.60593 -0.75572 -0.17809 -0.0077679 0.59459 0.39086 -0.19676 
M228~GA 0.029396 0.42861 -0.51595 -0.13154 -0.0074845 0.37433 0.27866 -0.14229 
M367~A 0.068275 0.62318 -0.74359 -0.16649 -0.017561 0.58133 0.44743 -0.19873 
M384~D 0.06258 0.62704 -0.79052 -0.17034 -0.037929 0.6139 0.45608 -0.19701 
M269 0.079464 0.89851 -1.1537 -0.26335 -0.018827 0.89981 0.64377 -0.27191 
M222 0.093254 0.75219 -0.97613 -0.20154 -0.020276 0.72375 0.54307 -0.2695 
M149~A2 0.029516 0.42151 -0.51997 -0.12426 0.00028015 0.41657 0.32207 -0.10788 
M003 0.060681 0.81716 -0.98578 -0.20655 -0.040244 0.7896 0.56622 -0.27492 
M073~B 0.058832 0.60532 -0.77447 -0.15838 -0.014956 0.58131 0.43065 -0.21748 
M057~B1 0.095851 0.64476 -0.83022 -0.18444 -0.025187 0.65152 0.51032 -0.20384 
M044 0.077384 0.71515 -0.87864 -0.2028 -0.028907 0.69785 0.50758 -0.22923 
M240~E 0.069371 0.76029 -0.94833 -0.23369 -0.034899 0.762 0.56323 -0.28365 
M050~K 0.048151 0.52937 -0.66348 -0.17756 -0.013582 0.49827 0.34913 -0.17235 
M144 0.088733 0.68768 -0.81755 -0.20174 -0.021355 0.63463 0.4981 -0.22421 
|M370+M072+M370| 0.010802 0.15673 -0.20901 -0.041197 -0.0023074 0.15321 0.11049 -0.065452 
M069~A 0.054777 0.58163 -0.70626 -0.17527 -0.024106 0.58473 0.43849 -0.18586 
M221 0.097315 0.76329 -0.96838 -0.20505 -0.018254 0.75114 0.52901 -0.28793 
M207 0.039606 0.7108 -0.85429 -0.17631 -0.034841 0.67367 0.5349 -0.21219 
|M175+M288| 0.05582 0.61119 -0.74686 -0.18384 -0.020232 0.55533 0.4461 -0.20272 
M341~Q 0.04922 0.43538 -0.50151 -0.1136 -0.012171 0.40783 0.28918 -0.09719 
M269~2 0.053964 0.55799 -0.67048 -0.18023 -0.019011 0.50681 0.37592 -0.16087 
M035 0.076221 0.89544 -1.1257 -0.26509 -0.0086348 0.82662 0.66497 -0.25298 
M263~B 0.058808 0.93101 -1.1394 -0.28081 -0.04675 0.87979 0.67482 -0.30662 
M269~A1 0.056222 0.5089 -0.62896 -0.14252 0.0039671 0.49262 0.36942 -0.15473 
M346~B 0.065941 0.62034 -0.77319 -0.17928 -0.062876 0.6356 0.42052 -0.22014 
M325~D 0.050287 0.61561 -0.7024 -0.13983 -0.0043784 0.55434 0.42322 -0.17611 
|M036+N24| 0.037181 0.32129 -0.36207 -0.10065 0.0026722 0.31252 0.23543 -0.11887 
M002~B 0.068409 0.57893 -0.70548 -0.17004 -0.037458 0.55785 0.43035 -0.21477 
M417~H 0.026539 0.057278 -0.12476 0.014016 0.026882 0.070226 0.053836 -0.052547 
M051~A 0.082728 0.69739 -0.89916 -0.22648 -0.069101 0.68558 0.53127 -0.24703 
|M106~2+M288| 0.033571 0.42705 -0.52822 -0.12353 -0.018557 0.39989 0.29196 -0.13438 
M310 0.12323 0.8239 -1.0513 -0.28331 -0.033248 0.79115 0.63313 -0.27694 
M056 0.096509 0.88321 -1.0813 -0.25806 -0.048392 0.82759 0.6267 -0.29303 
M110 0.068936 0.5738 -0.73011 -0.20596 0.014273 0.59222 0.43575 -0.18986 
M053~A 0.080511 0.64574 -0.84396 -0.20817 -0.022367 0.66336 0.50706 -0.20305 
M223~B 0.082837 0.68032 -0.86722 -0.20435 -0.030307 0.67269 0.48233 -0.23962 
M051~C 0.066081 0.61897 -0.79167 -0.15189 -0.047305 0.59492 0.4773 -0.19101 
M264~B 0.089146 0.7181 -0.9141 -0.18571 -0.037988 0.69707 0.50379 -0.23935 
|M195+M038~A| 0.037624 0.40773 -0.50724 -0.10994 -0.018655 0.39728 0.29738 -0.1384 
M009~A 0.070097 0.72082 -0.89751 -0.20751 -0.039205 0.67495 0.51187 -0.2047 
|M370+M388+M370| 0.019774 0.22366 -0.29137 -0.060875 -0.013831 0.21826 0.16397 -0.073324 
M247~G 0.057606 0.48291 -0.63554 -0.1612 -0.01304 0.50147 0.33584 -0.17318 
M230~A 0.059286 0.6089 -0.76803 -0.20136 -0.028741 0.61951 0.43489 -0.22846 
M136~B 0.061156 0.56556 -0.68093 -0.18478 -0.021556 0.52465 0.39314 -0.20196 
M136~I 0.055234 0.46977 -0.52727 -0.13855 -0.014376 0.38466 0.29533 -0.15744 
M242~AB 0.060014 0.46494 -0.5617 -0.12672 -0.014261 0.44569 0.32627 -0.14664 
|M327+M059| 0.0096612 0.23805 -0.3178 -0.059543 -0.018327 0.24255 0.16662 -0.087648 
M210~G 0.06585 0.49872 -0.61827 -0.12336 -0.016304 0.47849 0.35623 -0.20589 
M384 0.12509 0.99999 -1.2308 -0.28175 -0.033375 0.96418 0.72701 -0.31815 
M041~G 0.050432 0.4343 -0.57144 -0.13225 0.0025571 0.44342 0.3268 -0.15027 
M373~A 0.073403 0.74946 -0.92312 -0.22962 -0.028502 0.6894 0.51359 -0.24194 
M265 0.11146 0.94041 -1.1561 -0.26466 -0.008892 0.88375 0.65667 -0.30756 
M024~1 0.047966 0.55194 -0.68102 -0.14915 -0.017491 0.50628 0.38139 -0.18668 
M379 0.10141 0.80045 -1.0152 -0.2406 -0.013808 0.75876 0.5944 -0.30698 
M323 0.10875 0.81183 -1.027 -0.22524 -0.029454 0.77345 0.60292 -0.27122 
|M288+N01| 0.066001 0.5474 -0.66733 -0.17873 -0.025808 0.53919 0.4097 -0.17854 
M061 0.054554 0.67715 -0.82026 -0.18228 -0.039575 0.65279 0.46892 -0.22105 
M001~B 0.066592 0.65979 -0.8067 -0.17878 -0.032355 0.5943 0.46554 -0.2029 
M316~E2 0.053044 0.38098 -0.47873 -0.11237 -0.0070383 0.34084 0.29659 -0.13813 
M056~E 0.051263 0.58493 -0.73011 -0.16424 -0.010606 0.5411 0.47601 -0.16716 
M295 0.037335 0.88484 -1.0829 -0.27209 -0.019256 0.80896 0.58718 -0.3015 
|M305+M136| 0.040577 0.37059 -0.45232 -0.10925 0.0025817 0.32949 0.25766 -0.12137 
M318~A 0.078893 0.76539 -0.9713 -0.23561 -0.018037 0.71319 0.57433 -0.24589 
|M377+M377| 0.055851 0.30051 -0.37114 -0.072048 -0.020383 0.27823 0.18577 -0.10887 
M254~C 0.052892 0.54036 -0.67889 -0.16308 -0.02732 0.52635 0.39137 -0.16619 
M210~D 0.077855 0.54803 -0.68013 -0.14499 -0.014696 0.51139 0.427 -0.18788 
M418~C 0.026341 0.10422 -0.10449 -0.026715 -0.0064847 0.093923 0.071322 -0.043104 
M312 0.080062 0.76145 -1.0121 -0.25852 -0.052254 0.71567 0.56677 -0.25307 
|M175+M136| 0.024977 0.44142 -0.52498 -0.13748 0.0057577 0.38422 0.32619 -0.1424 
M367~I 0.023691 0.4588 -0.56257 -0.12654 -0.0043652 0.45011 0.31198 -0.13731 
M147~E 0.088755 0.67411 -0.81886 -0.22891 -0.015048 0.64431 0.47526 -0.25585 
M058 0.095127 0.85306 -1.0666 -0.24848 -0.083024 0.86483 0.61452 -0.28456 
M006@G 0.023678 0.43744 -0.55036 -0.0985 -0.039831 0.41793 0.31288 -0.12588 
M261~B1 0.084055 0.56184 -0.71188 -0.16884 -0.010901 0.55024 0.3974 -0.19646 
M208 0.053288 0.68282 -0.80265 -0.15518 -0.013907 0.64017 0.48657 -0.19207 
M047 0.081141 0.7897 -0.99114 -0.24389 0.0028082 0.77847 0.54204 -0.25619 
M251~C 0.025174 0.52523 -0.71125 -0.12451 -0.0095311 0.53103 0.39204 -0.16423 
M103 0.042298 0.62943 -0.75701 -0.17085 -0.058 0.58031 0.43926 -0.19404 
M318 0.095118 0.87644 -1.1337 -0.27144 -0.046813 0.83574 0.67056 -0.28491 
|M370+M046+M370| 0.014252 0.15701 -0.21523 -0.043696 0.00017384 0.13914 0.12238 -0.069451 
M205~C 0.036734 0.50793 -0.61646 -0.14839 0.0014077 0.47314 0.37104 -0.18068 
M210 0.10329 0.82694 -1.0516 -0.25788 -0.029385 0.80316 0.60082 -0.30236 
M080~A 0.070394 0.6021 -0.77334 -0.19108 -0.033005 0.60905 0.45755 -0.21292 
M226~C 0.066792 0.63272 -0.76414 -0.17098 -0.04087 0.59293 0.4575 -0.19998 
M383 0.10468 0.94636 -1.1687 -0.27957 -0.040993 0.92103 0.70159 -0.33596 
M367~G 0.033631 0.41851 -0.52654 -0.12606 0.0014876 0.42451 0.30651 -0.1329 
M075~G 0.028763 0.39979 -0.49749 -0.10275 -0.034148 0.39204 0.29895 -0.16303 
M311~B 0.075312 0.58516 -0.71465 -0.1776 -0.023345 0.54651 0.43102 -0.1866 
M115~A 0.051515 0.56719 -0.67417 -0.17351 -0.024743 0.5454 0.40488 -0.18345 
M264~D 0.080001 0.64929 -0.82648 -0.16678 -0.02549 0.65214 0.43172 -0.19454 
M281~C 0.05692 0.69288 -0.84906 -0.19031 -0.029319 0.68293 0.46579 -0.22745 
|M218+M101| 0.05568 0.39833 -0.50486 -0.10336 -0.024913 0.37054 0.27068 -0.11851 
M195~D 0.044277 0.41943 -0.46751 -0.11319 -0.0079991 0.4095 0.29807 -0.12666 
M003~C 0.075661 0.60691 -0.74137 -0.14389 -0.009946 0.59983 0.44491 -0.19408 
M317~A 0.069091 0.68251 -0.86684 -0.20099 -0.015981 0.67795 0.50084 -0.20183 
M110~A 0.031553 0.52088 -0.69741 -0.15709 -0.0018592 0.55049 0.37972 -0.19009 
M206~B 0.050631 0.61659 -0.78027 -0.16266 -0.043397 0.61898 0.44028 -0.20151 
M057~A2 0.085726 0.63694 -0.8122 -0.18807 -0.008162 0.62522 0.50524 -0.21725 
M246~B 0.084596 0.61791 -0.76233 -0.19383 -0.027681 0.60267 0.44156 -0.22467 
M309~D 0.065578 0.51501 -0.67906 -0.15175 -0.038275 0.49586 0.41314 -0.14993 
|M153+X| 0.022516 0.32448 -0.413 -0.098125 -0.016214 0.30117 0.251 -0.10316 
M057~A4 0.068375 0.66464 -0.87161 -0.19989 -0.049043 0.65736 0.52368 -0.22182 
M103~3 0.036372 0.43966 -0.54841 -0.13376 -0.024874 0.42745 0.34091 -0.15821 
M146~D 0.036474 0.50734 -0.57492 -0.14382 -0.012286 0.46012 0.35465 -0.17348 
M149~A1 0.043129 0.44436 -0.54706 -0.11371 -0.00337 0.4071 0.30913 -0.11873 
M285~C 0.060344 0.62521 -0.73549 -0.20089 -0.0054566 0.57715 0.44559 -0.20466 
M263~E 0.06753 0.84009 -1.0508 -0.25256 -0.05034 0.81819 0.59363 -0.26947 
M143 0.063805 0.77852 -0.86434 -0.18739 -0.025718 0.66599 0.50484 -0.24068 
M110~B 0.053478 0.48477 -0.66235 -0.14304 0.0047721 0.52983 0.38081 -0.16224 
M038~B1 0.047442 0.61062 -0.754 -0.15097 -0.014719 0.59172 0.44885 -0.20773 
M288~I 0.065872 0.77822 -0.91939 -0.21589 -0.032568 0.74478 0.58342 -0.2548 
M158~H 0.027285 0.32896 -0.47058 -0.10617 -0.00071608 0.34348 0.26121 -0.1057 
M075~M 0.050729 0.4085 -0.52359 -0.085104 -0.034731 0.40106 0.311 -0.14394 
M112 0.07501 0.57121 -0.68539 -0.15237 0.0043141 0.55679 0.38965 -0.14664 
M309 0.079368 0.75732 -0.96098 -0.17538 -0.047233 0.74016 0.54999 -0.24937 
M049~D 0.10104 0.61689 -0.74271 -0.16553 -0.012353 0.53982 0.44334 -0.15556 
M379~C 0.032184 0.53536 -0.65078 -0.14754 -0.018733 0.50202 0.39481 -0.16728 
M356 0.10725 0.78006 -0.93529 -0.22633 -0.01828 0.76913 0.52859 -0.24028 
|M260~2+N24| 0.033978 0.30855 -0.35665 -0.10541 0.013149 0.28149 0.19319 -0.11096 
M128~D 0.036234 0.52113 -0.64073 -0.15082 -0.00588 0.49869 0.37714 -0.13536 
M246 0.097574 0.78315 -1.0178 -0.25094 -0.038134 0.77928 0.61174 -0.27257 
M180 0.03034 0.44189 -0.53834 -0.15552 0.012435 0.43357 0.28775 -0.13775 
M376~B 0.063248 0.61263 -0.76747 -0.17515 -0.028329 0.59456 0.42915 -0.23221 
M010~6 0.042641 0.41301 -0.55955 -0.11767 -0.02914 0.3967 0.29215 -0.1206 
M038~A2 0.03742 0.60032 -0.72658 -0.15241 -0.014919 0.57919 0.43059 -0.22311 
M096~D 0.058711 0.60954 -0.71468 -0.15247 -0.023214 0.57963 0.45976 -0.22431 
M010~1 0.04123 0.42332 -0.57428 -0.12274 -0.056806 0.44169 0.34938 -0.14693 
|M260~1+N24| 0.028029 0.2871 -0.34838 -0.091016 0.00014952 0.27458 0.19573 -0.093831 
M193 0.075349 0.53664 -0.65458 -0.1686 0.0019284 0.53488 0.38399 -0.12616 
M075~O 0.016761 0.39716 -0.51393 -0.10945 -0.038295 0.40577 0.30645 -0.13932 
M298 0.031689 0.83036 -0.9639 -0.24567 -0.057695 0.72862 0.51916 -0.26091 
M243 0.091409 0.79276 -0.9718 -0.22923 0.0091806 0.79094 0.55854 -0.29028 
|M218~D+M288| 0.043976 0.47187 -0.57734 -0.13481 -0.03586 0.4571 0.34 -0.14619 
M294~A 0.046214 0.64552 -0.80056 -0.20472 -0.054567 0.60173 0.43232 -0.21115 
|M175+M175| 0.022665 0.36666 -0.43443 -0.11124 -0.0092222 0.31475 0.28089 -0.11369 
|M036+N39C| 0.026497 0.25927 -0.30616 -0.052402 -0.020332 0.24621 0.1748 -0.086713 
M346~D 0.087663 0.55595 -0.69789 -0.15771 -0.037459 0.55112 0.39951 -0.20132 
M277 0.056705 0.62242 -0.78879 -0.17028 -0.031407 0.61363 0.43509 -0.22036 
|M305+M320| 0.042234 0.3654 -0.47646 -0.11246 -0.0077044 0.35418 0.26854 -0.13641 
M136~A 0.054832 0.59521 -0.70368 -0.18533 -0.037357 0.54822 0.42878 -0.22222 
M176 0.070911 0.49297 -0.58079 -0.15278 -0.020919 0.50103 0.36494 -0.16977 
M059~D 0.092943 0.59458 -0.7352 -0.15847 -0.042863 0.54958 0.42392 -0.17894 
M243~E 0.057324 0.51057 -0.68453 -0.16334 0.0046898 0.54571 0.3649 -0.18151 
M292~C 0.06359 0.69556 -0.84316 -0.19262 -0.019051 0.65819 0.47885 -0.24078 
M248~A 0.070978 0.65562 -0.84683 -0.18009 -0.032196 0.66415 0.48087 -0.21704 
|M195+M038| 0.031377 0.45213 -0.562 -0.13145 -0.017988 0.43145 0.31573 -0.15159 
M024~A1 0.049165 0.44522 -0.55276 -0.11885 -0.0098582 0.41884 0.32159 -0.15733 
M123~B 0.046157 0.47084 -0.59589 -0.1622 -0.022767 0.46797 0.34858 -0.15106 
M136~Q 0.039455 0.42063 -0.47313 -0.14214 -0.011867 0.35379 0.28891 -0.16094 
M292~I 0.051972 0.63871 -0.77014 -0.19189 -0.015927 0.59528 0.44136 -0.21638 
M352~S 0.064982 0.54154 -0.69561 -0.15755 -0.03297 0.51924 0.3617 -0.1911 
M048~I 0.053312 0.63032 -0.75771 -0.17265 -0.038501 0.61869 0.45223 -0.19249 
M126 0.053859 0.55034 -0.68413 -0.15308 -0.0026443 0.53974 0.40385 -0.13773 
M038~I 0.022066 0.75467 -0.87275 -0.19716 -0.022376 0.68496 0.53016 -0.24527 
M264~A1 0.052781 0.55928 -0.69234 -0.13992 -0.0094951 0.53349 0.36215 -0.17002 
M324~D 0.052491 0.54112 -0.67393 -0.14888 -0.017666 0.51478 0.3848 -0.15607 
M252~Q 0.017702 0.41918 -0.54049 -0.12764 -0.059014 0.42351 0.28312 -0.13988 
M131~K 0.0295 0.42462 -0.54182 -0.15615 -0.020077 0.42776 0.31949 -0.15156 
M321 0.08433 0.77269 -1.0072 -0.22229 -0.046035 0.73588 0.55794 -0.21372 
M016 0.070786 0.61858 -0.8228 -0.19395 -0.056933 0.63396 0.48448 -0.21889 
M288~D 0.088904 0.79428 -0.99025 -0.25038 -0.054439 0.76484 0.56905 -0.2595 
M037 0.082734 0.83027 -0.99965 -0.17565 0.0017833 0.79618 0.6369 -0.21435 
M319~C 0.086331 0.5492 -0.72042 -0.19294 -0.023786 0.54218 0.42479 -0.17777 
|M260+N24| 0.025028 0.3066 -0.35944 -0.088159 -0.016309 0.30241 0.21579 -0.1134 
|M175+M153| 0.025091 0.3914 -0.45427 -0.12763 0.001711 0.33786 0.28293 -0.11799 
M206~FA 0.029904 0.38242 -0.47676 -0.086024 -0.026696 0.38007 0.27932 -0.12379 
M362+X 0.042903 0.41696 -0.49734 -0.10424 -0.038582 0.4288 0.28295 -0.15449 
M075~K 0.037007 0.40767 -0.51148 -0.078893 -0.049386 0.39241 0.30675 -0.14748 
M244 0.08165 0.80968 -1.0121 -0.23357 -0.0099678 0.82195 0.61277 -0.28566 
M387~H 0.12827 0.83113 -1.0543 -0.25258 -0.046366 0.81464 0.61519 -0.29748 
M105 0.048758 0.56737 -0.64462 -0.19503 -0.007341 0.53393 0.39655 -0.1665 
|M218+X| 0.043389 0.41156 -0.53055 -0.10528 -0.027014 0.41169 0.32627 -0.12136 
M352~C 0.062549 0.6106 -0.74079 -0.1357 -0.029194 0.53949 0.41333 -0.16315 
M359 0.057257 0.75488 -0.92305 -0.2326 -0.01065 0.70062 0.52002 -0.22917 
M207~M 0.018218 0.39127 -0.48736 -0.1044 -0.0098318 0.37368 0.28364 -0.13227 
M048~E 0.076125 0.63339 -0.79996 -0.18008 -0.013339 0.64297 0.45685 -0.20545 
M418~B 0.015639 0.1774 -0.21398 -0.074262 -0.01146 0.21106 0.13258 -0.089532 
M209~D 0.058502 0.47721 -0.60515 -0.13819 -0.0063613 0.4488 0.35409 -0.15066 
M158 0.059731 0.49823 -0.64744 -0.17128 -0.020453 0.50084 0.40869 -0.1911 
M103~2 0.006767 0.43521 -0.52711 -0.14475 -0.045309 0.42607 0.3405 -0.13687 
|M157+M288| 0.045196 0.49331 -0.59859 -0.12999 -0.018924 0.44422 0.3394 -0.16284 
M342 0.076319 0.79235 -0.96956 -0.2274 -0.053407 0.75109 0.52138 -0.26665 
M111 0.052 0.54815 -0.67465 -0.14389 -0.0032975 0.53876 0.42174 -0.16139 
|M351+X| 0.031026 0.26203 -0.30753 -0.060401 -0.0093838 0.23777 0.20965 -0.10449 
|M305+M009| 0.051509 0.36517 -0.44821 -0.09056 -0.01642 0.35656 0.26208 -0.13268 
M323~I 0.050194 0.50547 -0.61003 -0.16578 -0.0022497 0.497 0.3636 -0.17307 
M052~A 0.058989 0.64944 -0.7917 -0.20726 -0.03536 0.59073 0.46961 -0.21198 
M064~A 0.054352 0.58068 -0.72222 -0.17472 -0.023337 0.54083 0.40632 -0.18652 
M295~E 0.058673 0.60381 -0.74754 -0.19812 -0.012986 0.56407 0.42465 -0.19601 
M041~J 0.023648 0.43678 -0.54551 -0.11484 -0.03642 0.43796 0.30824 -0.15375 
M293~B 0.020193 0.59336 -0.73283 -0.19792 -0.034721 0.57626 0.43686 -0.21602 
M383~E 0.090934 0.60419 -0.807 -0.18373 0.019923 0.61774 0.45936 -0.23437 
M136~R 0.043391 0.40033 -0.47284 -0.13805 -0.013355 0.3889 0.30176 -0.14214 
M125~A 0.074601 0.55138 -0.66253 -0.17056 -0.023245 0.53495 0.37669 -0.1619 
M367~E 0.045321 0.52335 -0.663 -0.15436 -0.022417 0.50138 0.38979 -0.18402 
|M362+X| 0.011396 0.20548 -0.24475 -0.027107 -0.026917 0.20605 0.15367 -0.088824 
M039~A 0.060207 0.65239 -0.83226 -0.19375 -0.039658 0.64289 0.47471 -0.19656 
M145~BB 0.028652 0.41128 -0.51409 -0.13325 -0.019912 0.41317 0.3086 -0.12351 
M248 0.11755 0.78944 -1.0606 -0.24808 -0.018325 0.78713 0.57674 -0.2985 
M206~F 0.027599 0.47553 -0.61163 -0.12905 -0.012153 0.49453 0.33657 -0.1503 
M147~D 0.07739 0.55343 -0.71205 -0.16208 -0.029375 0.52701 0.41126 -0.17221 
M224 0.065839 0.78357 -1.0025 -0.24527 -0.042552 0.71077 0.542 -0.25162 
M054~C 0.056356 0.61519 -0.76843 -0.17011 -0.047419 0.61538 0.43906 -0.1935 
M417~F 0.01192 0.062264 -0.083726 0.0092584 0.019384 0.070982 0.034755 -0.034164 
M038~B 0.043849 0.81116 -1.0214 -0.19194 -0.046062 0.78509 0.57745 -0.29075 
M321~B 0.038391 0.58911 -0.71729 -0.17241 0.0038529 0.53013 0.40424 -0.1898 
M386 0.091012 1.1085 -1.4001 -0.30439 -0.057159 1.0626 0.81143 -0.40976 
M247~A 0.082484 0.69659 -0.84644 -0.20469 -0.037009 0.65644 0.50929 -0.22153 
M102~DA 0.040532 0.31319 -0.3964 -0.11003 -0.015661 0.309 0.2345 -0.11129 
M080~B 0.056407 0.57757 -0.73298 -0.15106 -0.045002 0.58125 0.40237 -0.20462 
M325~E 0.06074 0.61558 -0.75697 -0.14627 -0.0044167 0.57867 0.44437 -0.21161 
M073~A 0.057803 0.64819 -0.79883 -0.19529 -0.031071 0.59337 0.44662 -0.20692 
M097~F 0.044878 0.53476 -0.64306 -0.14575 -0.042605 0.49013 0.37187 -0.17821 
M301~A 0.057123 0.61554 -0.81708 -0.18921 -0.058611 0.60919 0.44008 -0.2091 
M293~A 0.042113 0.6316 -0.7818 -0.19631 -0.032462 0.60528 0.42986 -0.20779 
M251 0.043466 0.74791 -0.94385 -0.20394 -0.010788 0.70177 0.53316 -0.23766 
M039~C 0.043231 0.55537 -0.71457 -0.1589 -0.0073596 0.55236 0.42412 -0.17911 
M096~1 0.051098 0.56907 -0.70675 -0.1761 -0.0081934 0.54712 0.43527 -0.1919 
M271~CA 0.034146 0.33026 -0.40795 -0.084702 -0.014627 0.33093 0.25147 -0.10156 
|M351+3(N01)| 0.04117 0.17388 -0.22609 -0.048527 -0.024755 0.15528 0.13367 -0.069059 
M371~A 0.055027 0.71923 -0.8738 -0.22461 -0.011086 0.64706 0.4993 -0.24988 
M370~C 0.028367 0.55137 -0.69244 -0.15068 -0.00020345 0.51889 0.42245 -0.20833 
|M157+X| 0.017339 0.34274 -0.41805 -0.094357 0.0040696 0.31233 0.25225 -0.1126 
M180~B 0.049021 0.45641 -0.53835 -0.10633 0.0004581 0.42566 0.2969 -0.15172 
M242~D 0.073597 0.65133 -0.80915 -0.16773 -0.020443 0.61351 0.4625 -0.19374 
M318~A3 0.061406 0.50625 -0.62272 -0.17131 -0.022331 0.48116 0.38744 -0.16737 
|M054+M365+M054~I| 0.027872 0.28106 -0.33729 -0.076711 -0.020279 0.27675 0.19589 -0.076797 
M278 0.079463 0.60796 -0.75115 -0.19456 -0.019809 0.59243 0.47315 -0.23613 
M361~A 0.041996 0.59758 -0.70927 -0.1721 -0.020568 0.56528 0.40826 -0.22985 
M086 0.048304 0.72327 -0.86894 -0.19879 -0.045358 0.66035 0.52622 -0.26816 
M150~A 0.021874 0.48814 -0.62073 -0.17079 -0.0031953 0.47233 0.35635 -0.17195 
