417 8
</s> -0.26555 0.96436 -1.279 -0.23163 0.25583 0.90466 0.87731 -0.12194 
... -0.060369 0.74148 -0.99978 -0.13596 0.19382 0.74421 0.62014 -0.11639 
X -0.056321 0.59956 -0.74816 -0.20913 0.13527 0.59752 0.55221 -0.1462 
M288 -0.20593 1.1184 -1.6161 -0.29731 0.24927 1.1887 1.0828 -0.19012 
M388 -0.21745 1.2236 -1.7661 -0.30138 0.25276 1.2894 1.1536 -0.16816 
M218 -0.16654 1.1165 -1.557 -0.2121 0.21496 1.1136 0.99992 -0.19553 
M371 -0.20472 0.93215 -1.3303 -0.208 0.22679 0.95917 0.88816 -0.1722 
M124 -0.14355 0.75 -1.0013 -0.21026 0.16068 0.82715 0.69715 -0.057788 
M297 -0.18692 0.97888 -1.3669 -0.25457 0.27312 1.0119 0.84121 -0.12433 
M054 -0.1684 0.96877 -1.3446 -0.21463 0.18161 1.0259 0.89123 -0.14348 
M346 -0.12937 0.80336 -1.1256 -0.19708 0.14172 0.8236 0.70901 -0.11291 
M387 -0.21067 1.1741 -1.6379 -0.28754 0.24618 1.2284 1.1116 -0.16199 
M066 -0.1827 0.85998 -1.2472 -0.21957 0.20591 0.89206 0.86895 -0.096389 
M157 -0.10628 0.58671 -0.85056 -0.17926 0.1476 0.59665 0.53945 -0.078435 
M009 -0.17936 0.85368 -1.2261 -0.18217 0.16386 0.90534 0.79851 -0.10721 
M096 -0.21657 0.94543 -1.3402 -0.21836 0.16424 0.99165 0.90382 -0.13916 
M376 -0.1822 0.8559 -1.209 -0.20875 0.20322 0.87741 0.78578 -0.14193 
M263 -0.24479 1.1964 -1.6322 -0.29863 0.24425 1.2204 1.1169 -0.19089 
M001 -0.16088 0.82314 -1.1657 -0.19666 0.19563 0.88471 0.78653 -0.10369 
M305 -0.12483 0.81289 -1.1866 -0.14947 0.16863 0.90329 0.75828 -0.093832 
M036 -0.16547 0.96107 -1.2466 -0.16885 0.17588 0.92643 0.85655 -0.14715 
M032 -0.19747 0.89644 -1.2337 -0.19278 0.20691 0.91883 0.86006 -0.10468 
M370 -0.16806 0.80016 -1.1589 -0.19287 0.20295 0.83036 0.76117 -0.15725 
M004 -0.16087 0.87753 -1.1964 -0.20064 0.17864 0.88123 0.79577 -0.15016 
M354 -0.1079 0.74042 -0.9932 -0.14793 0.16223 0.7803 0.63019 -0.081584 
M367 -0.101 0.68304 -0.95779 -0.2038 0.16164 0.70235 0.67013 -0.15294 
M003~B -0.12869 0.72433 -1.0068 -0.14977 0.16701 0.7178 0.65809 -0.083721 
M157~A -0.10314 0.55681 -0.77703 -0.13937 0.13186 0.56146 0.53034 -0.045515 
|M036+N30D| -0.085869 0.39813 -0.52414 -0.082898 0.087871 0.42293 0.37596 -0.059232 
M057 -0.17841 1.1305 -1.6525 -0.28806 0.23614 1.1643 1.1098 -0.14221 
M072 -0.15338 0.68365 -0.95656 -0.16289 0.15214 0.721 0.64348 -0.078652 
M219 -0.16488 0.95962 -1.3544 -0.16968 0.24689 0.97126 0.85933 -0.1236 
M347 -0.15529 0.85619 -1.225 -0.18192 0.20776 0.91424 0.77989 -0.060923 
M297~B -0.13561 0.77774 -1.0801 -0.18148 0.20818 0.7963 0.66552 -0.11192 
M259 -0.20757 0.87442 -1.2472 -0.21712 0.20259 0.90935 0.85689 -0.16029 
M059 -0.1557 0.89262 -1.2939 -0.21684 0.18053 0.94656 0.8895 -0.12122 
M056~F -0.13577 0.65278 -0.93095 -0.13961 0.16528 0.70131 0.61744 -0.087629 
M386~A -0.15706 0.83647 -1.1471 -0.2084 0.16944 0.8744 0.78248 -0.13142 
M373 -0.16809 0.82549 -1.1995 -0.19472 0.19683 0.84435 0.78563 -0.14153 
M263~A -0.22917 1.0391 -1.4267 -0.24367 0.21594 1.0621 0.97557 -0.13796 
M387~C -0.1355 0.91854 -1.2546 -0.22204 0.19856 0.95211 0.84251 -0.1328 
M153 -0.14349 0.64734 -0.91185 -0.20001 0.14559 0.65787 0.60848 -0.061551 
M377~E -0.12657 0.74702 -1.0762 -0.19412 0.1813 0.75586 0.70303 -0.13337 
M387~EF -0.14003 0.71811 -0.96602 -0.19517 0.14145 0.74419 0.6785 -0.11764 
M377 -0.19622 0.97664 -1.3615 -0.2568 0.2122 1.0144 0.92302 -0.18111 
M387~A -0.18286 0.98082 -1.3438 -0.24894 0.19294 1.0094 0.94717 -0.13259 
M101 -0.11498 0.66008 -0.87853 -0.16149 0.15294 0.69523 0.63327 -0.078662 
M365 -0.1262 0.76569 -0.98173 -0.17623 0.17246 0.74211 0.68797 -0.12498 
M005~A -0.12617 0.61304 -0.84723 -0.12477 0.11865 0.63113 0.60784 -0.056353 
M304 -0.13804 0.7421 -1.0869 -0.16134 0.16461 0.78677 0.69786 -0.10486 
M317 -0.19223 0.8113 -1.173 -0.19887 0.18399 0.86834 0.78395 -0.14066 
M320 -0.19466 0.85474 -1.2006 -0.18722 0.17543 0.89754 0.77824 -0.11986 
M240 -0.19421 0.96398 -1.3283 -0.21053 0.22215 0.98775 0.89441 -0.13825 
M024 -0.17687 0.84575 -1.1278 -0.16888 0.17486 0.82521 0.78413 -0.11106 
M263~1 -0.18937 0.89812 -1.2151 -0.20701 0.17767 0.92541 0.83066 -0.15053 
M006 -0.1545 0.78252 -1.0733 -0.17233 0.17492 0.76841 0.72638 -0.098104 
M097~H -0.12857 0.58246 -0.80771 -0.12711 0.11655 0.57905 0.53703 -0.070782 
M348 -0.14223 0.75488 -1.0431 -0.14428 0.12277 0.72595 0.6668 -0.11252 
M262 -0.22524 1.0573 -1.4651 -0.23965 0.21554 1.0849 0.96743 -0.14271 
|M136+M365| -0.072738 0.37593 -0.50201 -0.082989 0.095409 0.38715 0.34124 -0.048601 
M387~L -0.15036 0.78258 -1.0736 -0.20441 0.15994 0.83044 0.73615 -0.11163 
M010~2 -0.072543 0.43213 -0.64917 -0.11763 0.099739 0.45432 0.40821 -0.059905 
M066~A -0.13588 0.66757 -0.9389 -0.17727 0.15071 0.69897 0.67416 -0.082826 
M146 -0.13556 0.77331 -1.0424 -0.19824 0.16021 0.7704 0.67738 -0.11486 
M057~A -0.1813 0.9338 -1.3743 -0.22238 0.19218 0.99005 0.94064 -0.10176 
M352~O -0.12207 0.56447 -0.80953 -0.12334 0.11018 0.5898 0.50837 -0.10247 
M081 -0.18133 0.74629 -1.0897 -0.17413 0.15137 0.75481 0.73983 -0.12914 
M352~N -0.11706 0.59531 -0.80464 -0.10458 0.11808 0.58831 0.49142 -0.092326 
M260 -0.20105 1.0288 -1.4132 -0.21021 0.25297 1.0676 0.94777 -0.1588 
M099 -0.18524 0.78605 -1.1061 -0.19728 0.19238 0.79718 0.74153 -0.10638 
M033 -0.21435 0.9638 -1.3236 -0.20099 0.19163 1.004 0.89422 -0.13854 
M002 -0.16626 0.78697 -1.0455 -0.18757 0.14801 0.76824 0.75168 -0.098171 
M139 -0.14526 0.78456 -1.0935 -0.19476 0.16822 0.81911 0.73147 -0.12254 
M329 -0.15316 0.80006 -1.1413 -0.19142 0.1799 0.81976 0.75914 -0.11793 
M309~A -0.12692 0.61792 -0.86831 -0.13882 0.12942 0.65713 0.59442 -0.072051 
M263~B1 -0.15633 0.71729 -1.007 -0.18536 0.16483 0.76711 0.68963 -0.084686 
|M327+M342| -0.071259 0.33263 -0.4922 -0.080207 0.04518 0.34885 0.29482 -0.048678 
M203~C -0.10977 0.63735 -0.89668 -0.12324 0.1408 0.68566 0.59681 -0.11163 
M314 -0.15159 0.83971 -1.214 -0.18984 0.18036 0.87628 0.79049 -0.11026 
M046 -0.15274 0.7255 -1.0703 -0.16933 0.18272 0.75765 0.70572 -0.10633 
M149~A -0.11942 0.63074 -0.85084 -0.15899 0.15914 0.64257 0.59984 -0.064896 
M206~D -0.13005 0.64872 -0.93647 -0.11946 0.1378 0.69512 0.61679 -0.089622 
M206~G -0.11095 0.52085 -0.76294 -0.11802 0.11024 0.57645 0.47792 -0.076 
M390 -0.11638 0.70286 -0.97709 -0.15066 0.15698 0.73434 0.6854 -0.10441 
M106~A -0.12585 0.53084 -0.70728 -0.15533 0.10814 0.52811 0.51175 -0.085243 
M362 -0.15219 0.66916 -0.88906 -0.15189 0.13164 0.7072 0.62356 -0.11516 
M106 -0.11868 0.59449 -0.80724 -0.16794 0.14079 0.59615 0.54788 -0.1084 
M391 -0.067768 0.6171 -0.83573 -0.16696 0.15024 0.64416 0.59277 -0.087075 
M175 -0.10851 0.59472 -0.87217 -0.16458 0.1611 0.65246 0.58178 -0.097455 
|M195+M057| -0.1095 0.62299 -0.874 -0.13751 0.12746 0.629 0.57329 -0.086449 
M372 -0.18911 0.87773 -1.2401 -0.22786 0.18004 0.89602 0.80372 -0.1179 
M341 -0.14704 0.75933 -1.0367 -0.15145 0.11527 0.77651 0.63756 -0.033298 
M296 -0.19822 0.9967 -1.3991 -0.23409 0.21664 1.0376 0.91444 -0.1137 
M327 -0.16079 0.76294 -1.079 -0.18816 0.16366 0.78312 0.72349 -0.1017 
M203~A -0.10281 0.69725 -0.97413 -0.13962 0.1523 0.70966 0.64434 -0.085257 
M102~E -0.090117 0.37941 -0.55284 -0.095785 0.10473 0.37615 0.38131 -0.056793 
|M351+N14| -0.031614 0.22554 -0.3281 -0.038903 0.050196 0.2298 0.21956 -0.044391 
M266~B -0.16933 0.8066 -1.1149 -0.20126 0.1833 0.84101 0.73325 -0.10695 
M380 -0.17826 0.98276 -1.3584 -0.21341 0.22706 1.0417 0.92468 -0.13438 
|M296+M296| -0.11255 0.42421 -0.56545 -0.096428 0.073662 0.4327 0.3883 -0.067645 
M223 -0.1593 0.91492 -1.3066 -0.20488 0.2195 0.95769 0.83178 -0.12564 
M217 -0.18786 0.91443 -1.33 -0.21275 0.1947 0.95344 0.8548 -0.13736 
M325 -0.15909 0.81406 -1.0891 -0.15329 0.17276 0.83998 0.74991 -0.098223 
M254~A -0.15856 0.75044 -1.047 -0.19748 0.17879 0.75869 0.67474 -0.10768 
M260~1 -0.12677 0.74606 -1.0594 -0.15785 0.15018 0.77444 0.69676 -0.096859 
M048~C -0.15074 0.7334 -1.0477 -0.15253 0.1585 0.78231 0.70852 -0.10537 
M054~I -0.14313 0.64593 -0.89495 -0.13744 0.13863 0.67513 0.58255 -0.050046 
M338~B -0.11623 0.62595 -0.8398 -0.12646 0.12643 0.63361 0.58212 -0.1026 
M340 -0.15666 0.70569 -0.97122 -0.16466 0.1146 0.70478 0.63874 -0.098175 
|M218+M288| -0.11015 0.62223 -0.87064 -0.13583 0.11127 0.63345 0.56256 -0.086925 
M374~C -0.10877 0.58589 -0.8378 -0.12702 0.15903 0.59502 0.54324 -0.094244 
M269~B -0.14867 0.71082 -0.98812 -0.16518 0.17115 0.72951 0.65996 -0.10278 
M111~A -0.13591 0.65325 -0.87512 -0.17648 0.14702 0.6625 0.61039 -0.06683 
M242~B -0.13973 0.78318 -1.0959 -0.18338 0.20162 0.83255 0.74422 -0.11539 
M262~1 -0.15979 0.68797 -0.98765 -0.15965 0.14689 0.71954 0.64786 -0.11781 
M301 -0.17319 0.80156 -1.1695 -0.20598 0.15969 0.89323 0.78761 -0.11045 
|M131+M388| -0.11311 0.54802 -0.78472 -0.12174 0.12937 0.5452 0.49663 -0.058241 
M057~B -0.17602 0.90508 -1.3075 -0.19409 0.20251 0.95942 0.87582 -0.11715 
M264~A -0.16071 0.83711 -1.1567 -0.1922 0.1742 0.85211 0.73207 -0.11153 
|M305+M342| -0.06308 0.37094 -0.54469 -0.078773 0.07644 0.40259 0.36289 -0.061276 
M048~D -0.15058 0.80799 -1.1477 -0.19388 0.14184 0.83391 0.73855 -0.10623 
M122 -0.13282 0.62867 -0.83377 -0.13551 0.12522 0.66988 0.58452 -0.068986 
M332~D -0.10448 0.51275 -0.73157 -0.13886 0.11376 0.52546 0.4894 -0.079014 
|M305+X| -0.051431 0.34231 -0.49877 -0.043896 0.082351 0.34971 0.33212 -0.043202 
M243~J -0.10574 0.48091 -0.74764 -0.11382 0.12762 0.54898 0.46735 -0.094768 
M131 -0.14818 0.67871 -0.95682 -0.15295 0.13352 0.71602 0.64232 -0.11954 
|M106+M288| -0.10105 0.50403 -0.71603 -0.11396 0.089431 0.52026 0.47534 -0.075249 
M102~D -0.080237 0.4427 -0.63495 -0.10511 0.083014 0.43828 0.41772 -0.063072 
M380~B -0.14474 0.75359 -1.0709 -0.1703 0.14736 0.80671 0.71719 -0.13897 
|M153+M342| -0.089991 0.36141 -0.51917 -0.091372 0.077761 0.38668 0.34027 -0.072068 
M038~BX -0.14265 0.61464 -0.86484 -0.11714 0.14695 0.63 0.55046 -0.097776 
M195 -0.15701 0.60985 -0.79471 -0.16564 0.157 0.64051 0.57241 -0.096922 
M220 -0.17571 0.81153 -1.1864 -0.19787 0.19487 0.87234 0.79972 -0.08839 
M145 -0.15188 0.77417 -1.0627 -0.17443 0.15624 0.81339 0.72391 -0.10089 
M292~F -0.15193 0.68703 -0.95413 -0.16097 0.14041 0.70643 0.58886 -0.11978 
M269~A -0.14568 0.73649 -1.017 -0.18023 0.16374 0.77114 0.66646 -0.094802 
M105~A -0.1136 0.53771 -0.71714 -0.12369 0.095956 0.54076 0.50442 -0.077584 
|M327+X| -0.06271 0.31014 -0.43019 -0.05919 0.066058 0.33968 0.28928 -0.037151 
M128 -0.13943 0.71598 -0.92968 -0.16648 0.14661 0.75243 0.65169 -0.089935 
|M036+N14| -0.06527 0.38631 -0.51231 -0.080728 0.081149 0.40552 0.35857 -0.048691 
M387~CA -0.10082 0.72788 -0.98523 -0.18272 0.15143 0.7521 0.66845 -0.11615 
M038~E -0.16479 0.74568 -1.0168 -0.14748 0.16283 0.78322 0.68775 -0.1328 
M250~BA -0.14496 0.59234 -0.86375 -0.15245 0.15359 0.63426 0.56918 -0.076602 
M109 -0.11226 0.64508 -0.89443 -0.15576 0.11191 0.65505 0.58428 -0.07467 
|M136+X| -0.077291 0.39951 -0.55655 -0.092879 0.10207 0.42222 0.38265 -0.060688 
M387~EE -0.099431 0.69912 -0.97407 -0.18311 0.13671 0.7359 0.66207 -0.113 
M005 -0.17097 0.75204 -1.0651 -0.15829 0.17574 0.80878 0.71174 -0.082251 
M318~A1 -0.097791 0.62481 -0.86061 -0.1533 0.16287 0.61663 0.58114 -0.079029 
M286 -0.15287 0.89852 -1.1797 -0.20431 0.19096 0.88087 0.82394 -0.10674 
M125 -0.11864 0.715 -0.92084 -0.16149 0.15562 0.73185 0.62548 -0.081834 
M265~F -0.12288 0.60967 -0.9012 -0.15008 0.1535 0.6674 0.56387 -0.089575 
|M370~B+M072| -0.025567 0.18263 -0.27691 -0.024679 0.04196 0.18738 0.16659 -0.03534 
M029~B -0.096516 0.62148 -0.91619 -0.14108 0.12105 0.64598 0.6101 -0.088026 
M041 -0.16062 0.79432 -1.0767 -0.1606 0.15227 0.80667 0.71842 -0.10039 
M218~B -0.13389 0.8007 -1.128 -0.169 0.171 0.83242 0.74346 -0.13284 
M292 -0.24253 1.0058 -1.4371 -0.26361 0.25662 1.051 0.91924 -0.14927 
M145~A -0.14787 0.69308 -0.94939 -0.19296 0.14281 0.70368 0.63794 -0.096271 
M291 -0.18979 0.88216 -1.2746 -0.22306 0.21879 0.983 0.83664 -0.12353 
M338 -0.16943 0.7476 -1.01 -0.16341 0.15135 0.72074 0.70132 -0.079891 
M048~K -0.12031 0.70676 -0.98293 -0.17387 0.14706 0.76649 0.64082 -0.11328 
M327~P -0.088415 0.44117 -0.64059 -0.10324 0.10948 0.47907 0.39631 -0.039556 
M319 -0.16357 0.82363 -1.1854 -0.22381 0.15 0.84269 0.74755 -0.12377 
|M377+M320+M377| -0.047435 0.31421 -0.43763 -0.069197 0.064874 0.32364 0.27189 -0.059498 
M328~B -0.12442 0.6313 -0.84672 -0.14348 0.13456 0.6241 0.59733 -0.10068 
M147 -0.20364 0.92748 -1.2957 -0.21224 0.21013 0.99295 0.85341 -0.14741 
M136~C -0.10012 0.59338 -0.79183 -0.15263 0.13221 0.60383 0.53099 -0.10375 
|M370~B+M388| -0.058136 0.35443 -0.50539 -0.065271 0.080315 0.33915 0.33867 -0.051454 
M369 -0.15504 0.63817 -0.87025 -0.13512 0.16773 0.65895 0.582 -0.096839 
M362~A -0.11598 0.51778 -0.73707 -0.13389 0.11448 0.51948 0.49431 -0.10131 
M131~E -0.086075 0.46546 -0.6796 -0.13319 0.10945 0.50799 0.43042 -0.063261 
M367~C -0.11452 0.54282 -0.74853 -0.11941 0.1319 0.54283 0.48815 -0.061233 
M230 -0.1545 0.67511 -0.99198 -0.13357 0.16206 0.70688 0.59621 -0.098294 
M315 -0.14131 0.83146 -1.1869 -0.21876 0.18246 0.87024 0.75532 -0.11292 
M384~AB -0.12566 0.50456 -0.71525 -0.09279 0.11749 0.53807 0.47888 -0.062226 
M381 -0.16025 0.96757 -1.3656 -0.21837 0.20471 1.0184 0.89949 -0.15338 
M387~I -0.1498 0.85659 -1.1936 -0.21306 0.19779 0.88825 0.81591 -0.11741 
M029~A -0.11799 0.69112 -0.98908 -0.16226 0.1368 0.69576 0.65299 -0.092859 
|M036+N30C| -0.067827 0.36728 -0.47309 -0.082448 0.077001 0.36353 0.33328 -0.049581 
|M218+M320| -0.081118 0.49271 -0.69825 -0.14076 0.10368 0.50134 0.44038 -0.077265 
|M217+M388| -0.12303 0.55137 -0.73867 -0.11399 0.099105 0.53666 0.50341 -0.05853 
M281~F -0.15458 0.71842 -1.0217 -0.17958 0.15593 0.75578 0.65589 -0.12274 
M038~A -0.18283 0.85651 -1.1741 -0.16186 0.18382 0.867 0.76972 -0.14737 
M010 -0.13666 0.65126 -0.93968 -0.19318 0.12798 0.67508 0.62495 -0.10674 
M051~B -0.14814 0.67484 -0.99056 -0.15043 0.11174 0.72646 0.64731 -0.099335 
M136 -0.12243 0.6941 -0.96966 -0.18384 0.15846 0.70753 0.65408 -0.14287 
M346~A -0.092971 0.60341 -0.83659 -0.12326 0.090649 0.63987 0.54517 -0.079622 
M297~D -0.11487 0.66994 -0.9406 -0.15655 0.16172 0.70668 0.57551 -0.091873 
M228~GA -0.1036 0.50057 -0.68051 -0.12497 0.11575 0.48014 0.43277 -0.073985 
M367~A -0.1071 0.61432 -0.82823 -0.13089 0.1385 0.61902 0.56706 -0.083966 
M384~D -0.12951 0.65676 -0.93515 -0.14187 0.13376 0.69486 0.61888 -0.082564 
M269 -0.20068 0.93044 -1.3475 -0.21619 0.2262 1.0056 0.87244 -0.10036 
M222 -0.14231 0.77905 -1.136 -0.16098 0.18408 0.81051 0.73349 -0.12545 
M149~A2 -0.085186 0.41263 -0.57171 -0.10083 0.1041 0.44143 0.39892 -0.030356 
M003 -0.17979 0.81774 -1.1167 -0.15971 0.17217 0.8555 0.73627 -0.11895 
M073~B -0.12639 0.62599 -0.90479 -0.13016 0.14834 0.65215 0.5792 -0.10453 
M057~B1 -0.11623 0.68291 -0.99024 -0.15315 0.15958 0.74215 0.68973 -0.07574 
M044 -0.14065 0.75827 -1.0511 -0.17401 0.16521 0.79766 0.69898 -0.099453 
M240~E -0.15502 0.77215 -1.0864 -0.18937 0.16415 0.83333 0.73323 -0.14499 
M050~K -0.11617 0.57266 -0.80675 -0.15927 0.13258 0.58448 0.49987 -0.077467 
M144 -0.10543 0.69364 -0.93144 -0.16694 0.15164 0.69867 0.64508 -0.099227 
|M370+M072+M370| -0.038382 0.18325 -0.26974 -0.039482 0.042857 0.19264 0.16754 -0.041677 
M069~A -0.10924 0.5476 -0.75318 -0.13434 0.12039 0.59479 0.52994 -0.068079 
M221 -0.1411 0.82226 -1.1727 -0.17546 0.19003 0.8717 0.74666 -0.15065 
M207 -0.18493 0.79766 -1.0878 -0.15461 0.16658 0.81791 0.76469 -0.091628 
|M175+M288| -0.12258 0.59289 -0.81794 -0.14521 0.12916 0.58513 0.56049 -0.085823 
M341~Q -0.071959 0.42015 -0.54776 -0.086552 0.093451 0.42399 0.3667 -0.016845 
M269~2 -0.11208 0.57712 -0.78582 -0.15269 0.12705 0.56943 0.51221 -0.059224 
M035 -0.18251 0.85518 -1.2151 -0.2056 0.21524 0.85682 0.81993 -0.075803 
M263~B -0.22095 0.94906 -1.3186 -0.23038 0.19718 0.97352 0.89311 -0.13281 
M269~A1 -0.096501 0.51082 -0.71454 -0.11237 0.13805 0.53477 0.48214 -0.056623 
M346~B -0.10853 0.58056 -0.81835 -0.13283 0.088385 0.6439 0.51588 -0.098161 
M325~D -0.11406 0.57683 -0.74306 -0.098388 0.13847 0.56016 0.51294 -0.061388 
|M036+N24| -0.079978 0.43711 -0.57375 -0.1104 0.10844 0.45886 0.41137 -0.075423 
M002~B -0.09926 0.5782 -0.79621 -0.13674 0.11039 0.60247 0.54973 -0.10529 
M417~H -0.014167 0.12855 -0.23968 0.0022526 0.066213 0.14945 0.13738 -0.04747 
M051~A -0.13057 0.70534 -1.0253 -0.18929 0.12043 0.75134 0.69183 -0.1086 
|M106~2+M288| -0.089265 0.41365 -0.57865 -0.098442 0.086779 0.421 0.37113 -0.05384 
M310 -0.11929 0.79456 -1.1429 -0.22835 0.17935 0.82501 0.78317 -0.1123 
M056 -0.16959 0.92846 -1.2823 -0.21864 0.18815 0.94321 0.85235 -0.1303 
M110 -0.12513 0.67709 -0.96897 -0.199 0.1943 0.74771 0.65645 -0.091001 
M053~A -0.11812 0.66262 -0.97289 -0.17499 0.15516 0.73311 0.66266 -0.076935 
M223~B -0.13182 0.74306 -1.0642 -0.18126 0.16016 0.7879 0.68448 -0.11853 
M051~C -0.12523 0.64599 -0.92761 -0.12261 0.12148 0.67218 0.63559 -0.073099 
M264~B -0.13596 0.77012 -1.105 -0.15418 0.15782 0.80895 0.70508 -0.10884 
|M195+M038~A| -0.089929 0.44699 -0.6252 -0.098245 0.097723 0.47086 0.42203 -0.068707 
M009~A -0.13678 0.70593 -0.9916 -0.16352 0.1442 0.71486 0.64871 -0.066938 
|M370+M388+M370| -0.052551 0.25753 -0.37434 -0.056232 0.052383 0.27075 0.24311 -0.036812 
M247~G -0.091329 0.49681 -0.73408 -0.135 0.11796 0.55428 0.4529 -0.08057 
M230~A -0.11868 0.56387 -0.80758 -0.15507 0.12502 0.62284 0.52705 -0.10133 
M136~B -0.10936 0.61458 -0.83907 -0.16697 0.13227 0.61941 0.55641 -0.1058 
M136~I -0.076127 0.51114 -0.65323 -0.12738 0.10533 0.46123 0.42427 -0.084381 
M242~AB -0.093688 0.53496 -0.73709 -0.11556 0.12505 0.55497 0.49184 -0.068029 
|M327+M059| -0.073651 0.29933 -0.43953 -0.060693 0.055043 0.32508 0.27544 -0.053451 
M210~G -0.08952 0.51844 -0.72633 -0.098589 0.1231 0.53718 0.48062 -0.11031 
M384 -0.16474 0.96737 -1.3483 -0.21744 0.21747 1.0106 0.91339 -0.12435 
M041~G -0.083602 0.43029 -0.6379 -0.10816 0.11946 0.47627 0.42155 -0.062925 
M373~A -0.13459 0.69624 -0.96864 -0.17685 0.15342 0.6931 0.61972 -0.096244 
M265 -0.17208 0.98125 -1.3621 -0.21943 0.23964 0.99872 0.89363 -0.13651 
M024~1 -0.10722 0.5384 -0.74803 -0.11558 0.11891 0.5339 0.4816 -0.081975 
M379 -0.139 0.797 -1.143 -0.19515 0.20079 0.82052 0.76548 -0.15278 
M323 -0.13054 0.80221 -1.1451 -0.17762 0.18104 0.82869 0.77023 -0.11619 
|M288+N01| -0.08785 0.50463 -0.69349 -0.14026 0.1063 0.53687 0.48764 -0.071754 
M061 -0.13817 0.64554 -0.88504 -0.13708 0.12972 0.67307 0.58176 -0.085602 
M001~B -0.11968 0.63529 -0.87837 -0.13538 0.131 0.6219 0.57907 -0.075736 
M316~E2 -0.060767 0.39658 -0.56097 -0.095315 0.093345 0.38774 0.39247 -0.069322 
M056~E -0.1276 0.62437 -0.87751 -0.13934 0.14958 0.62809 0.63542 -0.059938 
M295 -0.23426 0.95681 -1.322 -0.23756 0.22056 0.95094 0.83522 -0.14623 
|M305+M136| -0.069341 0.37755 -0.51486 -0.090332 0.095559 0.36351 0.34227 -0.054545 
M318~A -0.15974 0.83345 -1.1836 -0.21099 0.19543 0.84006 0.79972 -0.11266 
|M377+M377| -0.044533 0.37028 -0.51296 -0.073074 0.071442 0.37394 0.31447 -0.065897 
M254~C -0.1248 0.61415 -0.86916 -0.14884 0.13097 0.64457 0.57461 -0.073303 
M210~D -0.095324 0.58974 -0.82674 -0.12202 0.14014 0.59676 0.58187 -0.087328 
M418~C -0.012392 0.1485 -0.18144 -0.031446 0.027265 0.14654 0.13317 -0.031187 
M312 -0.15168 0.77267 -1.1526 -0.21808 0.15308 0.78831 0.7439 -0.10662 
|M175+M136| -0.10869 0.45972 -0.61559 -0.11798 0.1177 0.43633 0.4356 -0.063298 
M367~I -0.11447 0.47785 -0.66217 -0.10546 0.11955 0.50478 0.42634 -0.054941 
M147~E -0.11208 0.70506 -0.9688 -0.20041 0.1665 0.73336 0.64519 -0.13562 
M058 -0.16998 0.92209 -1.2999 -0.21582 0.15443 1.0043 0.85973 -0.12989 
M006@G -0.10397 0.42467 -0.60396 -0.070087 0.072358 0.44033 0.39425 -0.039067 
M261~B1 -0.089582 0.581 -0.82823 -0.14005 0.1366 0.61575 0.53939 -0.090029 
M208 -0.16172 0.77764 -1.0405 -0.13704 0.17852 0.78893 0.71484 -0.079433 
M047 -0.15853 0.81368 -1.1507 -0.20601 0.21338 0.86626 0.73486 -0.10762 
M251~C -0.14737 0.57703 -0.86818 -0.10436 0.14296 0.62567 0.5559 -0.067345 
M103 -0.13884 0.63798 -0.86857 -0.14065 0.10276 0.6402 0.58046 -0.078957 
M318 -0.17004 0.87682 -1.2735 -0.22055 0.18515 0.90371 0.86076 -0.11611 
|M370+M046+M370| -0.038869 0.18589 -0.28076 -0.041653 0.048875 0.18166 0.18421 -0.043831 
M205~C -0.12248 0.56361 -0.77304 -0.13214 0.14212 0.56964 0.52875 -0.094856 
M210 -0.15526 0.86609 -1.242 -0.21753 0.19897 0.90885 0.81501 -0.14579 
M080~A -0.11322 0.599 -0.86933 -0.15919 0.13001 0.65585 0.58674 -0.092076 
M226~C -0.13976 0.73722 -1.0066 -0.1602 0.14152 0.74953 0.68872 -0.095784 
M383 -0.17363 0.91206 -1.2772 -0.21745 0.20223 0.96235 0.87724 -0.14805 
M367~G -0.094727 0.4204 -0.59892 -0.10199 0.11611 0.46017 0.4001 -0.051571 
M075~G -0.090642 0.41239 -0.57918 -0.085109 0.071444 0.43743 0.39502 -0.08826 
M311~B -0.098633 0.58399 -0.80718 -0.14382 0.12858 0.59155 0.55521 -0.074925 
M115~A -0.11135 0.5792 -0.78078 -0.14603 0.12364 0.60401 0.53551 -0.079383 
M264~D -0.12633 0.69836 -1.0017 -0.13871 0.15603 0.7548 0.61826 -0.074842 
M281~C -0.14753 0.72125 -0.99768 -0.1576 0.15265 0.76825 0.63696 -0.10234 
|M218+M101| -0.066115 0.4393 -0.62507 -0.091648 0.084486 0.445 0.39148 -0.051562 
M195~D -0.074624 0.42821 -0.5453 -0.092455 0.099192 0.45268 0.39249 -0.051189 
M003~C -0.11023 0.63857 -0.88013 -0.11737 0.15627 0.67922 0.60015 -0.081478 
M317~A -0.13435 0.6627 -0.95296 -0.15746 0.16082 0.71232 0.63365 -0.066304 
M110~A -0.13686 0.56493 -0.84736 -0.13703 0.15374 0.64026 0.53483 -0.091788 
M206~B -0.14718 0.70827 -1.0068 -0.14713 0.13408 0.76161 0.65549 -0.09925 
M057~A2 -0.11393 0.66856 -0.9598 -0.15749 0.16973 0.70812 0.67298 -0.093582 
M246~B -0.10126 0.6361 -0.88778 -0.16086 0.13619 0.67061 0.58901 -0.11048 
M309~D -0.093051 0.53604 -0.79367 -0.12606 0.10349 0.55825 0.54419 -0.053493 
|M153+X| -0.078972 0.3655 -0.52083 -0.090819 0.074263 0.37002 0.35691 -0.050458 
M057~A4 -0.13644 0.66952 -0.98719 -0.16132 0.13014 0.7154 0.67365 -0.089207 
M103~3 -0.09522 0.41679 -0.58631 -0.10366 0.08774 0.44018 0.41727 -0.068388 
M146~D -0.10971 0.52746 -0.67991 -0.12125 0.11874 0.52038 0.47509 -0.084407 
M149~A1 -0.078142 0.42943 -0.59479 -0.087279 0.10662 0.42815 0.38573 -0.035737 
M285~C -0.12624 0.66858 -0.88998 -0.17643 0.15716 0.66877 0.61303 -0.097949 
M263~E -0.18228 0.85737 -1.2131 -0.20746 0.16869 0.90452 0.79176 -0.11373 
M143 -0.13726 0.76288 -0.95818 -0.14638 0.15317 0.71178 0.64092 -0.10647 
M110~B -0.11122 0.56068 -0.85167 -0.13173 0.15667 0.65094 0.55892 -0.075457 
M038~B1 -0.1314 0.59195 -0.82741 -0.11279 0.13644 0.62336 0.56499 -0.088568 
M288~I -0.15946 0.76112 -1.0165 -0.16801 0.16085 0.78714 0.72982 -0.10758 
M158~H -0.091295 0.36026 -0.57692 -0.091898 0.10599 0.40771 0.36993 -0.038047 
M075~M -0.074906 0.43646 -0.62827 -0.070078 0.076648 0.46206 0.42313 -0.070456 
M112 -0.10207 0.64686 -0.87949 -0.14326 0.17009 0.68066 0.57722 -0.052049 
M309 -0.14177 0.75267 -1.0769 -0.13146 0.14961 0.79512 0.70741 -0.10579 
M049~D -0.078135 0.64244 -0.87124 -0.13794 0.14605 0.61162 0.5904 -0.046137 
M379~C -0.13339 0.56407 -0.77736 -0.12481 0.1295 0.57281 0.53584 -0.0706 
M356 -0.11426 0.77437 -1.0474 -0.18105 0.17755 0.82392 0.68482 -0.095118 
|M260~2+N24| -0.060927 0.35681 -0.47219 -0.098942 0.096518 0.3565 0.30023 -0.063621 
M128~D -0.12664 0.58571 -0.81328 -0.14082 0.14122 0.6101 0.54876 -0.050509 
M246 -0.15104 0.81742 -1.1983 -0.21003 0.18052 0.87798 0.81636 -0.12228 
M180 -0.097428 0.46145 -0.63332 -0.13723 0.12701 0.49013 0.39722 -0.060146 
M376~B -0.11655 0.60464 -0.85704 -0.13855 0.12936 0.63622 0.55371 -0.11568 
M010~6 -0.080257 0.40791 -0.61837 -0.091728 0.080942 0.42355 0.37628 -0.038363 
M038~A2 -0.13544 0.60211 -0.82221 -0.12138 0.13614 0.62819 0.55774 -0.11246 
M096~D -0.11923 0.60652 -0.80799 -0.11776 0.13335 0.62547 0.58554 -0.10694 
M010~1 -0.099717 0.46493 -0.70438 -0.10728 0.071838 0.52 0.48367 -0.066481 
|M260~1+N24| -0.070459 0.3601 -0.49787 -0.091101 0.088916 0.37498 0.32439 -0.049939 
M193 -0.084613 0.54396 -0.75228 -0.14038 0.14512 0.58857 0.50686 -0.025714 
M075~O -0.10196 0.41598 -0.60284 -0.093208 0.067052 0.45658 0.40658 -0.067089 
M298 -0.21924 0.91655 -1.2111 -0.21927 0.16663 0.8786 0.76415 -0.12194 
M243 -0.15472 0.85395 -1.1851 -0.19585 0.22806 0.91576 0.78296 -0.14956 
|M218~D+M288| -0.10428 0.49166 -0.68406 -0.11285 0.092629 0.51761 0.46216 -0.05839 
M294~A -0.15602 0.72152 -1.0083 -0.1866 0.12555 0.72958 0.63646 -0.10048 
|M175+M175| -0.088913 0.38241 -0.51142 -0.09466 0.084835 0.35923 0.37264 -0.047232 
|M036+N39C| -0.068929 0.35258 -0.47535 -0.061536 0.066035 0.36349 0.31766 -0.051134 
M346~D -0.070894 0.52793 -0.748 -0.11815 0.10068 0.56578 0.49259 -0.091883 
M277 -0.13679 0.67181 -0.95707 -0.1456 0.13905 0.71385 0.61258 -0.10966 
|M305+M320| -0.069312 0.37409 -0.54366 -0.093088 0.089622 0.39107 0.35655 -0.068998 
M136~A -0.1182 0.61782 -0.82975 -0.16151 0.11883 0.61788 0.57426 -0.11665 
M176 -0.083343 0.54407 -0.73134 -0.13852 0.11778 0.59558 0.51677 -0.083811 
M059~D -0.085115 0.63475 -0.88391 -0.1351 0.11494 0.63612 0.5824 -0.074258 
M243~E -0.11229 0.56129 -0.84186 -0.14269 0.15403 0.64065 0.52693 -0.087788 
M292~C -0.16179 0.78644 -1.0811 -0.17406 0.1819 0.80548 0.70862 -0.12152 
M248~A -0.13746 0.71642 -1.0384 -0.15644 0.15569 0.77799 0.67904 -0.10018 
|M195+M038| -0.10838 0.49361 -0.68972 -0.11781 0.10894 0.51047 0.45079 -0.074624 
M024~A1 -0.081152 0.44076 -0.61629 -0.092761 0.10543 0.44789 0.41023 -0.071508 
M123~B -0.10412 0.50826 -0.72645 -0.14542 0.11127 0.54543 0.48574 -0.065186 
M136~Q -0.082634 0.45632 -0.58718 -0.13067 0.09947 0.42249 0.40706 -0.092089 
M292~I -0.15052 0.71362 -0.97601 -0.17319 0.1655 0.72271 0.64367 -0.10594 
M352~S -0.0881 0.51365 -0.74193 -0.12188 0.10071 0.53251 0.45255 -0.086576 
M048~I -0.14915 0.71816 -0.97664 -0.15892 0.14391 0.75591 0.66718 -0.087615 
M126 -0.11363 0.59156 -0.82931 -0.13484 0.14938 0.62743 0.55874 -0.041735 
M038~I -0.19141 0.7532 -0.98539 -0.15787 0.16198 0.74146 0.68378 -0.1083 
M264~A1 -0.11998 0.59554 -0.83175 -0.11616 0.14192 0.61531 0.51444 -0.068237 
M324~D -0.10579 0.54865 -0.76975 -0.12045 0.1231 0.56409 0.5055 -0.057719 
M252~Q -0.11809 0.46025 -0.66612 -0.11241 0.061619 0.4994 0.41251 -0.063913 
M131~K -0.099012 0.44438 -0.63783 -0.13749 0.095978 0.48281 0.42915 -0.074621 
M321 -0.13445 0.74241 -1.0871 -0.17264 0.14477 0.76399 0.69367 -0.066236 
M016 -0.1219 0.62463 -0.93327 -0.16003 0.11296 0.69137 0.62767 -0.095377 
M288~D -0.14605 0.7866 -1.1051 -0.20271 0.149 0.81993 0.73022 -0.10862 
M037 -0.1566 0.8254 -1.1218 -0.12829 0.20979 0.85446 0.80565 -0.058281 
M319~C -0.080656 0.54378 -0.80132 -0.15962 0.12189 0.57994 0.53949 -0.068986 
|M260+N24| -0.073411 0.35877 -0.48234 -0.082317 0.07075 0.3821 0.32832 -0.064251 
|M175+M153| -0.092369 0.42675 -0.55968 -0.11551 0.10251 0.40319 0.39356 -0.053189 
M206~FA -0.097004 0.46424 -0.65122 -0.08272 0.08931 0.49388 0.43515 -0.064099 
M362+X -0.072975 0.38804 -0.52332 -0.073886 0.061407 0.43104 0.34515 -0.072658 
M075~K -0.086395 0.42631 -0.602 -0.061823 0.059462 0.44405 0.41018 -0.072668 
M244 -0.16841 0.86819 -1.2235 -0.19921 0.21198 0.94542 0.83884 -0.14158 
M387~H -0.11375 0.80792 -1.1583 -0.19846 0.16559 0.85769 0.77392 -0.1351 
M105 -0.12128 0.60576 -0.78974 -0.17559 0.14821 0.62136 0.5518 -0.065285 
|M218+X| -0.09196 0.45756 -0.66603 -0.091097 0.092963 0.49612 0.46191 -0.046412 
M352~C -0.11249 0.62189 -0.84863 -0.10686 0.12486 0.5968 0.54962 -0.055304 
M359 -0.15328 0.70759 -0.97676 -0.17895 0.17295 0.71101 0.63657 -0.082508 
M207~M -0.11129 0.4498 -0.63363 -0.094225 0.1064 0.46531 0.4234 -0.065455 
M048~E -0.12874 0.70868 -1.0045 -0.16184 0.17123 0.76967 0.66461 -0.094845 
M418~B -0.046285 0.19388 -0.26992 -0.066969 0.040864 0.24347 0.18977 -0.055486 
M209~D -0.09741 0.54066 -0.77233 -0.1234 0.13341 0.55186 0.51638 -0.067707 
M158 -0.10767 0.5494 -0.8082 -0.1535 0.13167 0.60051 0.57016 -0.096417 
M103~2 -0.12557 0.45043 -0.61667 -0.12522 0.071234 0.47573 0.44809 -0.056334 
|M157+M288| -0.097819 0.48729 -0.66707 -0.10196 0.10259 0.47696 0.43729 -0.07235 
M342 -0.14941 0.79028 -1.0907 -0.18267 0.14567 0.80824 0.68499 -0.12307 
M111 -0.12105 0.59973 -0.83604 -0.12719 0.15646 0.6389 0.58932 -0.062536 
|M351+X| -0.039889 0.25562 -0.33733 -0.044291 0.05164 0.25204 0.25835 -0.057949 
|M305+M009| -0.05498 0.35947 -0.49579 -0.068256 0.074933 0.37916 0.33584 -0.064193 
M323~I -0.10374 0.53008 -0.72548 -0.14431 0.1358 0.56271 0.49476 -0.081282 
M052~A -0.13072 0.66407 -0.9134 -0.17551 0.1326 0.65595 0.6181 -0.092031 
M064~A -0.11253 0.58263 -0.81636 -0.14445 0.12469 0.58773 0.52746 -0.077468 
M295~E -0.12321 0.62409 -0.87085 -0.16642 0.14581 0.63024 0.56824 -0.085223 
M041~J -0.11154 0.44619 -0.62987 -0.09389 0.082207 0.48345 0.41397 -0.069614 
M293~B -0.16597 0.6419 -0.89811 -0.17369 0.13012 0.67217 0.60606 -0.10883 
M383~E -0.091638 0.58633 -0.88553 -0.14292 0.17862 0.65044 0.57986 -0.11229 
M136~R -0.079717 0.43731 -0.58925 -0.12749 0.099091 0.45891 0.42213 -0.073293 
M125~A -0.088685 0.5868 -0.79819 -0.15141 0.12432 0.6151 0.52355 -0.065753 
M367~E -0.11171 0.53341 -0.76169 -0.12676 0.11848 0.553 0.5109 -0.087028 
|M362+X| -0.05077 0.20706 -0.27997 -0.014937 0.02542 0.22441 0.20212 -0.050229 
M039~A -0.13194 0.64636 -0.92945 -0.15625 0.1289 0.68793 0.60847 -0.070394 
M145~BB -0.094372 0.42117 -0.59312 -0.11372 0.089393 0.45964 0.4059 -0.045686 
M248 -0.13611 0.83961 -1.2648 -0.21111 0.20683 0.9029 0.79835 -0.15061 
M206~F -0.13534 0.57671 -0.83083 -0.12381 0.13676 0.63696 0.53358 -0.072308 
M147~D -0.091438 0.58344 -0.84396 -0.13876 0.12312 0.60587 0.55687 -0.071369 
M224 -0.17268 0.84026 -1.204 -0.21348 0.16823 0.82738 0.75838 -0.11329 
M054~C -0.13603 0.64763 -0.91403 -0.14274 0.12328 0.69809 0.60142 -0.076596 
M417~F -0.029945 0.14407 -0.2113 -0.0060636 0.060719 0.15979 0.12766 -0.031695 
M038~B -0.19724 0.79816 -1.1372 -0.14438 0.16092 0.83902 0.74262 -0.13374 
M321~B -0.12943 0.59327 -0.81335 -0.14223 0.15132 0.57884 0.52883 -0.08448 
M386 -0.22326 1.0273 -1.4679 -0.22145 0.21558 1.0658 0.97448 -0.18586 
M247~A -0.11739 0.69204 -0.95047 -0.16383 0.13792 0.7056 0.64927 -0.090984 
M102~DA -0.052808 0.28677 -0.41126 -0.086947 0.066443 0.3084 0.28081 -0.044704 
M080~B -0.11809 0.58752 -0.84054 -0.12252 0.10885 0.63779 0.53462 -0.093989 
M325~E -0.10935 0.57005 -0.7925 -0.10174 0.14292 0.5797 0.53327 -0.092361 
M073~A -0.12537 0.64099 -0.89111 -0.15968 0.13078 0.63648 0.57252 -0.086525 
M097~F -0.10963 0.53891 -0.73451 -0.11847 0.096947 0.53743 0.48633 -0.077222 
M301~A -0.13174 0.63198 -0.94282 -0.15837 0.11097 0.67458 0.58997 -0.092135 
M293~A -0.14863 0.66125 -0.9249 -0.16619 0.13682 0.6846 0.58902 -0.09165 
M251 -0.19506 0.82843 -1.1762 -0.17952 0.2022 0.84336 0.76727 -0.10572 
M039~C -0.1257 0.56901 -0.82326 -0.13082 0.14046 0.61028 0.5556 -0.073854 
M096~1 -0.11536 0.55984 -0.78738 -0.14233 0.13874 0.58398 0.54791 -0.080325 
M271~CA -0.072219 0.36381 -0.50911 -0.072254 0.079197 0.39261 0.35365 -0.042532 
|M351+3(N01)| -0.005361 0.15351 -0.2229 -0.03288 0.014482 0.14818 0.15281 -0.034707 
M371~A -0.14467 0.69992 -0.95805 -0.18224 0.16868 0.68122 0.6282 -0.11631 
M370~C -0.13393 0.55872 -0.79061 -0.1224 0.14476 0.57015 0.54546 -0.10694 
|M157+X| -0.078639 0.34593 -0.47432 -0.076965 0.086825 0.34296 0.32479 -0.053229 
M180~B -0.081068 0.48672 -0.64862 -0.089911 0.11714 0.49201 0.41528 -0.07583 
M242~D -0.14295 0.76558 -1.0718 -0.15663 0.17583 0.78084 0.70679 -0.087439 
M318~A3 -0.097653 0.55275 -0.76549 -0.155 0.12068 0.56624 0.53844 -0.078967 
|M054+M365+M054~I| -0.06055 0.30969 -0.4192 -0.068942 0.057434 0.32812 0.28125 -0.029042 
M278 -0.10996 0.64807 -0.90526 -0.16783 0.14721 0.68194 0.64025 -0.12533 
M361~A -0.12644 0.58802 -0.78855 -0.13761 0.12819 0.59965 0.52253 -0.11921 
M086 -0.1585 0.72144 -0.97821 -0.16049 0.13556 0.71368 0.67351 -0.13303 
M150~A -0.12991 0.50463 -0.72515 -0.14827 0.13442 0.53101 0.47832 -0.078558 
