453 8
N01 -0.08057 0.30312 -1.11418 0.00917 -0.28878 1.75361 -0.84281 -0.99875
</s> 0.05236 0.30840 -1.11486 0.19009 -0.20565 1.70462 -0.66526 -1.00037
... -0.13162 0.25610 -1.10088 0.12778 -0.28113 1.65479 -0.62987 -0.94066
N14 -0.01231 0.22293 -1.04291 0.00345 -0.26477 1.74581 -0.74012 -1.04487
x -0.17992 0.18258 -1.02520 -0.01371 -0.29182 1.38496 -0.55459 -0.82208
N39B -0.11378 0.23888 -1.10460 0.01568 -0.28973 1.90409 -0.68084 -1.03083
M288 -0.12174 0.32422 -1.47610 0.05504 -0.41222 2.34432 -0.95813 -1.28480
N30C -0.09819 0.27842 -1.07279 0.06693 -0.26298 1.80592 -0.68448 -0.93333
N34 0.02308 0.12393 -1.27482 0.01652 -0.30588 2.04828 -0.77342 -1.13483
M388 -0.14103 0.36562 -1.60649 0.11453 -0.46081 2.49540 -1.00782 -1.44220
N24 -0.08732 0.20538 -0.83545 0.07640 -0.23312 1.34993 -0.55372 -0.79681
M218 -0.12893 0.33336 -1.62610 0.10652 -0.40845 2.47112 -0.96922 -1.42012
M371 -0.13392 0.30292 -1.40146 0.08318 -0.32389 2.07898 -0.86631 -1.23553
M124 -0.07974 0.30135 -1.29630 0.07002 -0.36721 1.95516 -0.80635 -1.12952
N45 -0.05624 0.13700 -0.79655 -0.03345 -0.20825 1.37583 -0.49532 -0.76531
M297 -0.09614 0.26170 -1.27146 0.06467 -0.37344 2.06827 -0.82603 -1.14428
M054 -0.08659 0.30813 -1.36657 0.09937 -0.35906 2.07633 -0.88340 -1.21596
M346 -0.14775 0.25210 -1.17885 0.06438 -0.31894 1.83598 -0.78511 -1.02357
M387 -0.16447 0.37355 -1.65918 0.12771 -0.40502 2.56690 -1.06087 -1.45941
M066 -0.09967 0.28838 -1.40489 0.09873 -0.34224 2.13809 -0.89244 -1.22876
M157 -0.10986 0.20607 -0.91376 0.03731 -0.26544 1.40078 -0.57733 -0.81809
N23 -0.05319 0.23226 -1.02641 0.19704 -0.18813 1.65242 -0.51843 -0.98076
N30D -0.06335 0.23665 -0.90709 0.04478 -0.22748 1.53387 -0.54384 -0.83048
M009 -0.10436 0.31655 -1.30219 0.08562 -0.31318 2.03100 -0.81992 -1.13968
M376 -0.13595 0.23863 -1.20379 0.07462 -0.30736 1.87408 -0.78714 -1.10818
M096 -0.09406 0.32821 -1.49829 0.10580 -0.38641 2.28482 -0.93064 -1.31043
M263 -0.11634 0.40077 -1.75363 0.06119 -0.40278 2.67041 -1.10545 -1.52898
M001 -0.11381 0.26303 -1.25761 0.06921 -0.31956 1.91933 -0.82423 -1.10473
N1@b -0.08913 0.35010 -1.36330 -0.07373 -0.45216 2.08028 -0.76747 -1.27536
M036 -0.12584 0.34131 -1.45716 0.10564 -0.36034 2.27574 -0.95482 -1.31966
M305 -0.13261 0.29719 -1.23590 0.12736 -0.28258 1.97756 -0.82007 -1.10910
M032 -0.08590 0.28615 -1.32987 0.09432 -0.34976 2.07003 -0.83807 -1.18159
M370 -0.11131 0.23198 -1.18871 0.06051 -0.27673 1.80457 -0.75423 -1.05270
M004 -0.08639 0.28721 -1.22812 0.06453 -0.32538 1.85711 -0.82123 -1.08823
M354 -0.07351 0.25681 -1.12689 0.06774 -0.25406 1.66823 -0.70888 -0.97072
M367 -0.04042 0.22576 -1.07830 0.05597 -0.25767 1.67017 -0.69638 -0.93999
M003~b -0.05571 0.25650 -1.12727 0.06035 -0.27305 1.66526 -0.67647 -0.95630
M157~a -0.10038 0.22215 -0.88868 0.06600 -0.24846 1.38680 -0.59246 -0.78655
|M036+N30D| -0.07182 0.17829 -0.88365 0.03903 -0.23628 1.38890 -0.55736 -0.80214
M072 -0.10828 0.18318 -1.04032 0.05664 -0.26720 1.60236 -0.66471 -0.92105
M057 -0.07589 0.39098 -1.59416 0.09682 -0.42689 2.42629 -0.97896 -1.38996
N51 -0.15328 0.16361 -1.19802 0.03231 -0.21824 1.72563 -0.66955 -0.97862
M219 -0.10692 0.28083 -1.27425 0.05525 -0.35315 1.92129 -0.80621 -1.08636
M347 -0.12420 0.26240 -1.25229 0.09202 -0.34029 2.01280 -0.80368 -1.14675
N30C@b -0.08015 0.20802 -0.91206 0.02330 -0.23243 1.50181 -0.56069 -0.83920
M297~b -0.11165 0.21625 -1.00693 0.06818 -0.29010 1.63001 -0.68042 -0.94197
N08A -0.06603 0.12027 -0.65002 -0.00821 -0.20254 0.97590 -0.40743 -0.54391
N14@b -0.05160 0.31625 -1.30217 0.01580 -0.35709 2.03058 -0.75829 -1.24410
M259 -0.07827 0.26639 -1.32009 0.06699 -0.33087 2.01185 -0.81861 -1.12385
M059 -0.08144 0.31434 -1.33368 0.10688 -0.33512 2.02624 -0.83913 -1.13595
N39B@b -0.10381 0.29512 -1.14658 -0.01234 -0.31915 1.84854 -0.67156 -1.06973
M056~f -0.08704 0.22432 -0.96820 0.06056 -0.26074 1.48943 -0.59210 -0.86316
M386~a -0.11381 0.28866 -1.30907 0.07643 -0.30055 1.97259 -0.78487 -1.13699
M373 -0.12164 0.21721 -1.16033 0.07285 -0.30236 1.75655 -0.73280 -1.03355
n -0.01715 0.09801 -0.28924 0.07574 -0.10952 0.38909 -0.09646 -0.22838
M263~a -0.12227 0.26811 -1.36306 0.05967 -0.32486 2.09058 -0.85495 -1.17451
M387~c -0.14987 0.30914 -1.34434 0.09046 -0.32590 2.09210 -0.84382 -1.19441
M377~e -0.07656 0.22463 -1.10631 0.11021 -0.26856 1.71164 -0.67838 -0.98320
M153 -0.06888 0.22007 -1.04197 0.07432 -0.27679 1.61825 -0.66045 -0.94399
M377 -0.10652 0.31917 -1.39357 0.08674 -0.33743 2.11262 -0.85520 -1.23732
M387~ef -0.13013 0.25851 -1.11273 0.08120 -0.27005 1.69328 -0.68067 -0.92368
M387~a -0.16560 0.33851 -1.41518 0.10194 -0.33410 2.17214 -0.92405 -1.23953
M365 -0.08672 0.22878 -1.04255 0.08207 -0.23942 1.59800 -0.66140 -0.91235
M101 -0.09722 0.24676 -1.15821 0.05415 -0.28237 1.79715 -0.74992 -1.00796
M005~a -0.10528 0.26127 -1.00682 0.07226 -0.26675 1.55384 -0.64497 -0.87015
M304 -0.07672 0.22639 -1.03903 0.09272 -0.25498 1.61925 -0.71210 -0.95081
M240 -0.13209 0.35629 -1.46800 0.05196 -0.35025 2.29703 -0.88698 -1.29212
M320 -0.11546 0.33768 -1.40374 0.07414 -0.36034 2.12430 -0.89664 -1.23323
M317 -0.09213 0.20774 -1.19118 0.10099 -0.28938 1.88431 -0.72777 -1.07982
N39C -0.11972 0.21494 -0.83701 -0.01175 -0.19486 1.46019 -0.52048 -0.79083
M024 -0.15988 0.27314 -1.33930 0.10365 -0.33487 1.98977 -0.80470 -1.16920
M006 -0.11214 0.23817 -1.10892 0.09855 -0.29867 1.68972 -0.72901 -0.97017
M263~1 -0.09535 0.25706 -1.24928 0.04575 -0.32020 1.90043 -0.79080 -1.05488
M097~h -0.07475 0.20912 -0.94899 0.06475 -0.24280 1.42385 -0.59351 -0.80932
M348 -0.11556 0.23213 -1.15756 0.09179 -0.31765 1.77571 -0.74807 -1.02987
M262 -0.10922 0.31989 -1.51355 0.08260 -0.39994 2.38761 -0.95011 -1.33340
N48 -0.00790 0.18184 -1.04929 0.02294 -0.27726 1.67343 -0.63328 -0.94736
M010~2 -0.08701 0.15521 -0.80908 0.09838 -0.18361 1.26926 -0.49751 -0.71887
|M136+M365| -0.04851 0.16670 -0.76521 0.06408 -0.19646 1.19032 -0.47904 -0.66448
M387~l -0.14290 0.27389 -1.13002 0.12746 -0.27056 1.74576 -0.72851 -0.99247
M066~a -0.09553 0.24627 -1.09320 0.08597 -0.27241 1.67148 -0.71196 -0.96687
M057~a -0.11929 0.31387 -1.43368 0.11586 -0.37849 2.21839 -0.91204 -1.27490
M352~o -0.06420 0.21306 -1.00697 0.05963 -0.27311 1.52611 -0.63933 -0.89872
M146 -0.11808 0.27640 -1.16015 0.05361 -0.25841 1.80587 -0.70442 -1.03493
M081 -0.10466 0.22164 -1.05002 0.08783 -0.24633 1.62489 -0.69768 -0.93357
M352~n -0.03314 0.23969 -1.00043 0.04488 -0.25857 1.52627 -0.61511 -0.88259
M099 -0.09523 0.31027 -1.35702 0.07827 -0.34753 2.07131 -0.87789 -1.23860
M260 -0.11896 0.32440 -1.53069 0.06774 -0.36413 2.33034 -0.95367 -1.32075
M002 -0.06526 0.26240 -1.18930 0.08016 -0.26597 1.78856 -0.78197 -1.04370
M139 -0.07799 0.23291 -1.25545 0.09150 -0.33111 1.98396 -0.76976 -1.13432
M309~a -0.08069 0.22406 -0.91267 0.07848 -0.20442 1.40357 -0.58136 -0.77981
M329 -0.11869 0.30222 -1.28764 0.10749 -0.29654 1.93063 -0.81733 -1.11935
M033 -0.10754 0.27204 -1.35128 0.11389 -0.34610 2.13883 -0.89220 -1.20815
M263~b1 -0.07205 0.22154 -1.01088 0.03205 -0.24368 1.55870 -0.64750 -0.88292
M203~c -0.08001 0.18966 -0.95263 0.04001 -0.24035 1.48402 -0.57861 -0.88498
|M327+M342| -0.05910 0.13872 -0.63090 0.04077 -0.15661 0.96618 -0.38176 -0.53841
M314 -0.09023 0.27972 -1.26298 0.07506 -0.29706 1.92330 -0.75952 -1.07309
M046 -0.11943 0.28725 -1.26459 0.04975 -0.30722 1.90134 -0.73645 -1.07494
M206~d -0.07257 0.22296 -0.91029 0.04420 -0.22514 1.44665 -0.59072 -0.82301
M149~a -0.11192 0.23274 -1.10052 0.06254 -0.27778 1.68241 -0.68285 -0.96032
M206~g -0.06002 0.15810 -0.73384 0.04800 -0.16318 1.17760 -0.50734 -0.68904
M175 -0.09130 0.22321 -1.08210 0.04117 -0.28710 1.68993 -0.65892 -0.90787
M391 -0.04942 0.20236 -0.89339 0.05369 -0.24539 1.42474 -0.59654 -0.81033
M390 -0.11988 0.21403 -1.02994 0.10168 -0.22671 1.60935 -0.67055 -0.91502
M362 -0.09874 0.20481 -1.01616 0.12353 -0.28047 1.56154 -0.64499 -0.89608
M106~a -0.10231 0.21789 -0.90393 0.07799 -0.19140 1.42159 -0.57456 -0.78017
M106 -0.08911 0.26650 -0.98061 0.08039 -0.25379 1.53884 -0.63490 -0.84093
|M195+M057| -0.08605 0.26464 -1.19117 0.06746 -0.30335 1.82138 -0.73128 -1.04705
M372 -0.12808 0.25080 -1.27367 0.07473 -0.30607 1.96459 -0.82337 -1.13112
N02 -0.04880 0.25200 -0.79849 0.07369 -0.22965 1.24071 -0.50714 -0.67888
N01@b -0.13094 0.29439 -1.30379 0.00165 -0.35367 2.00487 -0.79577 -1.16087
M296 -0.12945 0.30168 -1.40807 0.07334 -0.36633 2.17484 -0.89724 -1.17974
M341 -0.08493 0.20370 -0.96760 0.10280 -0.29287 1.56768 -0.66893 -0.88122
|M351+N14| -0.04430 0.12002 -0.64129 0.03113 -0.16441 0.99104 -0.39264 -0.56596
M327 -0.08134 0.21872 -1.15812 0.05729 -0.27615 1.78513 -0.76369 -1.02865
M102~e -0.06719 0.13609 -0.74334 0.03947 -0.18976 1.15895 -0.46684 -0.68295
M203~a -0.07704 0.19780 -1.01270 0.03141 -0.24933 1.54446 -0.62641 -0.90153
M266~b -0.09227 0.29707 -1.28256 0.04493 -0.29721 1.97210 -0.79799 -1.09963
M380 -0.12371 0.33250 -1.39771 0.11983 -0.35803 2.13587 -0.87401 -1.26858
|M296+M296| -0.05729 0.19355 -0.83095 0.04344 -0.21300 1.28448 -0.50442 -0.71460
M223 -0.11911 0.29296 -1.44719 0.10087 -0.31588 2.26021 -0.88682 -1.26270
M254~a -0.08173 0.27839 -1.15588 0.05392 -0.28688 1.76690 -0.69156 -1.01246
M054~i -0.07872 0.21915 -0.95908 0.06525 -0.25085 1.49790 -0.63442 -0.86255
M217 -0.12677 0.28865 -1.36013 0.08849 -0.32570 2.05720 -0.80767 -1.14459
M325 -0.09446 0.26422 -1.19646 0.07198 -0.32148 1.84917 -0.78270 -1.07431
M260~1 -0.05034 0.23780 -1.07552 0.04863 -0.24157 1.61017 -0.68411 -0.91671
M048~c -0.09579 0.26651 -1.14203 0.05908 -0.27825 1.78284 -0.71788 -1.03787
M338~b -0.09468 0.21644 -1.06730 0.09513 -0.25543 1.60009 -0.66222 -0.90571
M340 -0.11774 0.20825 -1.02741 0.07227 -0.28359 1.62180 -0.64568 -0.94804
|M218+M288| -0.07228 0.23856 -1.07755 0.05435 -0.29206 1.65422 -0.65306 -0.96252
M262~1 -0.05927 0.21237 -1.08129 0.04944 -0.25455 1.66120 -0.66712 -0.91490
M242~b -0.10374 0.26610 -1.18217 0.02392 -0.28896 1.80809 -0.72204 -1.03303
M301 -0.08428 0.30352 -1.21412 0.09515 -0.29495 1.88797 -0.81461 -1.09495
M111~a -0.10282 0.23690 -1.03907 0.05709 -0.25821 1.56135 -0.62594 -0.89435
M269~b -0.06724 0.21798 -0.98690 0.02656 -0.25294 1.55223 -0.66557 -0.86182
M374~c -0.09938 0.21000 -0.95182 0.05618 -0.23154 1.45584 -0.61562 -0.82300
M057~b -0.10318 0.29495 -1.36490 0.10715 -0.35942 2.11442 -0.87064 -1.23550
|M131+M388| -0.06499 0.22605 -0.99946 0.06778 -0.26258 1.53041 -0.60267 -0.88174
M264~a -0.10066 0.29224 -1.22217 0.06670 -0.30559 1.89133 -0.78273 -1.07459
N24@b -0.06012 0.22302 -0.90681 0.03493 -0.22976 1.42562 -0.53543 -0.88317
|M305+M342| -0.07612 0.19003 -0.80748 0.06578 -0.18826 1.26932 -0.49130 -0.70481
M122 -0.09426 0.25116 -0.96551 0.06236 -0.23341 1.52069 -0.62588 -0.88343
|M305+X| -0.07840 0.21638 -0.88139 0.07531 -0.19134 1.38968 -0.54473 -0.78118
M048~d -0.09627 0.28599 -1.26930 0.06629 -0.33944 1.97652 -0.79140 -1.11803
M332~d -0.06293 0.18755 -0.88606 0.06236 -0.22284 1.31981 -0.53288 -0.76688
M131 -0.04829 0.25680 -1.10847 0.11129 -0.26116 1.73394 -0.65792 -1.00315
M243~j -0.05753 0.22051 -0.85991 0.01795 -0.20777 1.30431 -0.53004 -0.75139
|M106+M288| -0.07588 0.22430 -0.93219 0.06269 -0.24798 1.41710 -0.56921 -0.83287
M102~d -0.06041 0.18214 -0.84541 0.04025 -0.20749 1.30673 -0.53139 -0.76845
|M153+M342| -0.06277 0.15301 -0.67839 0.04141 -0.16708 1.01206 -0.41507 -0.58686
M380~b -0.08824 0.25025 -1.21098 0.07264 -0.29717 1.79628 -0.75096 -1.05671
M292~f -0.08659 0.19333 -0.91349 0.04670 -0.23377 1.44630 -0.59508 -0.78816
M105~a -0.08437 0.19944 -0.89215 0.07174 -0.21477 1.35998 -0.56297 -0.76215
N39B@c -0.08204 0.19266 -0.85331 -0.03069 -0.22649 1.41259 -0.51376 -0.77849
M269~a -0.10274 0.25969 -1.07998 0.03253 -0.26717 1.66502 -0.69835 -0.92470
M195 -0.07469 0.22974 -1.05583 0.03034 -0.25007 1.66377 -0.67432 -0.95263
M145 -0.10476 0.24824 -1.23917 0.04695 -0.30197 1.99408 -0.76849 -1.09753
M038~bx -0.08127 0.21842 -1.04743 0.06281 -0.23250 1.59489 -0.63776 -0.88715
M220 -0.10331 0.25245 -1.24159 0.06106 -0.33079 1.90468 -0.74822 -1.04158
|M327+X| -0.07527 0.15878 -0.72643 0.04682 -0.20605 1.13513 -0.44817 -0.63701
M128 -0.09031 0.23615 -1.13598 0.02881 -0.27638 1.78548 -0.68319 -1.03584
M387~ca -0.11612 0.25058 -1.05804 0.06021 -0.27374 1.68384 -0.66085 -0.95770
|M036+N14| -0.05903 0.17303 -0.84434 0.02437 -0.23291 1.32347 -0.53205 -0.77138
M038~e -0.09005 0.24020 -1.18209 0.07978 -0.25872 1.81291 -0.74760 -1.04523
M387~ee -0.10607 0.23075 -1.03520 0.10458 -0.26280 1.59875 -0.66773 -0.89223
M005 -0.11405 0.25741 -1.14834 0.06034 -0.29157 1.76049 -0.74245 -0.98449
M109 -0.10542 0.23854 -1.09524 0.01896 -0.24266 1.69335 -0.69324 -0.96331
M250~ba -0.09145 0.23404 -1.02742 0.02941 -0.25224 1.59558 -0.61445 -0.88678
|M136+X| -0.05383 0.19828 -0.86463 0.04956 -0.22120 1.34428 -0.54793 -0.77348
M029~b -0.09397 0.22693 -1.07290 0.05287 -0.26837 1.57257 -0.65020 -0.92201
M125 -0.07350 0.20012 -1.03094 0.06050 -0.26593 1.59467 -0.65072 -0.92481
M265~f -0.06855 0.19366 -0.93371 0.05162 -0.20427 1.36446 -0.55637 -0.81062
M218~b -0.10266 0.27714 -1.26762 0.08631 -0.32036 1.94395 -0.78021 -1.14497
M041 -0.12856 0.22323 -1.17989 0.06427 -0.30739 1.83095 -0.70874 -1.05350
M318~a1 -0.07426 0.19873 -0.93840 0.07155 -0.23652 1.42490 -0.54887 -0.81248
|M370~b+M072| -0.02411 0.07890 -0.37754 0.02283 -0.09103 0.57209 -0.21937 -0.33828
M286 -0.14089 0.28895 -1.22747 0.05309 -0.27981 1.89278 -0.79646 -1.05989
M292 -0.10160 0.33301 -1.40914 0.10895 -0.37512 2.12634 -0.90355 -1.23328
N8B -0.03615 0.10296 -0.36914 -0.01901 -0.13251 0.63697 -0.23517 -0.36223
M338 -0.10138 0.21713 -1.14810 0.11056 -0.28559 1.70877 -0.70812 -0.98739
M048~k -0.09902 0.25170 -1.07267 0.06634 -0.26893 1.64118 -0.66920 -0.93296
M145~a -0.07995 0.21237 -1.07544 0.07497 -0.27694 1.68988 -0.66482 -0.95214
M291 -0.11482 0.26166 -1.21537 0.06160 -0.30804 1.95105 -0.83032 -1.06184
M131~e -0.03364 0.15966 -0.77116 0.06437 -0.20845 1.22059 -0.49933 -0.70745
M327~p -0.05714 0.14963 -0.71898 0.04979 -0.14410 1.10629 -0.45771 -0.65368
|M370~b+M388| -0.05123 0.15599 -0.65938 0.02671 -0.15397 1.00094 -0.38443 -0.56870
M319 -0.10103 0.23473 -1.16129 0.08928 -0.31858 1.79389 -0.73720 -1.07241
M369 -0.06970 0.18234 -0.96584 0.07679 -0.25346 1.45214 -0.59372 -0.82029
M362~a -0.09538 0.19775 -0.84516 0.09853 -0.18973 1.26903 -0.52068 -0.72211
N08 -0.05491 0.13212 -0.51231 0.03667 -0.17496 0.88212 -0.35267 -0.52820
M136~c -0.07639 0.20878 -0.92811 0.04541 -0.23147 1.42664 -0.57314 -0.81640
M328~b -0.10762 0.24075 -1.02077 0.04514 -0.23966 1.57036 -0.65211 -0.92258
|M377+M320+M377| -0.03741 0.13184 -0.64149 0.04541 -0.14849 0.96818 -0.36958 -0.54774
M367~c -0.07008 0.19525 -0.87523 0.05204 -0.19701 1.36125 -0.58651 -0.76892
M147 -0.12754 0.29837 -1.45030 0.06893 -0.34791 2.26300 -0.89644 -1.25954
M315 -0.08349 0.25566 -1.18937 0.05563 -0.27602 1.85072 -0.75505 -1.02514
|M036+N30C| -0.07713 0.18662 -0.87022 0.04684 -0.22191 1.36389 -0.53997 -0.78878
M381 -0.15268 0.32257 -1.37824 0.08986 -0.32885 2.15356 -0.92495 -1.22086
M384~ab -0.06204 0.16985 -0.72010 0.03892 -0.14452 1.07884 -0.46367 -0.63487
N51G -0.09227 0.18452 -1.06347 0.02705 -0.26126 1.58981 -0.62442 -0.90180
M029~a -0.13006 0.24504 -1.18432 0.07976 -0.27790 1.76682 -0.72153 -1.01722
N34@b -0.03958 0.32901 -1.79231 0.01143 -0.44313 2.78006 -1.03423 -1.60657
M387~i -0.13265 0.27016 -1.26447 0.09366 -0.28219 1.93579 -0.82570 -1.09073
M230 -0.11710 0.28166 -1.05411 0.04463 -0.22967 1.64842 -0.66590 -0.94630
M346~a -0.10186 0.17902 -0.92177 0.05399 -0.22315 1.41680 -0.59158 -0.81279
M051~b -0.07329 0.24235 -1.05449 0.07716 -0.27154 1.65964 -0.70427 -0.96019
|M218+M320| -0.05856 0.20112 -0.88374 0.04994 -0.22610 1.36100 -0.53849 -0.79127
M281~f -0.06702 0.22659 -1.00052 0.03055 -0.22028 1.51821 -0.64121 -0.89117
M038~a -0.09120 0.30193 -1.36514 0.09516 -0.32120 2.07983 -0.85330 -1.18845
M136 -0.07235 0.29259 -1.20470 0.03082 -0.32064 1.91822 -0.75875 -1.09094
|M217+M388| -0.06755 0.21131 -0.94457 0.05437 -0.24394 1.44598 -0.57604 -0.83398
M010 -0.07314 0.24605 -1.07396 0.15245 -0.25297 1.63033 -0.65119 -0.94215
N30D@b -0.04503 0.20393 -0.84394 0.03204 -0.19536 1.35420 -0.51230 -0.76730
M069~a -0.08036 0.20195 -0.89021 0.07076 -0.22135 1.35981 -0.56956 -0.77390
M003 -0.07575 0.26982 -1.17497 0.09679 -0.27676 1.76042 -0.74169 -1.01739
n(N01) -0.02741 0.09473 -0.37513 0.05676 -0.08875 0.57082 -0.20039 -0.30089
|M370+M072+M370| -0.04318 0.09237 -0.38748 0.02126 -0.11360 0.58002 -0.24515 -0.32990
M050~k -0.06022 0.20504 -0.85727 0.06907 -0.21946 1.36134 -0.55980 -0.75017
M207 -0.14457 0.21269 -1.14044 0.04933 -0.28752 1.78459 -0.73405 -1.01212
M073~b -0.09330 0.24233 -1.03947 0.10134 -0.27380 1.57542 -0.63484 -0.92290
N46 -0.08115 0.24852 -1.02753 0.00913 -0.32546 1.70299 -0.61300 -0.95564
M149~a2 -0.05027 0.15123 -0.70524 0.04007 -0.19289 1.12007 -0.44393 -0.64026
M240~e -0.11971 0.28772 -1.19876 0.06114 -0.27453 1.85703 -0.73768 -1.07773
M144 -0.08641 0.24625 -1.14689 0.02698 -0.24077 1.70914 -0.68265 -0.96923
M044 -0.10654 0.26665 -1.18368 0.08315 -0.27158 1.77546 -0.72630 -1.00763
M269 -0.06880 0.30475 -1.38758 0.03520 -0.31828 2.11464 -0.88497 -1.18828
M221 -0.13314 0.23912 -1.23685 0.05717 -0.27680 1.90475 -0.79409 -1.07012
M057~b1 -0.07391 0.22297 -1.00417 0.06624 -0.27589 1.57865 -0.64596 -0.89053
M222 -0.13409 0.26654 -1.19657 0.05468 -0.28159 1.82150 -0.75251 -1.04986
|M175+M288| -0.05514 0.21527 -1.04204 0.05138 -0.27784 1.59493 -0.61214 -0.93212
M367~a -0.06557 0.20201 -0.93185 0.07426 -0.21739 1.45892 -0.61752 -0.81325
M228~ga -0.09982 0.15798 -0.79017 0.07742 -0.17831 1.21943 -0.49158 -0.67516
M297~d -0.08498 0.20599 -0.89867 0.04526 -0.25095 1.45561 -0.60683 -0.82682
M384~d -0.09472 0.22506 -0.92346 0.02774 -0.21867 1.42150 -0.58188 -0.80570
M053~a -0.07388 0.22100 -1.01965 0.08450 -0.24622 1.56878 -0.62853 -0.89648
M056 -0.10002 0.28419 -1.35055 0.09264 -0.35526 2.11224 -0.84173 -1.22495
M264~b -0.08046 0.24150 -1.17532 0.06748 -0.29882 1.78997 -0.76743 -1.02774
|M036+N24| -0.07732 0.17449 -0.89394 0.03313 -0.25728 1.37650 -0.55472 -0.80344
M269~a1 -0.06331 0.15910 -0.75560 0.01949 -0.19527 1.20655 -0.50162 -0.66720
M223~b -0.06000 0.21713 -1.13626 0.05760 -0.27412 1.73408 -0.69730 -0.95967
|M106~2+M288| -0.05779 0.18340 -0.74839 0.06478 -0.21366 1.16301 -0.47281 -0.67673
M110 -0.11069 0.25002 -1.02988 0.11829 -0.27585 1.63592 -0.62675 -0.93092
M051~a -0.08777 0.24264 -1.10397 0.08186 -0.27498 1.67398 -0.73360 -0.98739
M051~c -0.06442 0.22181 -0.94803 0.07967 -0.24791 1.46424 -0.64446 -0.87134
M346~b -0.08525 0.18874 -0.91090 0.07279 -0.22565 1.42273 -0.60498 -0.82709
M263~b -0.08356 0.31017 -1.39415 0.06787 -0.33919 2.07838 -0.85370 -1.17370
M002~b -0.07555 0.20707 -0.92655 0.04547 -0.23846 1.36099 -0.58074 -0.79829
M417~h -0.03993 0.10737 -0.36110 0.01477 -0.12156 0.53663 -0.24363 -0.32990
M035 -0.11170 0.31754 -1.34504 0.12279 -0.31280 2.09996 -0.85667 -1.21615
M341~q -0.05223 0.14033 -0.59227 0.04535 -0.16611 0.94394 -0.38075 -0.49450
M269~2 -0.06207 0.16298 -0.79823 0.01742 -0.20633 1.24288 -0.53061 -0.68466
M325~d -0.07893 0.18904 -0.89313 0.04334 -0.19635 1.35473 -0.56205 -0.77603
M310 -0.08989 0.26455 -1.09850 0.09245 -0.25102 1.76662 -0.72255 -0.98193
M136~b -0.08360 0.21875 -1.00766 0.06692 -0.26628 1.54017 -0.63827 -0.89246
M001~b -0.06688 0.22884 -1.02792 0.06116 -0.24984 1.55774 -0.62676 -0.88794
M247~g -0.06700 0.17323 -0.81559 0.02892 -0.21001 1.29707 -0.53102 -0.74152
M009~a -0.10094 0.25793 -1.05584 0.09651 -0.25047 1.63952 -0.64227 -0.93964
M230~a -0.08037 0.20473 -0.93719 0.07270 -0.21287 1.42705 -0.57194 -0.80553
M056~e -0.08568 0.20440 -0.92152 0.05825 -0.23892 1.43225 -0.59040 -0.80774
M265 -0.09215 0.31942 -1.45220 0.08220 -0.33173 2.10984 -0.90068 -1.26567
|M327+M059| -0.04082 0.13737 -0.57664 0.06567 -0.15382 0.88095 -0.35654 -0.50233
M242~ab -0.07019 0.19895 -0.82322 0.01300 -0.17195 1.25802 -0.50094 -0.71979
M024~1 -0.08502 0.16525 -0.83682 0.07411 -0.21260 1.25200 -0.50496 -0.71151
M136~i -0.06926 0.18194 -0.79432 0.03407 -0.20718 1.20216 -0.48208 -0.70085
|M370+M388+M370| -0.04516 0.12075 -0.50711 0.02796 -0.14338 0.77205 -0.30995 -0.44318
M316~e2 -0.03091 0.12708 -0.55786 0.01601 -0.12359 0.84784 -0.35555 -0.52012
|M305+M136| -0.05901 0.18388 -0.81284 0.05965 -0.18973 1.27454 -0.50645 -0.73851
M295 -0.11427 0.26239 -1.26189 0.08057 -0.33304 1.95817 -0.77902 -1.06446
M384 -0.13750 0.31421 -1.30814 0.06961 -0.32169 2.03719 -0.85311 -1.14536
|M288+N01| -0.09226 0.23208 -0.99449 0.04688 -0.25679 1.49217 -0.62499 -0.86324
M323 -0.07886 0.28648 -1.28370 0.08082 -0.29827 1.92657 -0.76734 -1.13816
M373~a -0.08398 0.21637 -1.02042 0.05549 -0.24837 1.48851 -0.62552 -0.86394
M379 -0.15151 0.26106 -1.16257 0.13573 -0.28306 1.75918 -0.72680 -1.04322
M041~g -0.05539 0.16070 -0.80335 0.08973 -0.18771 1.19871 -0.47937 -0.69809
M061 -0.08675 0.20319 -1.02005 0.08842 -0.23867 1.52890 -0.62592 -0.93292
|M195+M038~a| -0.05240 0.19394 -0.91901 0.05689 -0.23086 1.41084 -0.55919 -0.79472
M318~a -0.09291 0.27457 -1.23456 0.11222 -0.30076 1.85746 -0.75234 -1.05273
M210~g -0.06111 0.19263 -0.80951 0.07374 -0.21908 1.24886 -0.51098 -0.71288
M367~g -0.03130 0.15820 -0.70643 0.05833 -0.15760 1.10206 -0.47030 -0.62240
M208 -0.10075 0.24876 -1.09827 0.06454 -0.24685 1.68015 -0.68779 -0.96973
M210~d -0.08446 0.19818 -0.89637 0.05053 -0.23489 1.43503 -0.57102 -0.83913
M383 -0.11925 0.32457 -1.29880 0.15313 -0.32228 2.03132 -0.84803 -1.16254
N51@b -0.10467 0.24388 -1.17214 0.00094 -0.27357 1.76297 -0.70195 -1.06329
M103 -0.09532 0.23872 -1.04371 0.08871 -0.22970 1.62270 -0.69174 -0.95762
M311~b -0.06546 0.19518 -0.87977 0.04513 -0.21484 1.41301 -0.55797 -0.80991
M312 -0.07468 0.25782 -1.09568 0.06587 -0.28585 1.66661 -0.66436 -0.97599
M205~c -0.08114 0.16563 -0.85371 0.03110 -0.19247 1.32156 -0.53815 -0.72122
M318 -0.10012 0.28481 -1.27578 0.09735 -0.29763 1.96688 -0.79458 -1.10695
|M370+M046+M370| -0.04497 0.09328 -0.42852 0.01759 -0.11323 0.62843 -0.25269 -0.36947
M147~e -0.07714 0.21061 -1.08865 0.06688 -0.26913 1.67140 -0.67986 -0.96296
M418~c -0.04721 0.08180 -0.26294 0.02294 -0.05543 0.42320 -0.21553 -0.27149
M047 -0.10846 0.25149 -1.27811 0.03711 -0.29588 1.90823 -0.69950 -1.12728
M226~c -0.10022 0.23055 -0.99564 0.07932 -0.25533 1.56874 -0.63489 -0.90812
M367~i -0.03832 0.15278 -0.74013 0.05097 -0.17496 1.14580 -0.49895 -0.64602
|M175+M136| -0.03644 0.18635 -0.87333 0.03786 -0.22890 1.34461 -0.54202 -0.78305
M075~g -0.05651 0.13477 -0.73334 0.03514 -0.18090 1.12012 -0.47600 -0.66613
M058 -0.12474 0.30848 -1.35473 0.11496 -0.35025 2.10268 -0.87832 -1.22852
M080~a -0.07853 0.21048 -0.99666 0.05121 -0.23491 1.49013 -0.60462 -0.84769
M254~c -0.06476 0.20970 -0.94446 0.07680 -0.24146 1.42575 -0.58830 -0.84531
M210 -0.11515 0.29864 -1.20748 0.12836 -0.30569 1.92646 -0.77861 -1.08243
|M377+M377| -0.04753 0.14913 -0.74151 0.05829 -0.17346 1.13476 -0.44775 -0.63219
M006@g -0.06861 0.13887 -0.63426 0.03665 -0.16404 0.97141 -0.42320 -0.53291
M261~b1 -0.08904 0.22045 -0.91855 0.00617 -0.20283 1.42721 -0.59660 -0.78591
M251~c -0.08041 0.19217 -0.84695 0.06011 -0.20884 1.34167 -0.54753 -0.77567
N39A -0.07117 0.22786 -0.98074 0.00922 -0.24376 1.60541 -0.58028 -0.91797
M263~e -0.10310 0.25021 -1.20633 0.05740 -0.31601 1.85723 -0.77840 -1.06214
M057~a2 -0.06634 0.22148 -0.97417 0.06822 -0.25207 1.55856 -0.63250 -0.88588
M146~d -0.06839 0.18525 -0.82108 0.02939 -0.19847 1.26709 -0.50505 -0.73240
M285~c -0.08381 0.19576 -0.83435 0.04693 -0.20855 1.29228 -0.51759 -0.74318
M264~d -0.08545 0.20968 -1.04999 0.05645 -0.25574 1.60252 -0.65813 -0.89278
M110~a -0.05506 0.22123 -0.93961 0.07828 -0.21220 1.41623 -0.55773 -0.79338
M317~a -0.07552 0.21977 -0.97731 0.08764 -0.24203 1.51959 -0.64036 -0.86465
M149~a1 -0.05535 0.13495 -0.77847 0.04000 -0.18842 1.22279 -0.48340 -0.67534
M309~d -0.04240 0.17792 -0.77457 0.04838 -0.17666 1.20060 -0.49832 -0.68919
, -0.05689 0.03415 -0.23328 -0.02754 -0.01208 0.33199 -0.16674 -0.13797
M206~b -0.07403 0.23239 -1.00011 0.05104 -0.25339 1.58824 -0.64735 -0.89276
M003~c -0.07514 0.18945 -0.94620 0.05946 -0.24462 1.42619 -0.58412 -0.83516
M057~a4 -0.07038 0.21926 -1.01778 0.07823 -0.26306 1.57356 -0.65603 -0.89977
M246~b -0.11087 0.22980 -1.04172 0.04570 -0.27338 1.57561 -0.65030 -0.90424
M115~a -0.09321 0.20075 -0.88878 0.07802 -0.24830 1.41268 -0.55503 -0.80451
|M218+M101| -0.05225 0.16816 -0.78338 0.04723 -0.19069 1.19178 -0.46759 -0.70256
M281~c -0.08491 0.22022 -0.96191 0.06548 -0.23080 1.53144 -0.60686 -0.87161
|M153+X| -0.07095 0.17191 -0.72798 0.03412 -0.19463 1.09824 -0.46542 -0.65534
M195~d -0.05805 0.14810 -0.73085 0.04680 -0.19405 1.16074 -0.46109 -0.67591
M103~3 -0.06101 0.16233 -0.79940 0.06720 -0.19043 1.18420 -0.49746 -0.69718
M288~i -0.09972 0.20821 -1.00579 0.04271 -0.26061 1.58341 -0.63674 -0.89740
M294~a -0.06052 0.24784 -1.02871 0.06262 -0.27156 1.59618 -0.63686 -0.86062
M010~1 -0.06732 0.15537 -0.80354 0.08570 -0.17747 1.19798 -0.49606 -0.70317
|M362+X| -0.05820 0.14029 -0.61753 0.05590 -0.14237 0.96027 -0.37476 -0.55151
|M260~2+N24| -0.04824 0.14730 -0.67218 0.03419 -0.18745 1.03347 -0.42455 -0.58487
M049~d -0.07913 0.21486 -0.95614 0.05379 -0.24395 1.38914 -0.56319 -0.79276
M075~o -0.06852 0.13373 -0.69522 0.02458 -0.18164 1.07878 -0.42393 -0.61367
M298 -0.07913 0.25791 -1.17800 0.03837 -0.31582 1.86793 -0.77882 -1.03734
M143 -0.10248 0.21452 -1.12411 0.04205 -0.29904 1.77792 -0.71569 -0.98520
M193 -0.02985 0.17178 -0.85828 0.04552 -0.18991 1.32445 -0.52567 -0.72630
|M036+N39C| -0.06862 0.17837 -0.83791 0.02124 -0.21750 1.32327 -0.52828 -0.75394
M379~c -0.09898 0.17948 -0.79681 0.07387 -0.20242 1.23641 -0.51348 -0.71720
M356 -0.09173 0.20669 -1.06532 0.08086 -0.27781 1.61704 -0.67784 -0.91875
M010~6 -0.08273 0.15751 -0.72168 0.08648 -0.15892 1.10863 -0.45455 -0.61045
M246 -0.13845 0.32041 -1.34339 0.03651 -0.34289 2.02628 -0.82687 -1.15647
M112 -0.10794 0.21427 -0.91962 0.06448 -0.24177 1.43626 -0.56593 -0.81469
M110~b -0.08215 0.22373 -0.95218 0.07256 -0.24564 1.42004 -0.58397 -0.81417
M158~h -0.07940 0.18105 -0.71121 0.01036 -0.19403 1.08631 -0.45576 -0.63482
M309 -0.08280 0.26664 -1.12922 0.05810 -0.26267 1.67139 -0.66313 -0.96463
M376~b -0.10669 0.20113 -0.90979 0.05437 -0.24186 1.41350 -0.61247 -0.83606
N1B -0.00901 0.18266 -0.74267 0.01413 -0.21188 1.11351 -0.44436 -0.66048
|M260~1+N24| -0.05010 0.14234 -0.64761 0.01208 -0.17421 0.95362 -0.38584 -0.55125
M038~a2 -0.04967 0.18975 -0.93895 0.04685 -0.22323 1.45516 -0.58785 -0.81198
M038~b1 -0.05515 0.21776 -0.98131 0.05803 -0.19850 1.48407 -0.63432 -0.83524
M096~d -0.08011 0.23778 -0.94348 0.07795 -0.27245 1.47364 -0.59354 -0.85444
M180 -0.03391 0.19532 -0.79652 0.05404 -0.20071 1.20437 -0.48998 -0.70329
M075~m -0.06636 0.16308 -0.76282 0.03548 -0.16841 1.19365 -0.48736 -0.68411
M128~d -0.06868 0.18714 -0.89689 0.04816 -0.24372 1.38170 -0.57560 -0.79404
M346~d -0.05535 0.18196 -0.79488 0.06941 -0.20017 1.27663 -0.54230 -0.73214
|M218~d+M288| -0.06159 0.19557 -0.84017 0.04388 -0.23763 1.28257 -0.51993 -0.75398
|M175+M175| -0.02306 0.15870 -0.70626 0.02844 -0.17161 1.09848 -0.43331 -0.62977
M243 -0.09880 0.30681 -1.29474 0.02286 -0.30019 2.02055 -0.80862 -1.12757
M352~s -0.05973 0.19464 -0.92831 0.06318 -0.23901 1.36536 -0.59892 -0.79336
M111 -0.09909 0.18974 -0.95741 0.04344 -0.25422 1.49592 -0.62367 -0.84480
M264~a1 -0.06929 0.19343 -0.90781 0.04729 -0.22332 1.40396 -0.55677 -0.76862
M324~d -0.07517 0.16969 -0.85295 0.03439 -0.18049 1.20562 -0.51766 -0.69537
|M195+M038| -0.06766 0.22472 -1.00588 0.04946 -0.23287 1.52061 -0.61215 -0.88433
M292~i -0.08405 0.17715 -0.87342 0.04289 -0.22350 1.38189 -0.59391 -0.75439
M277 -0.06899 0.18618 -0.89909 0.02283 -0.27228 1.45688 -0.60215 -0.83625
M252~q -0.03777 0.15762 -0.70548 0.02152 -0.18292 1.09584 -0.44544 -0.62837
M244 -0.12295 0.29137 -1.23888 0.03529 -0.27881 1.90777 -0.71285 -1.04940
M158 -0.07134 0.22681 -0.92369 0.04884 -0.23054 1.45788 -0.60526 -0.84412
M048~i -0.08844 0.21456 -1.06972 0.06208 -0.26274 1.65252 -0.67317 -0.95200
|M175+M153| -0.03009 0.14952 -0.71459 0.02735 -0.17776 1.10816 -0.43081 -0.64490
M131~k -0.03726 0.14251 -0.72259 0.05793 -0.19800 1.13340 -0.45313 -0.64660
M038~i -0.07521 0.23305 -1.13136 0.07408 -0.26067 1.72356 -0.73630 -0.98696
M059~d -0.08150 0.19068 -0.90256 0.05686 -0.26555 1.40813 -0.58223 -0.81090
M037 -0.11549 0.26967 -1.28016 0.09811 -0.32424 1.91078 -0.81777 -1.10219
M136~a -0.08738 0.23991 -1.01558 0.03727 -0.23675 1.57333 -0.64112 -0.88876
M387~h -0.12880 0.28862 -1.20175 0.07864 -0.29670 1.83623 -0.75804 -1.04314
M292~c -0.12524 0.20160 -1.01900 0.06220 -0.27939 1.59943 -0.67683 -0.89522
|M351+X| -0.06472 0.15496 -0.76589 0.03026 -0.18426 1.17974 -0.46624 -0.65230
M207~m -0.08832 0.15652 -0.67820 0.03889 -0.17125 1.04451 -0.44088 -0.59152
M248~a -0.08137 0.23621 -1.07416 0.05535 -0.25194 1.65296 -0.66006 -0.94169
M359 -0.08092 0.24946 -1.12410 0.05361 -0.23511 1.65656 -0.70339 -0.94185
M016 -0.09318 0.22184 -0.98003 0.04888 -0.25362 1.49219 -0.62480 -0.83883
M418~b -0.06495 0.12226 -0.43456 0.02859 -0.07857 0.68966 -0.32858 -0.40418
M024~a1 -0.06877 0.14859 -0.73355 0.04535 -0.19389 1.09735 -0.43461 -0.61662
N8A 0.00644 0.14795 -0.67382 -0.00031 -0.25366 0.98910 -0.40388 -0.59191
M352~c -0.08547 0.21499 -1.01241 0.04754 -0.26036 1.48560 -0.64046 -0.89019
M126 -0.10666 0.19409 -0.96189 0.03638 -0.23012 1.48214 -0.58041 -0.81693
|M157+M288| -0.05726 0.19359 -0.87601 0.05224 -0.23413 1.33871 -0.54980 -0.77836
M209~d -0.05736 0.15453 -0.82421 0.03290 -0.22932 1.27189 -0.51003 -0.72740
M048~e -0.09974 0.21928 -1.09407 0.07499 -0.26084 1.67238 -0.65848 -0.99429
M176 -0.05950 0.19656 -0.83227 0.04085 -0.21399 1.31950 -0.53460 -0.74336
M103~2 -0.07530 0.14874 -0.77997 0.05157 -0.17704 1.13022 -0.47281 -0.68015
M288~d -0.10127 0.26355 -1.06547 0.05952 -0.30407 1.68935 -0.70144 -0.96202
|M305+M009| -0.07567 0.18124 -0.79055 0.07071 -0.17866 1.23217 -0.49124 -0.70386
M123~b -0.05181 0.19875 -0.86026 0.02452 -0.22124 1.31375 -0.51781 -0.74016
M243~e -0.06345 0.22582 -0.97643 0.00825 -0.24333 1.46660 -0.57778 -0.85193
|M305+M320| -0.07180 0.19652 -0.83789 0.06566 -0.19241 1.28662 -0.49933 -0.73472
M319~c -0.06190 0.15453 -0.79073 0.05906 -0.17597 1.21250 -0.48234 -0.68816
M206~fa -0.07784 0.14277 -0.64226 0.03427 -0.16541 1.02487 -0.42622 -0.57933
M136~q -0.04447 0.19413 -0.74499 0.00636 -0.20775 1.13845 -0.43020 -0.64092
M342 -0.09063 0.23138 -1.08938 0.11534 -0.28650 1.67468 -0.70767 -0.94583
M321 -0.09411 0.25419 -1.09764 0.08786 -0.25502 1.69223 -0.69791 -1.02456
|M218+X| -0.07556 0.23297 -0.94212 0.04166 -0.24149 1.45674 -0.57949 -0.86764
M075~k -0.06256 0.11500 -0.71914 0.05039 -0.18428 1.11500 -0.44371 -0.65013
M105 -0.13084 0.20067 -0.96566 0.04823 -0.22917 1.52723 -0.64076 -0.85551
|M260+N24| -0.06314 0.14701 -0.69292 0.02281 -0.19438 1.02378 -0.41113 -0.58775
M150~a -0.06417 0.18738 -0.84084 0.07450 -0.20761 1.32166 -0.54878 -0.72665
M041~j -0.04352 0.15950 -0.77065 0.06989 -0.20165 1.16305 -0.46268 -0.69109
M325~e -0.08815 0.20479 -0.91816 0.07019 -0.20833 1.38065 -0.58019 -0.82650
M295~e -0.07103 0.20704 -0.90338 0.05512 -0.21629 1.39587 -0.57421 -0.77710
M064~a -0.05713 0.23031 -0.91765 0.04990 -0.25215 1.38833 -0.55156 -0.79269
|M054+M365+M054~i| -0.03619 0.10782 -0.51344 0.03046 -0.15350 0.78714 -0.32396 -0.45428
M224 -0.09449 0.26551 -1.25816 0.08484 -0.28458 1.94880 -0.78040 -1.11136
M417~f -0.03477 0.07289 -0.32669 0.00389 -0.08244 0.45602 -0.20115 -0.29338
M301~a -0.06988 0.21848 -0.95846 0.05371 -0.21608 1.43409 -0.59302 -0.83068
M147~d -0.09064 0.19600 -0.95744 0.03924 -0.25133 1.46259 -0.59697 -0.85840
M247~a -0.08237 0.22493 -1.05501 0.05950 -0.27526 1.65081 -0.66196 -0.95720
M386 -0.12963 0.31097 -1.55205 0.12272 -0.36689 2.35624 -0.96064 -1.34181
M080~b -0.08780 0.21759 -0.98876 0.04091 -0.23329 1.46839 -0.60963 -0.85889
M323~i -0.05234 0.16558 -0.76201 0.05671 -0.16403 1.14462 -0.45345 -0.66825
M052~a -0.09629 0.24584 -1.00950 0.07392 -0.25276 1.51397 -0.62607 -0.87873
M102~da -0.04378 0.14730 -0.64566 0.01470 -0.15959 0.98818 -0.38926 -0.56579
M370~c -0.07164 0.17033 -0.78563 0.04941 -0.20675 1.21658 -0.50863 -0.73641
M383~e -0.07391 0.20416 -0.89433 0.06584 -0.23466 1.36992 -0.57766 -0.78638
M073~a -0.08975 0.22651 -0.96474 0.07710 -0.24505 1.46419 -0.58566 -0.86796
M271~ca -0.01774 0.11062 -0.54933 0.06053 -0.14012 0.89952 -0.36067 -0.49503
M321~b -0.07749 0.20057 -0.90097 0.04583 -0.21295 1.38360 -0.58620 -0.79922
M097~f -0.06912 0.19371 -0.85871 0.04364 -0.19711 1.30452 -0.54942 -0.75874
M180~b -0.03938 0.16271 -0.83093 0.05536 -0.22469 1.24015 -0.51231 -0.72541
M145~bb -0.07096 0.13662 -0.68322 0.03429 -0.16985 1.08540 -0.45464 -0.63822
M086 -0.13002 0.22134 -1.06573 0.07326 -0.25185 1.52457 -0.65149 -0.89637
M136~r -0.05154 0.16923 -0.74996 0.03320 -0.17726 1.15428 -0.44644 -0.66086
|M351+N01 -0.06161 0.16718 -0.80320 0.01315 -0.19983 1.25401 -0.52847 -0.71017
N01| -0.10377 0.21703 -0.94891 0.07037 -0.21986 1.39043 -0.56145 -0.78394
X 0.06639 -0.02259 -0.04144 0.07219 -0.01109 -0.00014 -0.05077 -0.06369
|M157+X| -0.06982 0.17168 -0.76862 0.02949 -0.20230 1.16184 -0.45829 -0.66310
M242~d -0.07012 0.23915 -1.05952 0.00609 -0.24088 1.62337 -0.63732 -0.95237
M371~a -0.12073 0.22389 -1.03635 0.07517 -0.26178 1.49800 -0.61993 -0.88972
M367~e -0.05903 0.18186 -0.85661 0.06059 -0.19029 1.31141 -0.54466 -0.74303
M251 -0.10951 0.27049 -1.24500 0.08291 -0.28268 1.89828 -0.75909 -1.04679
M361~a -0.06777 0.21218 -0.87668 0.06482 -0.19293 1.31041 -0.56594 -0.73033
M039~a -0.07433 0.23898 -1.04498 0.10686 -0.24808 1.56985 -0.66157 -0.91019
M038~b -0.07642 0.27925 -1.36774 0.09517 -0.29841 2.08364 -0.86220 -1.18907
M125~a -0.08032 0.21434 -0.88962 0.06454 -0.24925 1.40218 -0.56231 -0.77491
M278 -0.08981 0.17961 -0.93083 0.01633 -0.23010 1.44772 -0.61318 -0.78583
M318~a3 -0.06667 0.17087 -0.81368 0.07814 -0.19501 1.22930 -0.47842 -0.70341
M039~c -0.07186 0.19941 -0.89331 0.07641 -0.22209 1.36461 -0.57462 -0.78683
M293~a -0.08545 0.18303 -0.96976 0.02053 -0.24141 1.47881 -0.56528 -0.84442
n(n@b) 0.01287 0.05655 -0.18558 0.03066 -0.05572 0.29369 -0.12978 -0.13517
M293~b -0.06736 0.20236 -0.99117 0.03113 -0.25737 1.49881 -0.59324 -0.85166
M096~1 -0.05698 0.20020 -0.86213 0.05827 -0.23601 1.34188 -0.54791 -0.74127
M248 -0.10841 0.26558 -1.35294 0.03342 -0.31706 2.08717 -0.80572 -1.19971
M206~f -0.08564 0.19157 -0.82317 0.05952 -0.21046 1.32879 -0.53997 -0.75241
M054~c -0.06269 0.21089 -1.01088 0.05260 -0.26395 1.53749 -0.66049 -0.90907
