782 8
N01 -0.42867 -0.03245 -0.76601 -0.12915 -0.71748 1.78480 -1.07950 -0.33533
</s> 0.26298 0.45765 -0.84411 0.11994 0.38400 1.64280 -0.75283 -0.67841
... 0.03346 0.40586 -0.82621 0.00791 -0.04568 1.36360 -0.86212 -1.07390
N14 -0.51011 0.16710 -1.25640 -0.88951 -0.07923 0.89084 -1.01830 -2.03820
X -0.05081 0.31442 -0.81500 0.01217 -0.04767 1.59930 -0.71780 -1.04700
N34 -0.63409 0.94015 -1.23210 -1.09180 0.07985 0.59821 -1.21450 -3.02890
N57 0.87099 1.34820 -3.56370 0.34952 -1.25590 1.00680 1.75880 -2.06380
EN~a 0.29145 0.18938 -0.81244 -0.24078 -0.03089 1.91120 -0.94857 -0.78562
N19 -1.91560 -1.05290 -3.91270 1.47740 1.55700 1.22350 -1.03060 -3.69810
GAL~a 0.02710 0.17128 -0.80707 -0.08171 -0.09236 1.62860 -0.73761 -0.80438
N39~a -0.60387 -0.26836 -1.69110 -1.54990 0.33777 1.87220 -1.28440 -0.01767
SZE~a -0.39359 0.19714 -1.25160 -0.39712 0.12263 1.76500 -0.78218 -0.98118
AN -0.04222 0.25676 -1.07030 0.03398 -0.13809 1.71690 -0.65634 -1.08760
N02 -0.47616 -0.24450 -2.93350 1.01100 0.96542 1.77270 0.30162 0.03587
PAP~a 0.01620 0.17606 -0.89747 -0.17099 -0.12536 1.56040 -0.66779 -0.96805
SAL -0.02571 0.29896 -1.11960 0.03649 -0.30651 1.77580 -0.71020 -1.22540
BA -0.13383 0.22762 -1.16510 0.01583 -0.16146 1.72300 -0.68760 -1.19980
N04 -2.19580 -1.07400 -3.19640 1.59830 1.38940 1.24220 -0.52970 -2.28850
N -0.05782 0.16950 -0.65706 0.07655 -0.05171 1.03100 -0.37644 -0.75126
SANGA~a 0.04355 0.21116 -0.80259 -0.04039 -0.13763 1.56810 -0.73996 -0.95789
N45 -1.79670 0.16789 -2.06870 0.07671 1.03910 1.12050 -0.29157 -2.23210
N08 -1.83540 -1.36500 -2.77810 1.38670 -0.10785 3.22150 -1.33790 1.33620
N05 -2.69330 -0.44501 -2.78960 1.25260 0.73939 3.82220 0.22702 0.31383
NUN~a 0.16045 0.26921 -0.83982 -0.21905 -0.24382 1.86770 -0.85585 -0.80624
GI -0.02035 0.22585 -0.94377 -0.08126 -0.30690 1.74900 -0.63124 -1.07300
SZU -0.04836 0.23058 -1.15370 -0.09719 -0.25632 1.85020 -0.95301 -1.05490
E2~a -0.09333 0.24276 -0.93051 -0.09574 -0.15267 2.13420 -0.64614 -0.58340
A -0.07399 0.23862 -1.13710 0.03629 -0.13493 1.76850 -0.73132 -0.88246
UDU~a 0.00247 0.32062 -0.88607 -0.30726 -0.33146 1.77700 -0.88628 -0.98416
N42~a -2.26250 -0.02960 -2.07940 0.83534 0.74843 3.16630 0.25570 0.14166
BU~a 0.12186 0.23379 -0.82057 -0.28349 -0.20246 1.87490 -0.73460 -0.82891
KI 0.05214 0.29461 -1.02980 -0.03410 -0.20309 1.77590 -0.81654 -1.10880
NAM2 -0.27860 0.15781 -1.14280 0.02586 -0.12691 1.68700 -0.60486 -1.22810
N20 -3.03860 0.16846 -3.09820 1.35550 1.00050 4.09070 0.62298 0.35044
U4 -0.12817 0.16209 -1.05530 0.17393 -0.11286 1.46580 -0.57356 -1.09080
DU 0.09925 0.21891 -1.01830 -0.00090 -0.30499 1.75230 -0.74765 -1.03010
N51 0.67163 -0.26324 -2.56160 2.07700 0.43494 0.65619 -0.93624 -2.86220
ME~a -0.07129 0.19826 -0.76647 -0.18130 -0.01301 1.64760 -0.71215 -0.71436
PA~a 0.21917 0.26708 -0.74755 -0.24797 -0.17774 1.79610 -0.81899 -1.01540
BAR -0.08157 0.27763 -1.18560 0.08311 -0.31607 1.76050 -0.73070 -1.01700
SAG -0.10411 0.26221 -1.09710 0.07884 -0.24322 1.85740 -0.74436 -1.15950
AB~a 0.06426 0.09683 -0.97685 -0.25411 -0.10683 1.87250 -0.79651 -0.72440
SI 0.04058 0.23213 -0.96482 -0.09973 -0.26671 1.76680 -0.88548 -1.12930
TUR 0.01253 0.28504 -0.96760 -0.03776 -0.37652 1.79780 -0.65569 -0.97518
GISZ 0.07586 0.31736 -0.93804 -0.04662 -0.34906 1.76910 -0.87497 -1.18940
KU6~a 0.08418 0.28059 -0.93958 -0.21143 -0.24747 1.86810 -0.77606 -0.91660
N03 -2.56530 -0.89445 -2.38790 1.47770 -0.14385 2.65400 -0.11687 -0.56362
GAR 0.12946 0.26498 -1.26780 0.26521 -0.16455 1.62280 -0.87379 -1.31010
AB2 -0.02837 0.18497 -0.89677 0.01030 -0.22392 1.42140 -0.55120 -0.80057
N24 -1.50590 -0.27664 -1.89390 -0.00622 0.38425 2.18640 -0.14749 -0.18726
N50 -0.82187 0.52484 -2.70680 0.82274 0.75167 1.33820 0.04301 -2.27370
HI -0.17885 0.21461 -0.99180 -0.01051 -0.15320 1.80430 -0.57194 -0.75767
SZITA~a1 0.04087 0.39168 -0.98948 -0.12473 -0.29166 1.71760 -0.79881 -1.27320
TUG2~a -0.14110 0.22334 -0.88438 -0.01878 -0.30820 2.14690 -0.67738 -0.69978
NE~a -0.16211 0.19465 -0.82075 -0.24243 -0.04622 1.61520 -0.66479 -0.63957
N48 -2.05690 0.27072 -1.67050 0.18867 0.37706 1.15860 -0.22457 -2.03610
GU7 -0.31353 0.12978 -1.28120 0.19833 -0.07983 1.67430 -0.60289 -1.05710
TE -0.24151 0.03102 -1.25860 0.15417 -0.05478 1.35090 -0.63510 -0.97910
IB~a 0.09618 0.16225 -0.85763 -0.25539 -0.12747 1.78900 -0.82575 -0.73725
SZUBUR -0.13689 0.17773 -1.03250 -0.03181 -0.24766 1.72070 -0.69657 -0.85376
SUHUR -0.10431 0.21737 -0.95334 -0.01517 -0.23871 1.39120 -0.68216 -0.90118
SZU2 -0.09461 0.25962 -0.96267 -0.09518 -0.28540 1.68300 -0.79546 -1.00010
MUSZ3~a -0.00655 0.25871 -0.96795 -0.13209 -0.28156 1.88190 -0.74757 -0.91365
MUSZEN -0.07216 0.28175 -1.21720 -0.04745 -0.35161 1.88090 -0.56558 -1.00650
NI~a 0.14437 0.28815 -0.99095 -0.25092 -0.20809 2.11010 -0.92905 -0.96376
SU~a 0.16136 0.38457 -1.08180 -0.28861 -0.31697 1.93440 -0.65556 -0.97385
GAN2 -0.46490 0.16343 -1.44090 0.11069 0.11834 1.69890 -0.64672 -1.11760
UNUG~a -0.15134 0.07765 -0.91159 0.02256 -0.06494 1.63320 -0.63558 -0.71922
N40 -2.95150 -0.56087 -2.78280 1.11320 0.20846 2.67290 0.14216 -1.57490
GA~a 0.27627 0.32487 -0.86329 -0.23490 -0.27170 2.07450 -1.04680 -1.08530
DUG~a -0.06707 0.23488 -0.87858 -0.16348 -0.20652 1.88640 -0.78851 -0.82597
KU3~a 0.18464 0.27338 -0.87503 -0.13963 -0.27518 1.84110 -0.69396 -0.79704
DA~a 0.24168 0.25549 -0.73913 -0.28329 -0.24471 1.99910 -0.91998 -0.89389
KUR~a 0.23730 0.28834 -0.68039 -0.13607 -0.46429 1.90490 -0.83717 -0.62917
RAD~a 0.17880 0.29779 -0.93030 -0.28921 -0.18999 2.05940 -0.85515 -0.96927
DUG~c -0.05205 0.22338 -0.90063 0.03537 -0.28486 1.67300 -0.70174 -0.88579
UD5~a -0.09756 0.17604 -0.66715 -0.17529 -0.15959 1.39290 -0.64712 -0.61743
APIN~a -0.03062 0.18993 -0.98118 -0.03249 -0.10051 1.66410 -0.70293 -0.96230
KISAL~b1 -0.06655 0.23142 -1.10040 -0.00982 -0.19979 1.70780 -0.73683 -1.15960
MASZ -0.10439 0.21397 -0.87710 -0.02202 -0.34316 1.66320 -0.71523 -0.97493
ERIM~a 0.10115 0.28739 -0.79481 -0.20365 -0.26978 1.73480 -0.86421 -0.95055
N58 0.35259 0.39736 -2.13290 0.34758 -0.06330 1.09300 -0.20956 -2.69860
N41 -2.79610 -0.77353 -3.10020 1.48630 1.60400 1.16340 -0.11115 -2.78390
GU4 -0.09179 0.25658 -1.02090 0.05808 -0.21001 1.73890 -0.67613 -1.05460
N22 -1.30780 -0.14009 -2.00320 0.33479 0.40422 2.37790 -0.40137 -0.45073
UDUNITA~a 0.07109 0.26677 -0.66699 -0.16964 -0.28191 1.37800 -0.66632 -0.87555
MA 0.01048 0.21631 -0.92754 0.07273 -0.33575 1.56800 -0.71483 -0.93279
TAK4~a -0.04048 0.18600 -0.78666 -0.07644 -0.19156 1.70140 -0.69842 -0.78013
U8 -0.02968 0.19528 -0.72989 -0.05040 -0.31385 1.14150 -0.45698 -0.73104
UB -0.16730 0.25128 -0.94213 0.06531 -0.11683 1.53130 -0.68939 -0.99688
N46 -2.52280 -0.75848 -3.05000 1.38700 1.45970 1.11570 -0.15861 -2.27750
RU -0.13807 0.13966 -0.90021 0.11890 -0.14367 1.45640 -0.64262 -0.83392
KISZ 0.04570 0.27283 -0.84022 -0.07234 -0.30620 1.63760 -0.78131 -1.10500
SZE3 -0.17404 0.30458 -1.04210 -0.19053 -0.19985 1.49230 -0.73841 -1.17120
U2~b 0.07771 0.27545 -0.99920 -0.07295 -0.26086 1.74130 -0.86218 -1.13170
TUR3~a 0.02052 0.23358 -0.96500 -0.09327 -0.18942 1.70640 -0.64790 -0.79301
N57| 0.29606 1.01830 -2.84520 0.43529 -0.95169 1.85370 0.64081 -1.77870
URU~a1 -0.03293 0.35030 -1.12680 -0.08695 -0.25311 1.74210 -0.65283 -1.13800
MAR~a -0.05164 0.14815 -0.95048 -0.05376 -0.15246 1.95770 -0.88881 -0.86043
MASZ2 -0.10477 0.13720 -0.68815 -0.06933 -0.28796 1.23820 -0.52668 -0.74568
E2~b 0.07060 0.25739 -0.94761 -0.09781 -0.22733 1.58430 -0.73323 -1.06540
NAGA~a 0.14147 0.22766 -0.77197 -0.19901 -0.25905 1.76990 -0.85258 -0.93277
NUNUZ~a1 0.10921 0.41721 -1.17420 -0.03703 -0.38656 1.90290 -0.69461 -1.26400
HI@g~a -0.96021 0.02003 -1.42030 -0.05154 0.21422 2.34270 -0.39335 0.05166
UMUN2 -0.11844 0.15714 -0.86584 0.02036 -0.14503 1.40210 -0.52290 -0.82481
|U4xN57| -0.11016 0.56663 -1.81400 -0.08183 -0.78414 1.95750 0.04352 -0.77756
AMAR -0.00110 0.21862 -1.04370 0.08079 -0.28107 1.48390 -0.49726 -0.87774
DUB~a 0.01627 0.15259 -0.88543 -0.18878 -0.16563 1.70420 -0.71552 -0.81013
SIG2~b 0.04135 0.27605 -1.03440 -0.07085 -0.38775 1.85250 -0.83960 -1.06560
GUG2 -0.25818 0.16268 -1.04490 0.07141 -0.10543 1.60880 -0.50835 -0.73487
SUKKAL -0.06117 0.26420 -0.96317 -0.01929 -0.30960 1.65520 -0.65274 -0.91082
NA~a 0.23356 0.24738 -0.70264 -0.26101 -0.25594 2.07590 -0.96637 -0.86615
KASZ~c -0.03922 0.24702 -1.03430 -0.01558 -0.18647 1.74080 -0.66940 -0.86376
N25 -1.97730 -0.05461 -2.02740 0.69161 0.55776 2.84520 0.26984 -0.10635
ERIN -0.10915 0.17815 -0.92307 0.07015 -0.15046 1.45300 -0.53783 -0.83437
U2~a -0.21280 0.27090 -0.91215 -0.12195 -0.22642 2.20290 -0.73858 -0.54682
ZATU753 -0.04287 0.18511 -0.87646 -0.02333 -0.39846 1.74450 -0.90197 -1.02430
N18 -3.11420 -1.16030 -2.92700 1.81100 -0.15032 2.91360 -0.38005 -1.84990
PIRIG~b1 -0.04694 0.31746 -1.18730 0.02966 -0.25889 1.62530 -0.40480 -1.06010
SZA -0.18442 0.27744 -1.34460 -0.08080 -0.32266 2.07100 -0.88830 -1.31960
LAGAB~b -0.25476 0.04123 -1.47270 0.04096 0.05408 1.41510 -0.78324 -1.48330
KAB -0.14715 0.22370 -0.83646 -0.00954 -0.22039 1.55520 -0.55133 -0.77170
MU -0.55644 0.10736 -1.10510 0.03703 -0.25673 2.15320 -0.53828 -0.61343
AL -0.10530 0.24051 -1.12960 -0.01595 -0.33559 1.84660 -0.64131 -0.98155
N36 -1.41450 -0.47619 -3.17270 0.23680 1.11200 0.82213 -0.84052 -2.89620
|U4xN57 -0.02669 0.65248 -2.10660 -0.17302 -0.94414 1.93100 0.33619 -0.83166
ZATU659 0.11577 0.27363 -0.88832 0.00508 -0.50396 1.80390 -1.00810 -1.06420
DI -0.21471 0.16123 -1.01910 0.08396 -0.25384 1.66680 -0.48422 -1.07840
ZATU752 -0.06141 0.17858 -0.92991 0.00718 -0.39842 1.86430 -0.91112 -1.11670
GI6 -0.14259 0.17888 -0.97311 -0.00712 -0.24774 1.64660 -0.72290 -0.98208
|DUG~bxX| -0.04979 0.13281 -0.58023 -0.04903 -0.32727 1.16610 -0.46886 -0.58516
KASZ~b -0.01499 0.23765 -1.03830 -0.13628 -0.20262 1.78350 -0.79895 -0.98277
|N57 0.24608 0.94102 -2.50010 -0.03816 -0.79516 1.88220 0.61148 -1.48450
NAR -0.10454 0.22596 -1.05720 0.00252 -0.18746 1.74470 -0.70131 -0.99991
DUG~b -0.00869 0.25450 -1.03420 -0.08456 -0.41584 1.90740 -0.84338 -1.11360
ZI~a 0.02497 0.19497 -0.77055 -0.20439 -0.07618 1.78220 -0.75411 -0.71994
KASZ~a 0.02504 0.29589 -0.92902 -0.25828 -0.22501 1.86070 -0.79883 -0.85382
GADA~a 0.12198 0.22350 -0.69639 -0.14059 -0.25002 1.60340 -0.76299 -0.77822
UTUA~a 0.08221 0.18678 -0.61396 -0.15262 -0.25918 1.41340 -0.61634 -0.67084
MUD -0.24050 0.13276 -1.03400 0.04696 -0.31034 1.70400 -0.55092 -0.85084
NUN~b 0.07412 0.32001 -0.84558 -0.16052 -0.44070 1.68290 -0.86703 -1.04730
HASZHUR -0.10210 0.17533 -0.75174 -0.01418 -0.18903 1.15990 -0.52439 -0.72829
SZA3~a1 0.08262 0.40536 -1.02130 -0.17578 -0.31875 1.75530 -0.81452 -1.11450
GIR3~c -0.14096 0.24447 -1.07210 0.03279 -0.21329 1.67850 -0.69271 -1.04870
UKKIN~a 0.00151 0.17239 -0.83192 -0.11434 -0.16415 1.49880 -0.64787 -0.81330
TUN3~a 0.07655 0.22992 -0.81822 -0.12824 -0.24438 1.74140 -0.73572 -0.79994
UR2 -0.05342 0.30880 -1.28150 -0.02218 -0.26158 1.93970 -0.78024 -1.13560
GA2~a1 -0.07261 0.37637 -1.07630 -0.03212 -0.36871 2.06040 -0.82939 -1.12420
NIN -0.25819 0.17467 -1.26810 0.05348 -0.11378 1.77830 -0.68903 -1.07580
|SZE~a.NAM2| -0.24368 0.17798 -1.03180 0.01911 -0.06854 1.34100 -0.48645 -0.96743
AMA~a 0.15562 0.25084 -0.88099 -0.19975 -0.24870 1.77620 -0.71087 -0.86793
TAR~a -0.06838 0.12076 -0.89071 -0.12883 -0.10179 1.85990 -0.85518 -0.63915
NAGAR~a 0.02906 0.19553 -0.78204 -0.06161 -0.21954 1.74950 -0.83786 -0.87327
GIBIL -0.19379 0.18575 -1.32590 0.03844 -0.10363 1.43630 -0.49090 -1.25740
DIN -0.10267 0.25983 -0.98030 0.05663 -0.26154 1.56860 -0.59398 -0.99131
URI3~a 0.04699 0.18974 -0.91320 -0.11454 -0.19679 1.77840 -0.74815 -0.79984
IM~a 0.11888 0.26323 -0.81685 -0.30402 -0.33330 2.02800 -0.96514 -0.81528
KA~a 0.04675 0.22639 -0.90395 -0.18555 -0.16916 2.04330 -0.88118 -0.93591
N59 -0.12181 0.48140 -3.38810 1.14900 -0.73821 2.13910 -0.99622 -2.93050
LA2 -0.02134 0.15280 -1.11300 0.09586 -0.07292 1.68210 -0.66066 -0.93006
TI -0.24942 0.19450 -1.05620 0.02419 -0.14036 1.55700 -0.48422 -0.89866
NI~b 0.12932 0.30623 -1.11230 -0.15691 -0.28839 1.80490 -0.75749 -1.16830
N28 -1.36050 -0.19691 -1.83210 0.12600 0.44423 2.23610 -0.18892 -0.19518
NAGAR~b 0.06504 0.23979 -0.82340 -0.04495 -0.30353 1.65610 -0.79084 -0.98375
SIG -0.11750 0.27364 -1.10970 -0.05028 -0.27954 1.93080 -0.90271 -1.08400
HAL -0.16498 0.23067 -1.08700 0.09538 -0.21242 1.69510 -0.57006 -0.92795
AB~b -0.07600 0.17527 -1.19280 0.04073 -0.08563 1.49040 -0.73137 -1.21090
SUG5 -0.15463 0.18341 -1.00390 0.07715 -0.15953 1.57700 -0.73726 -0.88701
EZEN~b 0.02324 0.23718 -0.86695 -0.09290 -0.34811 1.74370 -0.78891 -0.91897
E~a -0.15292 0.18001 -1.06450 -0.30640 -0.01201 2.04520 -0.95157 -0.91744
NIM~a 0.10530 0.26013 -0.95801 -0.24229 -0.37482 2.11530 -1.00100 -1.01200
NAMESZDA -0.11791 0.15539 -0.81494 0.02187 -0.19058 1.32710 -0.47833 -0.82180
|GA~a.ZATU753| -0.17764 0.04881 -0.85944 0.13019 -0.13187 1.37900 -0.59209 -0.79932
GESZTU~b -0.09068 0.21963 -1.01370 0.00456 -0.22667 1.60540 -0.65338 -0.90481
NIMGIR -0.08149 0.17940 -0.87473 -0.00016 -0.22466 1.38260 -0.58679 -0.83107
GU 0.04752 0.22432 -1.10470 0.05006 -0.23076 1.73400 -0.66310 -0.98653
|N58.BAD~a| -0.24915 0.22862 -1.11410 0.03450 -0.20535 1.70670 -0.45614 -0.89347
|GI&GI| -0.21937 0.11899 -1.00040 0.13289 -0.01073 1.29370 -0.51312 -1.00620
SIG7 -0.11796 0.18022 -0.93779 0.00828 -0.23592 1.56730 -0.70295 -0.87325
USZ~a 0.06345 0.24670 -0.82809 -0.24616 -0.23775 1.70940 -0.69236 -0.69285
SZAB~a -0.05885 0.20928 -1.02470 -0.19939 -0.21986 1.82470 -0.83020 -0.92725
|NI~a.RU| -0.19421 0.18461 -1.26510 0.11339 -0.07282 1.49290 -0.42065 -1.01590
SAR~a 0.00211 0.16537 -0.84717 -0.09247 -0.13809 1.89450 -0.86235 -0.73510
NA2~a -0.16668 0.26109 -0.95447 -0.09929 -0.29456 2.26600 -0.81009 -0.74230
BARA2~a -0.08044 0.22387 -0.88318 -0.04806 -0.24629 1.82880 -0.68351 -0.73081
KU~b1 -0.09152 0.19798 -1.26280 -0.01409 -0.21009 1.93180 -0.89903 -1.32240
SI4~a -0.17663 0.18775 -1.00890 -0.16157 -0.19166 1.96470 -0.84378 -0.94139
GIR3@g~b -0.13939 0.26549 -1.12570 -0.08825 -0.25607 1.72810 -0.69861 -1.10310
EN~b 0.11082 0.25550 -0.82646 -0.16580 -0.31099 1.70320 -0.90999 -1.05370
ISZ~b -0.05394 0.14148 -0.99481 -0.02840 -0.18398 1.57280 -0.72654 -0.95739
ZATU694~c 0.16180 0.29753 -0.87319 -0.01009 -0.45707 1.78650 -0.90255 -0.92795
UR~a 0.05200 0.20168 -0.99819 -0.08775 -0.34194 2.41280 -1.01190 -0.67343
ZAG~a 0.04163 0.23507 -0.73584 -0.17727 -0.26060 1.59250 -0.74962 -0.76147
DUR2 0.04455 0.27833 -1.08950 0.04959 -0.25916 1.59070 -0.62037 -1.01380
SI4~f -0.31746 0.13662 -1.14550 0.01090 -0.11088 1.52060 -0.65371 -1.07610
ZATU647 0.11042 0.30778 -0.86679 0.06976 -0.43265 1.75120 -0.84770 -0.87738
KID~b -0.10419 0.19967 -1.00670 0.03289 -0.25883 1.60590 -0.74399 -1.02170
NESAG2~a -0.16569 0.15509 -0.84437 0.01351 -0.19383 1.75200 -0.59839 -0.61643
N52 -0.77028 0.05242 -2.30320 0.86614 0.16401 1.73170 0.43585 -2.47340
SZAGAN -0.21930 0.15522 -1.13180 0.00306 -0.12199 1.56180 -0.64089 -1.00800
UR5~a -0.51477 0.01676 -1.19330 0.11063 0.19527 1.70280 -0.52861 -0.57108
GIR2~a -0.05062 0.29751 -0.79547 -0.11108 -0.33250 1.97480 -0.69800 -0.61011
LAGAB~a -0.07480 0.02657 -1.35730 -0.20854 -0.03792 1.78590 -0.91463 -1.23590
N21 -2.38610 -0.43651 -2.56970 0.98431 0.61800 3.77580 0.80286 -2.06010
DUB~b 0.01601 0.21293 -0.99808 -0.00313 -0.20067 1.61910 -0.72095 -1.04850
NIM~b1 -0.03929 0.24416 -1.01490 0.00580 -0.25087 1.69620 -0.69801 -1.02460
GURUSZDA -0.02412 0.21042 -0.94747 -0.01265 -0.25452 1.63300 -0.62574 -0.98857
|DUG~cxN57| -0.00913 0.32802 -0.97043 -0.02410 -0.44387 1.35080 -0.26115 -0.72230
SZAM2 -0.34084 0.10879 -1.16350 0.07309 -0.00108 1.39150 -0.64609 -1.14300
N07~a -0.79012 -0.17321 -1.67250 0.22160 0.11171 2.54190 -0.85871 -0.55804
KAR2~a -0.12489 0.25307 -0.85608 -0.04992 -0.26247 2.05630 -0.76365 -0.67076
GURUSZ~a 0.02095 0.24585 -0.90063 -0.12825 -0.25295 1.70930 -0.68278 -0.87348
KISIM~a -0.00276 0.14716 -0.75383 -0.11567 -0.28577 1.62160 -0.70145 -0.69418
NU -0.02814 0.19487 -0.79866 0.06886 -0.28370 1.47050 -0.71600 -0.81253
N29~a -1.04410 -0.27040 -1.80530 -0.03026 0.48847 1.95770 -0.61589 -0.71235
N39~b -0.57167 -0.21534 -1.99590 -1.05210 0.21739 2.10880 -1.37870 -0.78678
SILA4~c 0.00401 0.29462 -0.98172 0.02115 -0.27114 1.71590 -0.67183 -0.95434
N15 -0.57573 -0.74874 -2.98910 0.08383 0.72879 1.94510 -0.44081 -1.74050
LAM~b -0.05253 0.27166 -1.36280 -0.01068 -0.22894 1.97060 -0.71392 -1.11640
MUN~a1 0.05667 0.29513 -0.96395 -0.14252 -0.39983 1.59470 -0.61214 -1.01490
IDIGNA -0.14248 0.15390 -0.87289 0.05094 -0.17756 1.46890 -0.54411 -0.80938
ZATU644~a 0.07937 0.27730 -0.80510 -0.05538 -0.43516 1.77690 -0.86636 -0.84691
SZIM~a -0.13590 0.28062 -1.13300 -0.30343 -0.22322 2.14770 -1.05160 -1.15430
AK~a 0.04273 0.17861 -0.86257 -0.15756 -0.13734 1.90240 -0.79427 -0.75835
KASKAL 0.00472 0.24341 -0.87911 -0.05398 -0.30676 1.59410 -0.63194 -0.84220
LAGAR~a -0.02324 0.13038 -0.93145 -0.05145 -0.13988 1.62460 -0.82559 -0.94394
DIM~a 0.04400 0.24276 -0.92551 -0.17860 -0.23098 1.87130 -0.71724 -0.82551
GARA2~a -0.06689 0.23672 -0.93499 -0.00288 -0.22242 1.90190 -0.72359 -0.80564
GISZ3~b 0.00508 0.31409 -1.02640 -0.04763 -0.29363 1.79680 -0.84510 -1.13930
KALAM~b -0.09116 0.23596 -1.11730 -0.01205 -0.21394 1.80060 -0.72192 -1.03920
ZATU648 0.12298 0.29407 -0.78092 0.00630 -0.47073 1.61330 -0.84907 -0.92367
N30~a -0.40004 0.03252 -1.40230 -0.29741 0.03141 1.82950 -0.80678 -0.84341
SA~c -0.21739 0.27650 -1.12630 0.01297 -0.17704 1.79460 -0.78159 -1.20340
SZEN~b 0.02039 0.32563 -1.08510 -0.22699 -0.45039 1.99710 -0.99433 -1.21260
SILA3~a 0.13967 0.37690 -1.07880 -0.14843 -0.27377 2.12070 -0.89059 -0.97495
|BU~a+DU6~a| -0.18851 0.26559 -1.18240 0.06525 -0.18370 1.65980 -0.45483 -1.03420
ABGAL -0.06953 0.16656 -0.82798 0.02821 -0.17181 1.32030 -0.50789 -0.71213
ZATU710 -0.25137 0.17482 -1.00680 -0.00565 -0.28184 1.90360 -0.75703 -0.71055
N54 0.47914 0.23265 -2.61760 1.63570 0.02971 1.00700 -0.62291 -2.68970
GAN~a 0.09145 0.26405 -0.93766 -0.14565 -0.18716 1.85620 -0.76358 -0.83906
ZATU773~a 0.02616 0.22730 -0.86780 -0.07131 -0.34776 1.82840 -0.90127 -0.91756
|SAL.KUR~a| -0.04294 0.29023 -1.10140 0.08067 -0.26899 1.88540 -0.66726 -0.95379
AD~a 0.13828 0.29951 -0.91006 -0.29883 -0.21698 2.18680 -0.87932 -0.79962
SZURUPPAK~a -0.02066 0.18644 -0.87825 -0.05948 -0.17227 1.63950 -0.69075 -0.84116
N30~c -0.52634 -0.00408 -1.50180 0.05243 0.08262 1.63980 -0.64388 -1.01760
KAK~a 0.02755 0.20678 -0.85185 -0.14025 -0.18732 1.82190 -0.75006 -0.81026
DUR~b 0.03223 0.28793 -0.98610 -0.04659 -0.37749 1.63800 -0.71438 -1.04580
MEN~a 0.20113 0.21022 -0.88385 -0.14216 -0.05424 1.85050 -0.87401 -0.78095
ZABALAM~a -0.04936 0.14926 -0.76118 -0.02896 -0.21438 1.41140 -0.55661 -0.67658
ZATU759 -0.00304 0.21496 -0.89826 -0.03008 -0.43044 1.72180 -0.91713 -1.09790
SZAKIR~c -0.13189 0.17984 -0.95286 0.02242 -0.20536 1.50320 -0.59273 -0.87492
BUR2 0.05502 0.16839 -0.80651 -0.00171 -0.26950 1.33080 -0.58315 -0.73892
N01@f -0.80646 -0.38969 -2.28580 0.33316 0.03449 2.58200 -1.11280 -1.13920
IR~a -0.01652 0.14424 -0.92052 -0.10786 -0.23711 2.01470 -0.89450 -0.73653
N26 -1.16630 -0.17108 -1.63580 0.27706 0.33527 1.92150 -0.15324 -0.33655
LU2 -0.12619 0.17101 -0.78449 0.04644 -0.15761 1.31600 -0.52318 -0.75597
GISZIMMAR~b1 -0.08889 0.18999 -0.90697 0.01044 -0.21780 1.47190 -0.63383 -0.88423
NU11 -0.10445 0.08745 -0.79874 0.10000 -0.08478 1.20640 -0.50574 -0.73434
KINGAL -0.12645 0.15122 -0.65596 -0.01147 -0.16532 1.03270 -0.44038 -0.68754
ZATU649 0.14637 0.30123 -0.81608 0.03720 -0.48474 1.61210 -0.83012 -0.90871
ADAB -0.08437 0.19128 -0.68996 -0.02105 -0.19163 1.14660 -0.48479 -0.72401
GA'AR~a1 0.02130 0.15681 -0.86801 0.16196 -0.15213 1.31950 -0.63492 -0.96343
|U4.N08| -0.66136 -0.18738 -1.55790 0.42243 -0.30344 2.19550 -0.80487 0.03655
N47 -2.47660 -0.02455 -2.68280 1.22600 0.75758 2.42920 0.27062 -0.75581
I -0.20934 0.17172 -0.87396 0.12778 0.00975 1.27840 -0.41169 -0.73032
|GISZxSZU2~a| -0.26550 0.19605 -1.25980 0.13174 -0.11114 1.75450 -0.61251 -1.11820
N08| -1.29230 -0.82679 -2.15390 1.00900 0.08921 2.79670 -0.80624 0.28635
GUM~b -0.00625 0.24613 -1.04100 -0.02540 -0.21036 1.66120 -0.77253 -1.07540
MES -0.06539 0.13959 -0.94907 0.09182 -0.12338 1.45730 -0.60409 -0.88262
GAN~b -0.02729 0.25541 -0.94378 -0.06278 -0.23754 1.61440 -0.76825 -0.99095
URUDU~a -0.08180 0.24410 -0.98955 -0.11632 -0.25244 1.77580 -0.73449 -0.89655
GAN~c -0.17216 0.20148 -1.02920 0.03887 -0.17194 1.65330 -0.68435 -0.95175
UMBIN~a -0.01775 0.16008 -0.76161 -0.04839 -0.11395 1.44500 -0.60600 -0.69500
ZATU686~a 0.15304 0.29298 -0.78478 -0.11649 -0.41836 1.76610 -0.87854 -0.85021
PU2 -0.02046 0.12673 -0.62485 0.02486 -0.21483 1.15630 -0.44463 -0.69095
|N57.SZUBUR| -0.02700 0.27031 -1.10370 0.06640 -0.24079 1.38270 -0.27038 -0.79391
ESZDA -0.09677 0.21252 -0.97337 -0.00412 -0.23352 1.57890 -0.55928 -0.89063
DU8~c -0.15769 0.08060 -1.25540 0.29829 -0.09089 1.71390 -0.72676 -1.04630
ZATU751~a -0.04488 0.16651 -0.92896 -0.03350 -0.28098 1.71220 -0.82813 -0.99883
LAL2~a -0.11690 0.18872 -0.81619 -0.03740 -0.13323 1.66040 -0.53596 -0.52153
|E2~axN57@t| -0.20614 0.21721 -1.18060 0.09165 -0.21895 1.50210 -0.33091 -0.89160
N28~c -1.12160 -0.01437 -1.62620 0.40120 0.24734 2.26220 -0.16827 -0.39132
UTUL~a -0.06335 0.12297 -0.69246 -0.12777 -0.11538 1.30300 -0.53155 -0.59210
ZATU714 -0.35575 0.16811 -1.07900 -0.05191 -0.28108 1.99490 -0.79199 -0.73414
GISZ@t -0.03340 0.24296 -0.94843 -0.00158 -0.23084 1.47810 -0.65896 -1.06480
|SZU2.EN~a| -0.17511 0.23508 -1.20120 0.09183 -0.09815 1.66880 -0.54623 -0.99570
GA2~a2 -0.21676 0.26491 -1.09820 0.13640 -0.19688 1.79000 -0.72450 -1.03970
|U4.N08 -0.79713 -0.27007 -1.84910 0.50315 -0.45910 2.51160 -1.04260 0.27055
BUR~a 0.13258 0.19592 -0.72190 -0.12420 -0.34024 1.88600 -0.82006 -0.57063
SZIDIM -0.10967 0.21104 -0.80393 -0.07280 -0.14700 1.33180 -0.56170 -0.82531
|U4xN01| -0.37320 0.17489 -1.31990 -0.18555 -0.46105 1.92740 -0.50755 -0.63693
N57.PIRIG~b1| -0.01656 0.41358 -1.57160 0.20309 -0.30357 1.53670 -0.07547 -1.17650
|TUG2~a.(BAD&BAD)| -0.09509 0.10088 -0.52794 0.05934 -0.13157 0.85151 -0.29339 -0.45870
SZUM -0.09825 0.21955 -0.90726 -0.03516 -0.18153 1.49390 -0.71939 -0.90723
BULUG3 -0.13586 0.09048 -0.74322 0.03176 -0.15093 1.14720 -0.47761 -0.61913
|NUN~a+EN~a| -0.11777 0.21816 -1.01520 0.04120 -0.12083 1.47590 -0.53266 -0.86521
N49 -1.84320 -0.36084 -2.48490 0.65293 0.81558 1.43390 -0.32273 -1.99280
|ZATU714xHI@g~a| -0.88938 0.02283 -1.44260 0.18351 0.06717 2.24920 -0.43462 -0.30512
TUM~a 0.05009 0.20521 -0.76371 -0.17176 -0.21028 1.66950 -0.69945 -0.69023
|U4xN01 -0.26939 0.23829 -1.16470 -0.28282 -0.63756 1.83740 -0.48249 -0.53619
DILMUN -0.11053 0.13391 -0.77779 0.03093 -0.17925 1.17680 -0.44002 -0.80494
ZATU697~a 0.10997 0.27463 -0.81892 -0.07998 -0.41801 1.79760 -0.89813 -0.85279
|ZATU737xSAL| -0.24942 0.08916 -0.79646 0.04575 -0.14282 1.39930 -0.54662 -0.62767
|ZATU759xKU6~a| -0.26235 0.16965 -1.04850 0.01058 -0.18745 1.67090 -0.61980 -0.88904
NI2 -0.11286 0.13150 -0.63256 0.04812 -0.11537 1.00760 -0.35300 -0.61283
ANSZE~b -0.14948 0.15277 -0.92118 0.01346 -0.12596 1.37630 -0.52501 -0.82351
SZELU -0.16757 0.17368 -0.95925 -0.07643 -0.16129 1.38670 -0.57080 -0.86903
DU6~b -0.01912 0.19469 -0.91018 -0.02488 -0.20536 1.51420 -0.63919 -0.97007
ZATU693 0.14920 0.30321 -0.74857 -0.03513 -0.48627 1.62960 -0.89728 -0.86247
SILA4~b -0.01342 0.28179 -0.96137 -0.00404 -0.25247 1.64560 -0.69540 -0.97380
SAGSZU -0.15314 0.10000 -0.84185 0.07656 -0.12417 1.25600 -0.46012 -0.66636
SZEG9 -0.22975 0.13442 -0.94302 -0.02220 -0.07707 1.18820 -0.55378 -0.92153
NIR~a -0.04153 0.13973 -0.86917 -0.08343 -0.21597 1.92430 -0.80498 -0.75351
DARA4~a1 -0.02462 0.31535 -0.94923 -0.06984 -0.27477 1.54040 -0.63902 -1.08960
GI4~a -0.13973 0.11950 -0.89258 -0.10803 -0.22899 1.79700 -0.75277 -0.76260
SZA3~a2 -0.01244 0.30714 -0.90424 -0.05183 -0.16340 1.42570 -0.65359 -0.96259
N01| -0.98018 -0.19025 -1.77970 0.15749 -0.14078 2.49100 -0.95666 -0.89720
N38 -0.71397 -0.05176 -1.39600 -0.09188 0.24908 1.17960 -0.37020 -1.25800
PAD~a 0.10271 0.20949 -0.75323 -0.20632 -0.18995 1.59940 -0.61725 -0.67102
ZATU628~a 0.07467 0.24014 -0.86438 -0.04020 -0.34272 1.73480 -0.81375 -0.81061
URI -0.05898 0.05714 -0.72849 0.03807 -0.13004 1.13390 -0.41265 -0.59417
TU~b -0.04397 0.27276 -1.20370 -0.03571 -0.29851 2.08940 -0.89559 -1.24210
GAR3 -0.03014 0.21344 -0.67632 0.02140 -0.12641 0.91490 -0.47323 -0.78693
KALAM~a -0.08252 0.20268 -1.00410 -0.06950 -0.21611 1.90600 -0.77323 -0.91780
IN~b 0.04712 0.26659 -0.93962 -0.14036 -0.32981 1.76240 -0.91567 -1.07590
|ZATU651xEN~a| -0.20073 0.18186 -1.09680 0.11515 -0.15805 1.74620 -0.70147 -0.92520
SZITA~a3 -0.01494 0.25406 -0.82141 -0.05050 -0.18824 1.36930 -0.64550 -1.02970
|SZE~a&SZE~a| -0.39386 0.25534 -1.37900 0.05194 0.02354 1.70980 -0.50523 -1.04690
KISZIK~a -0.02514 0.18937 -0.84591 -0.05233 -0.18243 1.60290 -0.68904 -0.85076
SZEN~c@t -0.02310 0.21477 -0.69164 -0.13715 -0.23303 1.16020 -0.56704 -0.72239
SUM~a 0.08829 0.22472 -0.79678 -0.21717 -0.27053 1.66080 -0.76831 -0.71809
GUL -0.11865 0.19038 -0.87777 0.04915 -0.10455 1.28310 -0.48508 -0.87504
N24~a -1.19810 -0.19468 -1.48960 0.21383 0.14103 2.18960 -0.29854 -0.63797
KU~b2 -0.15820 0.16790 -1.16970 -0.07043 -0.17368 1.75050 -0.81674 -1.22140
ZATU788 -0.05030 0.19668 -0.91503 -0.01826 -0.30254 1.70520 -0.89059 -0.98103
DARA4~c2 -0.09714 0.27788 -0.90317 -0.03778 -0.22386 1.37210 -0.58505 -1.05510
ZATU662 0.12581 0.28270 -0.70883 -0.00491 -0.47415 1.59640 -0.83911 -0.86131
DAR~b -0.01256 0.25681 -1.02980 -0.09015 -0.33176 1.84890 -0.87925 -1.09350
TU~a 0.04764 0.25908 -0.94902 -0.28195 -0.28880 2.05440 -0.81344 -0.89399
|GISZ.TE| -0.46598 -0.05695 -1.29290 0.35115 0.30768 0.96242 -0.51509 -1.38270
KITI -0.07576 0.16921 -0.82248 0.00812 -0.10193 1.17070 -0.41758 -0.77387
|ZATU737xDI| -0.25711 0.08213 -0.80174 0.05708 -0.17598 1.41410 -0.54838 -0.60958
SZITA~b1 -0.06952 0.27782 -0.92764 -0.05900 -0.22005 1.54430 -0.69937 -1.08540
|MUSZENxN57 0.03618 0.45204 -1.50790 -0.03588 -0.52159 1.57610 0.00850 -0.97293
GUKKAL~a -0.03568 0.17654 -0.76781 -0.07227 -0.15047 1.38840 -0.56503 -0.68169
ISZ~a 0.03773 0.25392 -0.83946 -0.19342 -0.21508 1.73250 -0.73719 -0.79626
BAHAR2~b -0.00318 0.20096 -0.85035 -0.01128 -0.25834 1.44880 -0.62245 -0.81471
MUD3~a -0.01713 0.18692 -0.83108 -0.13301 -0.24792 1.69860 -0.69561 -0.72721
BU3 -0.02332 0.08542 -0.44693 0.03439 -0.05931 0.86159 -0.34112 -0.48473
DAH -0.11548 0.12182 -0.67950 0.11738 -0.07084 0.81961 -0.37863 -0.67377
NUNUZ~c 0.00504 0.30068 -1.12210 0.02102 -0.27785 1.80300 -0.67102 -1.08470
GA~b -0.00779 0.22408 -1.12380 -0.00420 -0.22820 1.81520 -0.88494 -1.16390
SIG2~a1 -0.01574 0.31761 -0.97001 -0.04078 -0.38740 1.83590 -0.73192 -0.96490
DAR~a -0.02487 0.20521 -0.99005 -0.12687 -0.21389 2.06600 -0.95675 -0.94109
GESZTU~a -0.03328 0.20563 -0.92762 -0.08649 -0.21711 1.59140 -0.61562 -0.75985
ZATU758 -0.01524 0.22590 -0.88051 -0.05115 -0.38409 1.68690 -0.87568 -1.03720
SILANITA 0.01260 0.16530 -0.51128 -0.00858 -0.14211 0.92362 -0.38259 -0.49381
TAG~a1 0.01686 0.23860 -0.75756 -0.06492 -0.26753 1.29960 -0.55893 -0.78543
SA~a 0.14636 0.30053 -0.91554 -0.24380 -0.23708 2.08950 -0.99223 -1.04040
|SAR~axSZE~a| -0.23581 0.22301 -1.19520 0.05287 -0.08600 1.69600 -0.57405 -0.94730
E~b -0.13306 0.15280 -1.25820 0.01826 -0.22321 1.93860 -0.92029 -1.26470
NESAG2~b -0.05987 0.14629 -0.77812 0.02048 -0.20294 1.33470 -0.58911 -0.73127
SZITA@g~a -0.19449 0.20083 -0.86393 -0.11837 -0.10598 1.56830 -0.62190 -0.69750
DUR~a 0.08510 0.22178 -0.81804 -0.08754 -0.34148 1.85320 -0.77549 -0.66225
TA~c -0.16658 0.22871 -1.02740 0.04838 -0.16776 1.66360 -0.67182 -1.03880
N57.NUNUZ~a1| 0.09021 0.40801 -1.34030 0.16137 -0.35283 1.36090 -0.14736 -1.10850
SZAH2~a -0.17176 0.21995 -0.84013 -0.08034 -0.17796 1.64420 -0.59785 -0.65758
NINDA2 -0.19155 0.03932 -0.75806 0.11036 -0.07350 1.07270 -0.37127 -0.60638
SIG2~a2 -0.10640 0.22750 -0.91798 0.07306 -0.26081 1.57690 -0.61766 -0.84348
KISIM~b -0.02499 0.17696 -0.83585 -0.00911 -0.25248 1.43160 -0.63716 -0.80074
GIR3~a 0.00659 0.31228 -1.12240 -0.13638 -0.28830 2.07440 -0.85864 -1.03260
MIR~a -0.01889 0.12797 -0.74675 -0.09382 -0.23111 1.68420 -0.74184 -0.55613
ZATU726~d -0.02166 0.17647 -0.63469 -0.02943 -0.29957 1.25070 -0.65661 -0.70759
SZESZ~a -0.07036 0.18389 -0.91060 -0.16744 -0.22196 1.63090 -0.68878 -0.74069
ZATU795 -0.02337 0.24319 -0.89776 -0.02832 -0.37910 1.71270 -0.82617 -0.95630
ZATU629 0.12765 0.25251 -0.77190 -0.02144 -0.43457 1.65070 -0.88151 -0.86325
MAR~b -0.00945 0.22005 -1.02850 -0.03546 -0.28043 1.84740 -0.84518 -1.03860
ERIM2 -0.05593 0.14007 -0.55506 0.02359 -0.11355 0.89739 -0.39925 -0.65178
ESZGAR 0.01000 0.14744 -0.60342 0.05181 -0.16099 0.89130 -0.31838 -0.56914
KIR11 -0.03776 0.11343 -0.70201 0.06798 -0.12797 1.07920 -0.39221 -0.62016
EZEN~a 0.09640 0.21611 -0.87608 -0.13140 -0.19210 1.83310 -0.78906 -0.79685
|SZU&SZU| -0.13504 0.11582 -0.88719 0.05804 -0.10655 1.25320 -0.48032 -0.74251
NIM~b2 -0.03515 0.19785 -0.84435 -0.00454 -0.19893 1.36400 -0.56213 -0.81701
BAHAR2~a -0.08364 0.20981 -0.82642 -0.03096 -0.25578 1.70280 -0.62374 -0.63359
ENGIZ -0.07233 0.11542 -0.76569 0.04120 -0.04406 0.97585 -0.30848 -0.64590
ZATU703 -0.15015 0.17017 -0.85336 0.01421 -0.33425 1.60710 -0.77148 -0.89312
GIR~a 0.02796 0.20475 -0.95386 -0.16455 -0.33094 2.12190 -0.88833 -0.81981
DIM~c -0.12918 0.15531 -0.84228 0.06617 -0.10006 1.29150 -0.41734 -0.76035
ZATU764 -0.06477 0.19424 -0.80384 -0.04028 -0.35398 1.59630 -0.81205 -0.86283
SIG2~a3 -0.06575 0.17627 -0.75171 0.03108 -0.26210 1.37800 -0.53721 -0.65621
ZATU776 -0.00265 0.20421 -0.81091 -0.03088 -0.35534 1.59750 -0.79568 -0.90944
|KA2xLAM| -0.07804 0.06266 -0.50767 0.03678 -0.07155 0.78439 -0.27016 -0.43725
DU8~c@g -0.09574 0.07579 -0.72398 0.11759 -0.10092 1.02160 -0.42964 -0.64338
|DUG~bxSIG7| -0.03162 0.14139 -0.52115 -0.04396 -0.28371 1.00120 -0.38657 -0.52851
NAB -0.13887 0.10725 -0.77821 0.04198 -0.17236 1.42200 -0.49550 -0.85321
ZATU735~b -0.07036 0.22226 -0.96203 -0.01979 -0.32598 1.71100 -0.87476 -0.99565
|LAGAB~axSZITA~a1| -0.11881 0.14675 -0.94653 -0.00359 -0.09399 1.25780 -0.54065 -0.94386
SZA@g -0.16116 0.16171 -0.85654 -0.03388 -0.14928 1.25150 -0.55236 -0.84531
ZATU720 -0.14372 0.22856 -0.87948 0.00192 -0.31081 1.68120 -0.77686 -0.89423
N57.GAR| 0.16240 0.39023 -1.69160 0.40183 -0.36636 1.26380 0.00185 -1.26820
|ZATU651xGAR| -0.14092 0.13053 -0.84557 0.09805 -0.16168 1.36430 -0.56715 -0.70531
|ZATU659xN01| -0.22219 0.09771 -0.88385 0.03231 -0.19655 1.55900 -0.66639 -0.68674
NU@g -0.07968 0.08301 -0.48754 0.05125 -0.11179 0.88533 -0.34580 -0.48220
BAD -0.08598 0.18971 -0.71406 -0.00752 -0.19161 1.14640 -0.40867 -0.68640
BALAG -0.06065 0.09826 -0.57496 0.00133 -0.11846 0.90303 -0.37015 -0.58903
|EN2.E2~b| -0.10732 0.14030 -0.82101 0.03924 -0.11440 0.94459 -0.28035 -0.68046
ZATU749~b -0.06518 0.22226 -0.87235 -0.12273 -0.37592 1.70130 -0.85729 -0.95493
BAHAR2~c -0.03397 0.15475 -0.73238 0.04487 -0.16521 1.17430 -0.47163 -0.63115
ZATU756 -0.05057 0.22545 -0.91957 -0.03079 -0.35086 1.71580 -0.86108 -1.07020
TUG2~a@g -0.12183 0.14358 -0.63270 0.06682 -0.20328 1.26780 -0.41443 -0.58814
ASAR -0.06476 0.08156 -0.50394 0.07446 -0.07722 0.78311 -0.25754 -0.42886
N07~b -0.69300 -0.14923 -1.54210 0.33985 0.01905 2.02890 -0.69935 -0.68656
|(UDU~axTAR)~b| -0.13323 0.14752 -0.77724 0.01324 -0.11829 1.12690 -0.42065 -0.67670
|SAGxMA| -0.12350 0.20153 -1.02640 0.07354 -0.23663 1.68420 -0.55069 -0.92426
BALA~a 0.02283 0.21613 -0.72689 -0.17018 -0.19162 1.50930 -0.67425 -0.81942
PIRIG~a1 -0.00416 0.27183 -0.92412 -0.02709 -0.23407 1.36950 -0.42740 -0.87457
DARA4~c1 -0.07950 0.23874 -0.80403 -0.03808 -0.20399 1.25890 -0.52637 -0.94414
SUM~b -0.01867 0.25953 -0.94153 -0.07217 -0.23541 1.50590 -0.72711 -0.96161
KASZ~d -0.00637 0.15618 -0.65965 -0.06902 -0.13111 1.15890 -0.46383 -0.60588
KID~a 0.01105 0.21273 -0.86248 -0.12918 -0.16050 1.75210 -0.69784 -0.75419
GA2~b -0.05832 0.27170 -1.15610 0.01969 -0.27829 1.97060 -0.92982 -1.17330
PAP@t -0.09081 0.08922 -0.65347 0.05316 -0.07583 0.85442 -0.35806 -0.69980
ZATU777 -0.02966 0.18838 -0.78826 -0.02289 -0.34189 1.61300 -0.81215 -0.89727
AGAR2 -0.00380 0.08529 -0.61424 0.05089 -0.08953 0.89140 -0.34240 -0.60103
N24~b -1.05950 -0.16045 -1.65320 0.32588 0.22475 1.85810 -0.36857 -0.99939
UR4~b -0.18174 0.16869 -1.01350 0.07207 -0.10307 1.49500 -0.61480 -0.95967
ZATU725 -0.08890 0.19556 -0.82438 -0.02210 -0.34149 1.63150 -0.79676 -0.86223
NUN~c -0.05116 0.22601 -0.93174 -0.02876 -0.24161 1.56500 -0.67951 -0.93914
|DUG~bxSZE~a| -0.22755 0.21942 -1.07290 0.00104 -0.20727 1.65320 -0.55304 -0.90672
AZ -0.16622 0.07285 -0.69489 0.03987 -0.01742 0.78081 -0.28383 -0.47116
|DUG~bxDIN| -0.02694 0.13305 -0.48700 -0.05294 -0.28394 0.96974 -0.40941 -0.53041
N09 -1.02590 -0.32025 -1.78870 0.63825 0.16844 1.99340 -0.54208 -0.47393
|SILA3~axSZE~a@t| -0.08798 0.19559 -0.88334 0.00889 -0.10135 1.32770 -0.48201 -0.72748
SZEN~a 0.08253 0.29302 -1.15820 -0.24056 -0.27840 2.17060 -1.01640 -1.12030
SAG@n -0.07573 0.08659 -0.59452 0.04796 -0.07571 0.94479 -0.37237 -0.56019
BIR3~a 0.01423 0.18779 -0.79697 -0.12983 -0.15785 1.48380 -0.63139 -0.67356
ZATU651 0.10927 0.24908 -0.93240 0.07986 -0.41426 1.75570 -1.00070 -1.11710
|SILA3~axSZU| -0.00868 0.23341 -0.95805 0.02492 -0.18106 1.52310 -0.57331 -0.82514
MUNSZUB~b -0.09912 0.18634 -0.97469 0.00102 -0.22309 1.60360 -0.67629 -0.93316
|SILA3~axGARA2~a| -0.06390 0.25469 -0.97999 0.03585 -0.20185 1.61950 -0.56473 -0.83843
BAN~a 0.07469 0.19737 -0.83039 -0.14728 -0.17753 1.65290 -0.67342 -0.69331
|SIxKU~b1| -0.26140 0.12787 -1.16440 0.09773 -0.07569 1.50470 -0.57117 -1.06250
GA'AR~a2 -0.01501 0.07759 -0.80375 0.28507 -0.04950 1.06300 -0.54778 -0.86090
BARA3 -0.05751 0.15428 -0.64243 0.04525 -0.10114 0.92104 -0.40445 -0.64202
TI@t -0.16836 0.08933 -0.79467 0.06682 -0.05525 1.12910 -0.40504 -0.69191
|SILA3~axX| 0.00587 0.24559 -0.85089 -0.00324 -0.18861 1.41580 -0.54050 -0.73788
N01)| -0.65116 -0.18206 -1.29530 0.20139 -0.06591 1.57970 -0.55864 -0.54393
ZATU625 0.07210 0.25543 -0.81990 0.00059 -0.41937 1.68940 -0.85696 -0.82963
N57.KU3~a| 0.07553 0.52476 -1.78080 0.23308 -0.41223 1.63950 -0.04140 -1.27980
SILA4~a -0.01319 0.26503 -0.92653 -0.08056 -0.25523 1.83000 -0.72139 -0.85614
BAN~b 0.01475 0.20113 -0.81406 -0.10050 -0.26022 1.45010 -0.66229 -0.83475
SZIR~a -0.06866 0.19660 -0.87641 -0.15947 -0.20795 1.80490 -0.82130 -0.83681
GU~a 0.06115 0.25437 -1.16970 -0.25077 -0.24899 2.17780 -0.88807 -1.02100
SANGA~b -0.06248 0.14070 -0.78376 0.03671 -0.13045 1.31080 -0.61370 -0.89140
MIR~b 0.02313 0.17242 -0.78345 -0.02603 -0.29339 1.37830 -0.61743 -0.71527
GUM~a 0.04051 0.21796 -0.86315 -0.16741 -0.22620 1.78890 -0.77853 -0.81396
MUNU3 -0.06904 0.15246 -0.53744 0.01241 -0.19187 0.97177 -0.31342 -0.52066
ZATU718 -0.32584 0.14137 -1.04870 0.07931 -0.32165 1.92800 -0.75337 -0.80154
N08~b -0.84894 -0.34778 -1.93870 0.68819 0.07605 2.32520 -0.97558 -0.69207
|UR2xN57| 0.00214 0.34366 -1.05070 0.03610 -0.36814 1.13320 -0.04882 -0.57732
KAL~b2 -0.12659 0.17984 -0.78493 -0.00111 -0.12301 1.25710 -0.49678 -0.76048
GAZI 0.00578 0.01986 -0.34378 0.04113 -0.04734 0.50456 -0.23368 -0.32768
ZATU750 -0.06225 0.20574 -0.90110 -0.01580 -0.35678 1.69190 -0.85913 -1.02370
|DUG~bxMASZ| -0.05406 0.13014 -0.50609 -0.03452 -0.26736 1.00060 -0.39264 -0.53043
ZATU687 0.12473 0.28554 -0.78797 -0.01030 -0.44653 1.62860 -0.87614 -0.89731
NIR~b 0.01725 0.20133 -0.95577 -0.03898 -0.28298 1.68060 -0.73648 -0.92637
RAD~b 0.03717 0.19072 -0.87450 -0.09799 -0.16591 1.50080 -0.68746 -0.93761
|GISZxSZU2~b| -0.17114 0.12574 -0.98328 0.11806 -0.05042 1.28660 -0.50903 -0.94361
NUMUN -0.12551 0.09365 -0.75290 0.05671 -0.11976 1.05360 -0.44230 -0.68780
ZATU651@g 0.04478 0.22354 -0.72301 0.01049 -0.34827 1.42190 -0.75489 -0.83844
ZATU694~d 0.15797 0.23743 -0.61785 -0.03048 -0.39501 1.33120 -0.72329 -0.70427
KISAL~a1 0.03284 0.23517 -0.82306 -0.05500 -0.21640 1.36490 -0.58391 -0.91299
RAD~a@g -0.01467 0.14673 -0.64455 -0.05728 -0.11825 1.14010 -0.46240 -0.67546
LUM -0.10190 0.07578 -0.44977 0.03100 -0.09900 0.81395 -0.37932 -0.50068
ZATU686~b 0.11819 0.27211 -0.82090 -0.03543 -0.42732 1.66800 -0.85887 -0.92396
UTUA~b -0.01900 0.11299 -0.67262 -0.03049 -0.20297 1.11070 -0.49221 -0.67194
UDUNITA~c -0.03002 0.20384 -0.63653 -0.04634 -0.24373 1.11360 -0.51656 -0.78414
GISZ3~a 0.04808 0.33358 -1.01420 -0.12735 -0.31182 1.98320 -0.89917 -1.06520
EN~c -0.05819 0.16297 -0.99944 0.02566 -0.14225 1.57930 -0.69275 -0.96583
TAG~b -0.05229 0.19227 -0.89721 -0.04302 -0.24940 1.42480 -0.60518 -0.85241
N23 -1.18360 -0.10824 -1.64360 0.30446 0.35500 2.10860 -0.15532 -0.75214
|ZATU737xX| -0.29341 0.09002 -0.89033 0.06212 -0.16170 1.55180 -0.60260 -0.62882
DAM -0.05337 0.09392 -0.56004 -0.04695 -0.11067 0.82861 -0.34498 -0.51155
SZE~a@t -0.27770 0.15323 -0.84785 -0.11022 0.01343 1.11490 -0.45467 -0.70993
DU6~a -0.00097 0.28006 -1.02590 -0.15558 -0.21687 1.93370 -0.74552 -0.95087
N14| -0.45696 -0.04958 -0.98333 -0.07027 0.02456 0.89848 -0.50501 -0.97789
SZUR2~a -0.13718 0.26229 -0.95916 -0.10930 -0.23824 2.01860 -0.78536 -0.79200
|GA2~a1xX| -0.16920 0.18626 -0.74759 0.01870 -0.20219 1.28670 -0.46837 -0.70754
NUNUZ~a2 0.03338 0.30151 -0.95970 0.00837 -0.25384 1.48540 -0.57480 -1.03160
SUKUD -0.10217 0.17807 -0.69775 -0.01607 -0.21920 1.12130 -0.45415 -0.63391
|(SZAxHI@g~a)~a| -0.40134 0.07406 -0.84873 0.05166 -0.01487 1.26910 -0.27651 -0.31790
|NIR~axAN| -0.10359 0.08152 -0.59320 0.03190 -0.11185 0.92478 -0.30787 -0.50062
|GA2~a1xKU6~a| -0.19340 0.24536 -1.01400 0.01113 -0.21679 1.61330 -0.55822 -0.92891
KA2~a -0.22062 0.25500 -1.02340 -0.05818 -0.21761 2.26970 -0.79429 -0.78792
|(SUKUD+SUKUD)~b| -0.10278 0.07700 -0.48410 0.01249 -0.11926 0.72485 -0.26457 -0.37848
EN2 -0.16108 0.09752 -0.78023 0.05621 -0.02218 0.98488 -0.33495 -0.60084
APIN~b -0.03269 0.16531 -0.76276 -0.02414 -0.18210 1.25950 -0.61235 -0.88124
|NUN~a+NAM2| -0.13451 0.12689 -0.71276 0.03973 -0.09137 0.97581 -0.34942 -0.65851
UH3~a 0.05539 0.18049 -0.66818 -0.13774 -0.15833 1.44050 -0.61249 -0.58940
|GA2~a1xU4| -0.12700 0.16816 -0.61145 -0.00745 -0.18547 1.10740 -0.42116 -0.60523
UR4~a -0.13398 0.14476 -0.91464 -0.06662 -0.13166 1.73650 -0.67150 -0.71595
SZUR2~b -0.03451 0.23114 -0.98995 -0.07412 -0.27591 1.71410 -0.78797 -1.00100
ZATU749~a -0.08067 0.20053 -0.84342 -0.21540 -0.30684 1.72930 -0.86059 -0.77300
|U4x(N14.N01 -0.40393 0.10039 -1.04140 0.03960 -0.21449 1.32140 -0.42456 -0.44062
TUM~c -0.11235 0.13008 -0.82486 0.04307 -0.09733 1.29610 -0.46494 -0.73707
HI@g~b -0.56051 0.08451 -1.21820 -0.00134 0.01467 1.80300 -0.46035 -0.44962
BU~b -0.01290 0.22687 -1.05530 -0.06393 -0.23075 1.78720 -0.85641 -1.16190
GUN3~a 0.06022 0.24176 -0.84851 -0.13163 -0.21918 1.69730 -0.71418 -0.79882
N27 -1.20580 -0.11660 -1.36890 0.40194 0.37011 1.74550 0.12314 -0.23041
|SZU2.E2~b| -0.15313 0.18398 -0.99969 0.06247 -0.11147 1.30910 -0.42564 -0.84739
|KUR~a.E2~a| -0.11547 0.22710 -0.88436 0.06457 -0.18244 1.37020 -0.40383 -0.70884
ZATU749~c -0.06631 0.22851 -0.76026 -0.07614 -0.34631 1.51270 -0.74640 -0.84909
ENKUM -0.02962 0.04157 -0.20212 0.03209 -0.02623 0.33024 -0.11701 -0.20639
IM~b -0.00758 0.25077 -1.05200 -0.02699 -0.26580 1.71210 -0.84349 -1.04910
MAH~a -0.05802 0.09400 -0.69985 -0.12121 -0.13221 1.42800 -0.57872 -0.50128
LUGAL -0.08735 0.12853 -0.49438 0.02021 -0.10507 0.83914 -0.33781 -0.49410
SIMUG -0.05782 0.09993 -0.46527 -0.00628 -0.06968 0.78413 -0.28476 -0.42570
EZINU~a -0.03201 0.13007 -0.75579 -0.06493 -0.09760 1.32880 -0.52449 -0.64548
ALIM -0.03642 0.11661 -0.31877 -0.03190 -0.05038 0.60114 -0.26704 -0.33779
ARARMA2~a -0.09389 0.13118 -0.58735 -0.01040 -0.12376 1.18500 -0.40299 -0.46909
|ZATU651xNUN~a| -0.18584 0.18372 -0.98589 0.06838 -0.16759 1.60010 -0.62730 -0.80449
UKKIN~b -0.00682 0.15994 -0.72230 -0.09576 -0.21774 1.21910 -0.59683 -0.76962
GALGA~a 0.09519 0.15622 -0.59573 -0.08935 -0.14608 1.22090 -0.59865 -0.64671
NUNUZ~a0 0.05624 0.27558 -0.85806 -0.01967 -0.26905 1.38490 -0.50995 -0.90719
|NINDA2xX| -0.19223 0.04751 -0.67286 0.05219 -0.04414 0.84612 -0.27458 -0.49154
|ZATU737xBUR~a| -0.28134 0.14874 -1.08430 0.10063 -0.21489 1.87510 -0.68581 -0.77880
TI~a -0.01745 0.18507 -0.79544 -0.18033 -0.12142 1.70910 -0.70760 -0.68781
N35 -0.53605 0.02543 -1.50760 -0.18388 0.35069 1.03410 -0.46147 -1.06490
EN@g~b -0.11689 0.14002 -0.81547 -0.00534 -0.13008 1.22370 -0.47827 -0.75635
SZE3@t -0.12992 0.15668 -0.81018 -0.08392 -0.15026 1.13990 -0.52794 -0.76959
SUG -0.08351 0.19797 -0.71373 -0.01011 -0.17524 1.05990 -0.43906 -0.64783
UR3~b1 -0.09705 0.18645 -0.95717 0.01525 -0.12415 1.36220 -0.46471 -0.82125
KAR2~b 0.00249 0.20664 -0.86881 -0.03227 -0.26586 1.61460 -0.72028 -0.88955
|MAH~axMASZ| -0.05169 0.06990 -0.38859 0.00189 -0.09293 0.58520 -0.20515 -0.30170
|ZATU662xN14| -0.13651 0.09528 -0.61008 0.02615 -0.15107 1.08320 -0.45415 -0.46703
|ZATU737xU4| -0.24667 0.08535 -0.77696 0.03311 -0.15890 1.37790 -0.54934 -0.56641
|GA2~bxDUB~a| -0.13814 0.15884 -0.78158 0.02290 -0.14206 1.20430 -0.43924 -0.69195
ZATU707~a -0.08222 0.17894 -0.88408 -0.06903 -0.24711 1.79580 -0.82870 -0.82879
|SILA3~axSZU2| -0.01023 0.23309 -0.96261 0.02985 -0.17140 1.49560 -0.55601 -0.82056
GURUSZDA~a 0.05466 0.20876 -0.83693 -0.10127 -0.24098 1.64530 -0.68268 -0.90435
GUB3~a -0.00717 0.13834 -0.73721 -0.07147 -0.11634 1.40730 -0.57664 -0.66904
ZATU623 0.12858 0.25935 -0.77330 -0.03673 -0.43650 1.62970 -0.87236 -0.87703
|U4.SZU2| -0.23668 0.08432 -0.99493 0.10077 -0.23057 1.39790 -0.46785 -0.48600
DARA4~c4 -0.07089 0.22494 -0.78791 -0.03434 -0.18392 1.22410 -0.51772 -0.91593
NANNA~a 0.07555 0.16040 -0.51220 -0.13744 -0.14949 1.22000 -0.55800 -0.57554
KIB -0.01206 0.16811 -0.67000 0.07689 -0.11915 1.05690 -0.39464 -0.62882
GAL~b -0.07662 0.17111 -0.98255 0.05100 -0.18636 1.53270 -0.73837 -1.06410
HALUB -0.05636 0.06345 -0.24234 -0.00486 -0.06215 0.42749 -0.15826 -0.24301
EZINU~d -0.08894 0.04894 -0.48281 0.07264 -0.01293 0.68790 -0.24656 -0.37789
GISZGAL -0.04155 0.20048 -0.76021 0.02794 -0.19801 1.22800 -0.52272 -0.81177
GIR3@g~c -0.15388 0.21447 -0.93113 -0.04341 -0.21072 1.44430 -0.53395 -0.84941
|HIxN57| -0.03812 0.39168 -1.05800 0.00432 -0.36402 1.12610 -0.01175 -0.67096
N06 -0.90402 -0.34677 -1.44430 0.58773 0.16932 1.49270 -0.31671 -0.24239
|GA2~a1xGESZTU~c5| -0.10636 0.13234 -0.57182 0.01550 -0.15233 0.93809 -0.34461 -0.51550
|DUG~bxN57| -0.01483 0.32627 -0.99950 -0.04076 -0.47781 1.43380 -0.30624 -0.76643
NINKUM -0.05924 0.05495 -0.31310 0.01618 -0.04852 0.51377 -0.20941 -0.30571
ZATU646 0.07684 0.28768 -0.97226 0.11747 -0.45508 1.64250 -0.88335 -1.01070
|DUG~bxKASKAL| -0.02135 0.09889 -0.45344 -0.03748 -0.24308 0.90590 -0.36878 -0.47387
ZATU681 0.12954 0.28334 -0.74361 -0.01277 -0.45734 1.59600 -0.86000 -0.84870
|SILA3~axNI~a| -0.05872 0.26295 -1.03300 0.01739 -0.18800 1.63460 -0.58425 -0.87023
SZENNUR~a 0.02194 0.17947 -0.65566 -0.10514 -0.22905 1.28390 -0.56342 -0.58414
SIG2~d1 0.02983 0.13839 -0.50506 0.00257 -0.17840 0.87329 -0.39790 -0.49783
SZURUPPAK~b -0.03096 0.16428 -0.82067 -0.02280 -0.17180 1.41120 -0.61863 -0.82972
|LAGAB~b.TE| -0.27591 -0.06546 -0.90648 0.16325 0.16391 0.68940 -0.37236 -0.90138
|LAGAB~axSZA| -0.17410 0.05566 -0.92402 0.00628 -0.01645 1.10760 -0.50699 -0.84158
IL -0.18408 0.08277 -0.76539 0.15753 0.03935 0.79322 -0.28357 -0.69888
|DUG~bxBALA~a| -0.10362 0.16233 -0.72656 -0.00756 -0.24634 1.25390 -0.45791 -0.68301
ZATU644~b 0.06646 0.27676 -0.83405 0.00248 -0.42696 1.63360 -0.84947 -0.94261
GUN3~b -0.01833 0.17336 -0.81617 -0.01014 -0.18516 1.31320 -0.58556 -0.76197
|GA2~a2x(GU4.SZE3)| -0.23980 0.09677 -0.75962 0.07745 -0.10671 1.11920 -0.38260 -0.62542
|KU6~a+KU6~a| -0.11551 0.18916 -0.84161 0.00657 -0.12473 1.20480 -0.37460 -0.74343
NAM~a -0.05937 0.19057 -1.01410 -0.13426 -0.23870 2.01660 -0.81666 -0.94093
ZA~v 0.06258 0.09197 -0.15838 -0.01455 -0.14802 0.45281 -0.22442 -0.24149
GUKKAL~c -0.08534 0.15840 -0.72268 0.02650 -0.14886 1.12990 -0.42305 -0.64280
KAD4~a -0.06780 0.09033 -0.51569 -0.09306 -0.10142 1.18570 -0.47773 -0.46268
SZAB~b -0.14646 0.20848 -1.18800 -0.00441 -0.16834 1.61810 -0.78113 -1.20410
IR11 -0.03307 0.04591 -0.47424 0.06732 -0.04445 0.55856 -0.21151 -0.35873
ZATU786 -0.05053 0.19823 -0.84162 -0.02152 -0.32472 1.63050 -0.81233 -0.87283
N16 -0.68701 -0.22245 -1.28590 0.27443 0.19672 0.95910 -0.39854 -1.08750
|GA2~a1xSUKUD| -0.13491 0.14923 -0.58925 0.01793 -0.18172 1.04370 -0.38537 -0.57879
TUR3~b -0.02488 0.20656 -0.97141 0.01178 -0.14357 1.44090 -0.54310 -0.84480
SZA3~c -0.08968 0.26834 -1.06370 -0.01460 -0.15641 1.59710 -0.73371 -1.00860
ANSZE~a -0.21396 0.13347 -0.90011 -0.14637 0.02621 1.37970 -0.50765 -0.69284
|DUG~axN57| -0.05457 0.33892 -1.08320 -0.00485 -0.40209 1.44690 -0.30345 -0.81412
|MAxMA| -0.07606 0.07587 -0.39769 0.01512 -0.08019 0.58311 -0.17266 -0.34070
NIGIN -0.06023 0.14522 -0.52218 0.02786 -0.08607 0.87137 -0.32196 -0.49877
URI5 -0.01633 0.02739 -0.47332 0.01238 -0.09847 0.75930 -0.27108 -0.41048
GISZIMMAR~a2 -0.08842 0.16389 -0.82455 0.06781 -0.14887 1.27620 -0.56994 -0.83489
UR3~b2 -0.09589 0.13538 -0.79240 -0.00300 -0.06758 1.04430 -0.34221 -0.62079
ZATU694~b 0.12924 0.28540 -0.86318 -0.03175 -0.44727 1.72090 -0.91686 -0.97406
SAG@g -0.12328 0.09913 -0.71364 0.03230 -0.14536 1.14320 -0.43294 -0.64896
SUR -0.07277 0.22133 -0.70714 -0.02689 -0.22573 1.08020 -0.42365 -0.62175
|SZU2.E2~a| -0.24009 0.26547 -1.30370 0.10341 -0.17432 1.85170 -0.54343 -1.03000
LAHTAN2 -0.06507 0.02676 -0.27253 0.02397 0.00126 0.36909 -0.14487 -0.20790
DANNA -0.06800 0.08059 -0.50394 0.02956 -0.09310 0.80179 -0.30228 -0.43840
USZ~b -0.02154 0.18570 -0.92786 -0.08427 -0.19714 1.52520 -0.65039 -0.84238
AD~c -0.10666 0.14205 -0.81441 0.05916 -0.12840 1.40750 -0.52982 -0.73406
SIG2~e 0.00648 0.17374 -0.57884 0.00255 -0.22943 1.05900 -0.45836 -0.58402
ZATU728 -0.04537 0.19110 -0.81673 -0.06485 -0.33853 1.57260 -0.84027 -0.90137
TAG~a2 -0.04934 0.13124 -0.51459 0.03985 -0.09543 0.77729 -0.33926 -0.52831
|DUG~bxHI| -0.05931 0.12907 -0.54850 -0.03431 -0.28268 1.05110 -0.42347 -0.54954
KUR@g~a -0.20852 0.12113 -0.68702 -0.08645 -0.10340 1.33910 -0.43305 -0.34267
TUR@g -0.03672 0.09012 -0.51046 0.02395 -0.12196 0.86591 -0.26810 -0.47673
|DUG~bxNAGA~a| -0.07411 0.16076 -0.74399 -0.01929 -0.26270 1.33650 -0.51551 -0.71891
ANSZE~e -0.14994 0.08496 -0.61263 0.02214 -0.02495 0.84419 -0.28322 -0.50997
|SILA3~axKU6~a| -0.06064 0.28496 -1.07020 0.00414 -0.21227 1.68600 -0.58698 -0.94538
|USZ~a&USZ~a| -0.07076 0.18945 -0.78442 -0.00425 -0.18309 1.17790 -0.36414 -0.60620
ZATU628~b 0.04557 0.23655 -0.92083 0.02639 -0.35123 1.70680 -0.84126 -0.94750
GESZTU~c3 -0.05794 0.12709 -0.59753 0.00900 -0.12985 0.88185 -0.32719 -0.49907
UR3~a3 -0.07284 0.14252 -0.68932 0.04597 -0.07215 0.90955 -0.29262 -0.57304
NA~b -0.04629 0.21312 -0.97541 -0.03240 -0.25045 1.75080 -0.81429 -1.03540
IB~b -0.04117 0.15770 -0.97343 0.05204 -0.14911 1.43640 -0.73048 -1.04690
|DARA3~dxKAR2| -0.04177 0.07518 -0.40405 0.02611 -0.03322 0.58596 -0.22064 -0.35799
RI8~a -0.01682 0.05182 -0.47842 -0.14065 -0.10023 1.09450 -0.44967 -0.35930
GIR~b -0.00399 0.24527 -1.06910 -0.05753 -0.36844 1.88940 -0.80681 -1.00860
|EZEN~axSU~a| -0.08224 0.18660 -0.83716 0.01784 -0.15923 1.29980 -0.46505 -0.72283
ZATU676~a 0.10610 0.24685 -0.83070 -0.07275 -0.35778 1.74660 -0.86527 -0.87860
MA2 -0.09900 0.03780 -0.55359 0.03334 -0.08811 0.88453 -0.34420 -0.49721
|(BU~a&BU~a).NA2~a| -0.09827 0.14110 -0.59824 0.02135 -0.11034 0.89929 -0.29253 -0.51223
ZATU732 -0.07117 0.20566 -0.89988 -0.01816 -0.37014 1.72190 -0.84076 -0.93242
ALAN~c -0.09667 0.11343 -0.83295 0.03906 -0.12437 1.31930 -0.51671 -0.75832
NAM2@t -0.12867 0.12775 -0.58586 0.00366 -0.15016 0.92822 -0.33716 -0.61533
ZAR~c -0.02688 0.17547 -0.74354 0.03601 -0.16527 1.25300 -0.50842 -0.70802
ZATU679 0.10154 0.28329 -0.73242 -0.02271 -0.41145 1.53930 -0.81899 -0.85677
|DU8~cxAMAR| -0.04548 0.08449 -0.48160 0.03951 -0.12535 0.74347 -0.29997 -0.43373
N34@f -0.47640 0.08683 -1.08860 -0.20200 0.17945 0.95742 -0.51408 -1.15730
UBI~c -0.21968 0.11119 -0.74220 0.04494 -0.09386 1.06140 -0.38352 -0.67787
ALAN~a 0.05971 0.16292 -0.77440 -0.12402 -0.12763 1.49120 -0.59060 -0.68435
GESZTIN~a 0.00174 0.15009 -0.78272 -0.04321 -0.12090 1.35520 -0.55723 -0.67005
SZAKIR~b -0.06995 0.20827 -0.94035 -0.03780 -0.26552 1.54560 -0.67702 -0.91577
GI4~b -0.13125 0.15629 -0.98502 0.02470 -0.18384 1.50230 -0.70498 -0.97935
ZATU630 0.09604 0.28796 -0.76069 -0.02332 -0.45034 1.58050 -0.83325 -0.84728
ZATU735~a -0.13724 0.19416 -1.00420 -0.04486 -0.26259 1.85300 -0.86998 -0.93198
N29~b -0.87345 -0.16103 -1.70390 0.17051 0.28023 1.86960 -0.57208 -0.98649
|SAGxGESZTU~a| -0.14583 0.20330 -0.94843 0.05001 -0.18861 1.46200 -0.49418 -0.79252
|SILA3~axGA~a| -0.04371 0.26472 -0.99991 0.01446 -0.19715 1.62280 -0.58404 -0.86740
N37 -0.87908 -0.01225 -1.27390 -0.03460 0.41238 0.92298 -0.20311 -0.67876
KIN2~c -0.09991 0.11291 -0.70501 0.02707 -0.11266 1.13350 -0.45286 -0.68246
BUR~b 0.04671 0.21550 -0.82795 -0.04789 -0.33602 1.55210 -0.68809 -0.87824
KISAL~b2 -0.07081 0.17574 -0.88161 -0.01847 -0.15230 1.37550 -0.59095 -0.89079
ZATU697~b 0.09843 0.26369 -0.83155 -0.01658 -0.41431 1.66410 -0.88123 -0.93028
NAGA~b -0.01030 0.18561 -0.81415 -0.06058 -0.21612 1.47200 -0.72159 -0.88375
|BU~a.DU6~a| -0.15600 0.22471 -0.98472 0.04197 -0.15465 1.39860 -0.42967 -0.86610
LI -0.01815 0.06239 -0.18300 0.01605 -0.00475 0.31338 -0.09915 -0.12752
|DUG~bxHI@g~a| -0.50189 0.10429 -1.10500 0.05864 -0.12668 1.79080 -0.43591 -0.49007
ZATU729 -0.03161 0.21760 -0.79476 -0.05149 -0.33384 1.59060 -0.81934 -0.89406
ZATU821 -0.03120 0.18030 -0.78249 0.05836 -0.28810 1.52790 -0.64110 -0.84891
ZATU819 -0.01501 0.18521 -0.81938 0.04158 -0.24229 1.34780 -0.69272 -0.88016
DARA3~c -0.11896 0.17384 -0.89010 0.04211 -0.11916 1.32650 -0.56142 -0.87496
ZATU713 -0.19851 0.17978 -0.92581 -0.02015 -0.28929 1.77470 -0.76608 -0.74715
GADA~b@g -0.02098 0.08831 -0.35125 0.01525 -0.10970 0.60077 -0.25726 -0.33377
N24' -1.00880 -0.14812 -1.14830 0.23396 0.24034 1.37340 0.02719 -0.32522
ZAG~c -0.00811 0.18934 -0.64244 0.02812 -0.24637 1.13070 -0.52866 -0.65609
|BAD&BAD| -0.05404 0.09181 -0.43853 0.01410 -0.10705 0.66536 -0.23865 -0.38885
ZATU676~b 0.08665 0.23980 -0.85002 0.00451 -0.35313 1.61380 -0.83325 -0.92808
ZATU811 0.04214 0.21416 -0.73634 -0.00075 -0.28375 1.41420 -0.67745 -0.77182
NANSZE~b -0.13874 0.16029 -0.81141 -0.00577 -0.11690 1.27910 -0.46882 -0.75515
|MAH~axX| -0.05815 0.08046 -0.40997 0.01217 -0.07282 0.59543 -0.21440 -0.27371
|DUG~bxGISZ| -0.03181 0.12169 -0.51335 -0.01518 -0.23287 0.94748 -0.41040 -0.55581
NA2~b2 -0.04131 0.12367 -0.54143 -0.02997 -0.17798 1.00080 -0.42098 -0.59430
|NINDA2xN01| -0.22340 0.05515 -0.67366 -0.01720 -0.08096 0.98591 -0.35712 -0.52040
|(UDU~axTAR)~a| -0.18330 0.19780 -0.95590 0.01967 -0.14393 1.39750 -0.49080 -0.78671
BIR3~b -0.04619 0.16407 -0.78899 -0.02023 -0.13752 1.21250 -0.54965 -0.76834
|SILA3~axHI| 0.00315 0.22219 -0.80764 0.00644 -0.16232 1.32540 -0.49551 -0.70433
ZATU809 0.03482 0.22662 -0.71566 -0.00134 -0.30388 1.40180 -0.67366 -0.76371
ALAN~b 0.00723 0.16254 -0.77305 -0.06244 -0.20408 1.30650 -0.59072 -0.78493
|DUG~bxTI| -0.02996 0.10303 -0.46349 -0.03797 -0.26281 0.93486 -0.39007 -0.49470
|SILA3~axDUG~a| -0.07934 0.27538 -1.04430 0.02215 -0.18828 1.65500 -0.58148 -0.88174
ZATU682 0.12546 0.28339 -0.75688 -0.01388 -0.47001 1.63050 -0.87959 -0.86662
|SILA3~axGESZTU~c3| -0.01632 0.17566 -0.68271 -0.00205 -0.13614 1.08630 -0.40467 -0.59003
N43 -1.43340 -0.18866 -1.49860 0.54505 0.54921 1.07930 -0.00780 -0.93568
KAR 0.00240 0.17433 -0.82125 0.05082 -0.13184 1.29380 -0.55370 -0.72534
|HI.SUHUR| -0.03512 0.04824 -0.25959 0.02393 -0.05026 0.37181 -0.15600 -0.23284
|DUG~bx(SZE~a.NAM2)| -0.10617 0.09993 -0.56194 -0.02153 -0.15243 0.87735 -0.33595 -0.54073
SZIR~b -0.08671 0.23021 -0.98364 -0.09558 -0.25589 1.65670 -0.78205 -1.00780
ZATU639 0.10460 0.26911 -0.75440 -0.00744 -0.45821 1.61170 -0.85643 -0.85636
|DU8~cxUDU~a| -0.14271 0.18260 -0.81908 0.01357 -0.18508 1.24950 -0.50541 -0.75882
ZATU762~a -0.12826 0.22116 -0.94435 -0.05726 -0.32250 1.95700 -0.83121 -0.82208
DU7 -0.03562 0.07294 -0.62316 0.09156 -0.07334 0.99246 -0.38915 -0.58500
LISZ 0.02263 0.13793 -0.36458 -0.02834 -0.13269 0.68508 -0.34817 -0.48562
KUSZU2~b 0.00206 0.19467 -0.81638 -0.03330 -0.20926 1.36130 -0.56697 -0.78860
TILLA2 -0.05428 0.06548 -0.32549 0.01606 -0.05448 0.56905 -0.19122 -0.27737
ZATU669 0.12158 0.27535 -0.74485 -0.00891 -0.44260 1.61310 -0.85653 -0.83061
SZITA~b2 -0.06853 0.24206 -0.79793 -0.06447 -0.16405 1.35000 -0.60168 -0.95232
|E2~bxN57@t| -0.10725 0.17989 -0.81952 0.02835 -0.19119 1.01460 -0.20704 -0.62815
NANSZE~a -0.19369 0.14120 -0.79091 -0.13657 0.00427 1.27990 -0.46107 -0.63883
SIPA -0.05908 0.12826 -0.48766 -0.05467 -0.13916 0.77954 -0.34450 -0.48971
N57.EN2| 0.05530 0.33543 -1.38380 0.23614 -0.28620 1.02690 0.05494 -0.99866
|URU~a1xN57 0.00675 0.33131 -1.14550 -0.03362 -0.35169 1.19590 -0.04847 -0.73122
ZATU847 -0.01170 0.24615 -0.77726 0.00037 -0.31922 1.49470 -0.69581 -0.78608
SZITA~b3 -0.04876 0.19674 -0.64442 -0.04710 -0.14602 1.08790 -0.50556 -0.78887
|GIxKU~b1| -0.24894 0.10509 -1.00190 0.07823 -0.02490 1.25500 -0.48828 -0.94111
BAPPIR~d -0.03254 0.05039 -0.29975 0.05106 -0.07179 0.47379 -0.17581 -0.27056
KALAM~g -0.11684 0.13402 -0.66132 0.02215 -0.09543 1.10810 -0.41610 -0.63337
SU3 -0.05831 0.16080 -0.60947 0.00686 -0.14758 0.93951 -0.31886 -0.56076
ZATU631 0.09142 0.25691 -0.77150 0.00591 -0.45542 1.59530 -0.84965 -0.84210
UDU~c -0.10116 0.17892 -0.68560 0.00223 -0.17482 1.11790 -0.53720 -0.73536
GISZIMMAR~a1 -0.06353 0.21677 -0.87910 -0.00841 -0.21074 1.43890 -0.62625 -0.91394
SUHUR@t -0.06592 0.11138 -0.58046 -0.00089 -0.14255 0.86880 -0.40555 -0.55212
|UKKIN~bxDIN| -0.02726 0.06540 -0.30369 -0.03422 -0.11880 0.47853 -0.20007 -0.25426
|N58.BAD~b| -0.15006 0.14573 -0.68007 0.01937 -0.13656 1.01670 -0.27361 -0.57970
AMA~b -0.01748 0.15183 -0.84981 -0.04755 -0.18104 1.38720 -0.53076 -0.82530
UNUG~b -0.10359 0.12404 -0.90006 0.04667 -0.18831 1.47960 -0.59623 -0.83711
NA2~b1 -0.03141 0.15855 -0.70933 -0.02787 -0.21405 1.28830 -0.53646 -0.76653
|DUG~bxGESZTU~a| -0.11219 0.19308 -0.82423 -0.00560 -0.26447 1.38980 -0.50524 -0.73282
N42~b -1.40250 0.04603 -1.74740 0.60741 0.40244 2.18950 -0.11585 -0.61639
ZATU680~b 0.10099 0.27933 -0.78468 -0.02580 -0.38984 1.61930 -0.84796 -0.90502
EZEN~c -0.05421 0.18571 -0.86924 0.02596 -0.22355 1.54980 -0.60410 -0.82198
ENDIB -0.01067 0.01095 -0.09688 -0.01728 -0.01884 0.10781 -0.05517 -0.11063
EZINU~c -0.12533 0.07936 -0.66102 0.07684 -0.04699 1.00330 -0.38201 -0.54260
|DUG~bxSA~a| -0.09169 0.18872 -0.81384 -0.01690 -0.29537 1.42620 -0.52431 -0.76724
UR~b -0.06881 0.26948 -1.22600 -0.02341 -0.33997 2.02090 -0.85483 -1.16800
MUSZ3~a@g -0.05936 0.15907 -0.66300 -0.00563 -0.17509 1.13150 -0.42187 -0.62085
HI~a@g -0.16709 0.10856 -0.55997 0.04653 -0.07895 0.91289 -0.32218 -0.42227
TUM~b -0.01225 0.21852 -0.92819 -0.04887 -0.18605 1.50820 -0.64801 -0.92106
|U4.(N14.N08 -0.50285 -0.13864 -1.18330 0.27936 -0.22253 1.51700 -0.58923 -0.00539
N08)| -0.77805 -0.43295 -1.35800 0.58451 -0.00866 1.62570 -0.50983 0.10513
DA~b -0.02802 0.17441 -1.01320 -0.06108 -0.23286 1.65960 -0.73191 -1.04970
|EN~a+NUN~b| -0.00353 0.11167 -0.45365 0.00003 -0.08608 0.71730 -0.30604 -0.45641
UR3~a2 -0.07342 0.17869 -0.77205 0.07436 -0.06590 1.07030 -0.38286 -0.70388
ZATU839 0.03346 0.19800 -0.63824 -0.02519 -0.31266 1.36820 -0.68330 -0.76123
TUKU -0.01160 0.03914 -0.26579 -0.01217 -0.05440 0.48309 -0.17674 -0.27679
ZATU711 -0.21366 0.18489 -1.01000 0.00045 -0.30243 1.90230 -0.82994 -0.79585
ZATU624~a -0.00649 0.22591 -0.82651 -0.04092 -0.37947 1.78750 -0.83170 -0.83807
|DUG~bxSI4~a| -0.14219 0.16877 -0.79942 -0.01701 -0.27976 1.37730 -0.49707 -0.72045
DARA4~b -0.11693 0.30250 -1.10630 -0.02570 -0.26504 1.71910 -0.76123 -1.23260
KA2~b -0.04100 0.21150 -0.97391 -0.04864 -0.24258 1.70030 -0.78206 -0.99773
SZEN~e -0.03937 0.17985 -0.68920 -0.10486 -0.23273 1.12870 -0.53991 -0.73673
ANSZE~f -0.12583 0.08893 -0.58265 0.00220 -0.03626 0.79300 -0.25609 -0.48441
ZATU696 0.13977 0.28993 -0.76648 -0.01990 -0.47085 1.63300 -0.87903 -0.87676
|DUG~bxTAK4~a| -0.10246 0.17570 -0.74383 -0.00844 -0.24761 1.30210 -0.48136 -0.68043
|ZATU714xHI@g| -0.67843 -0.01457 -1.02520 0.15106 0.04723 1.66260 -0.34176 -0.17209
|GA2~a1xHI| -0.15696 0.15717 -0.66586 0.02153 -0.16313 1.15280 -0.43088 -0.62149
SZE~b -0.24729 0.24787 -1.36300 -0.11532 -0.15206 1.93610 -0.85372 -1.24860
KID~c -0.13434 0.11412 -0.81255 0.09580 -0.11748 1.25000 -0.52194 -0.71973
SAR~b 0.00697 0.20762 -0.92284 -0.04966 -0.24759 1.69410 -0.75664 -0.94991
|DUG~bxANSZE~b| -0.10164 0.10568 -0.56775 -0.01705 -0.18058 0.97717 -0.36426 -0.52561
IB~c -0.06572 0.13644 -0.75662 0.08596 -0.14291 1.18180 -0.50114 -0.68883
ZATU762~b -0.02376 0.20582 -0.92820 -0.03896 -0.34965 1.73010 -0.82934 -0.96405
ABZU 0.03047 0.00681 -0.09638 0.00732 -0.01569 0.16316 -0.04567 -0.07251
|SZE~a.KIN2~c| -0.13711 0.09862 -0.62497 0.00516 -0.02951 0.81862 -0.31360 -0.54911
MURUB2 -0.07870 0.07281 -0.48228 0.01921 -0.13601 0.77481 -0.28341 -0.41523
|NUN~a+EN~b| -0.04431 0.14544 -0.61311 0.00812 -0.10398 0.93301 -0.38400 -0.58101
URUDU@g~d -0.13901 0.08249 -0.54181 0.03389 -0.09617 0.86794 -0.29658 -0.38718
NUNUZ~b1 0.00663 0.25798 -0.95356 -0.00232 -0.24392 1.53660 -0.59257 -0.98362
LAL3~a 0.06375 0.16063 -0.67806 -0.12751 -0.15099 1.32690 -0.54592 -0.56288
MUD3~d -0.08792 0.06621 -0.48834 0.02449 -0.12777 0.82770 -0.28397 -0.43066
|GIxSZE3| -0.13540 0.04688 -0.56690 0.05184 -0.02002 0.69420 -0.26178 -0.53335
|EZEN~ax(U2~b.A)| -0.00908 0.07604 -0.39825 0.00914 -0.08540 0.66567 -0.27497 -0.35203
ZATU695 0.15480 0.29640 -0.75318 -0.03156 -0.49522 1.63430 -0.88637 -0.86997
ZATU621~a 0.09086 0.23140 -0.79890 -0.08853 -0.35662 1.68730 -0.82825 -0.80654
|GA2~a1xSUHUR| -0.12390 0.14000 -0.63252 0.02590 -0.15560 1.05050 -0.40819 -0.60245
GU4@g -0.12020 0.10885 -0.64105 0.07000 -0.06121 0.96238 -0.34651 -0.52346
NAM~d -0.08946 0.07456 -0.57927 0.02338 -0.10381 0.88777 -0.32491 -0.57095
GAL -0.09448 0.26950 -1.13440 0.12187 -0.18560 1.77360 -0.79752 -1.15870
|SILA3~axHASZHUR| 0.00221 0.18590 -0.69644 0.00793 -0.14789 1.11560 -0.44165 -0.62080
ZATU624~b 0.01290 0.22500 -0.89493 0.02201 -0.35506 1.67250 -0.83138 -0.96040
ZATU678 0.10687 0.26584 -0.76081 -0.01798 -0.41274 1.56620 -0.83700 -0.87325
|U4xN14| -0.21488 0.15779 -0.95160 -0.10702 -0.35016 1.19310 -0.22805 -0.32012
ME3 -0.05057 0.09475 -0.32254 0.01594 -0.05439 0.50567 -0.21429 -0.29343
DARA4~c3 -0.05058 0.23131 -0.77818 -0.02397 -0.17765 1.19630 -0.50820 -0.90125
DIB -0.08520 0.07158 -0.39983 0.00387 -0.07413 0.60228 -0.23147 -0.35552
ZATU751~b -0.05215 0.17998 -0.96190 -0.00956 -0.29908 1.67840 -0.83302 -1.06180
SILA3~b 0.03708 0.29219 -0.98428 -0.03121 -0.23112 1.69440 -0.73901 -0.92801
EDIN 0.00436 0.07372 -0.28568 0.00929 -0.05572 0.46455 -0.22789 -0.32573
|(SUKUD+SUKUD)~a| -0.14840 0.11595 -0.64797 0.02576 -0.14023 0.97400 -0.33389 -0.49866
SUHUR@n -0.04196 0.09249 -0.49444 -0.00338 -0.12625 0.74519 -0.33497 -0.45704
KUR~b 0.07919 0.25922 -0.79320 -0.07077 -0.40404 1.51710 -0.67716 -0.90911
TA~a 0.15473 0.33837 -0.98741 -0.21505 -0.30117 2.20580 -1.02620 -1.09150
|U4+N08| -0.31064 -0.09883 -0.79881 0.17766 -0.15712 1.09920 -0.31870 -0.04159
ZATU757 -0.01017 0.25588 -0.96774 -0.06573 -0.42220 1.68380 -0.76230 -1.04630
LAGAR~b1 -0.02112 0.12282 -0.86183 0.02722 -0.17177 1.29870 -0.61668 -0.89978
|GA2~a1xGIR~a| -0.17658 0.20969 -0.92171 0.03719 -0.22126 1.53500 -0.52146 -0.79728
|LAGAB~axPA~a| -0.16253 0.09937 -0.98384 0.02055 -0.04266 1.23530 -0.49610 -0.87495
N57.SZUBUR| 0.04521 0.29817 -1.30140 0.18185 -0.26580 1.34800 -0.19586 -0.95814
|NINDA2xHI| -0.17045 0.05593 -0.56712 0.03960 -0.05399 0.73282 -0.21777 -0.43324
URUDU@g~a -0.24388 0.10789 -0.81739 -0.03454 -0.08871 1.42700 -0.46762 -0.45868
KAL~a -0.03530 0.23972 -0.91949 -0.14103 -0.15216 1.88660 -0.77398 -0.84483
USZUMGAL -0.04775 0.10196 -0.47266 0.03464 -0.11147 0.74132 -0.30590 -0.41834
|(DUBxDISZ)~a| -0.10395 0.10014 -0.51649 0.02571 -0.07632 0.77225 -0.23823 -0.41378
ZATU636 0.06504 0.23317 -0.86225 0.03005 -0.40918 1.59140 -0.85954 -0.97276
|SZITA~a1xUDU~a| -0.10631 0.23496 -0.87899 -0.00870 -0.18353 1.37580 -0.53067 -0.88838
