453 8
N01 -0.04265 0.30886 -1.04637 -0.04495 -0.34338 1.83767 -0.77301 -0.95896
</s> 0.07845 0.25481 -0.91343 -0.15812 -0.17201 1.75751 -0.79614 -1.04188
... -0.00897 0.14324 -0.98861 -0.04521 -0.22904 1.66062 -0.78326 -0.99324
N14 -0.01800 0.36775 -1.01106 -0.00873 -0.24921 1.75424 -0.73063 -1.03143
x -0.05142 0.07230 -0.93474 0.03162 -0.24307 1.46121 -0.56602 -0.84046
N39B -0.12361 0.29048 -1.07221 0.00555 -0.24521 1.79969 -0.83174 -1.13398
M288 -0.08228 0.33702 -1.40091 -0.06326 -0.38089 2.31646 -1.02700 -1.37246
N30C -0.10499 0.25191 -0.99305 -0.06253 -0.26202 1.73189 -0.82780 -1.04630
N34 -0.02860 0.37654 -1.17594 -0.05678 -0.30923 1.94668 -0.78093 -1.33890
M388 -0.02475 0.32883 -1.52714 -0.05605 -0.36147 2.50432 -1.13015 -1.46932
N24 -0.00361 0.19402 -0.80744 -0.00903 -0.19086 1.35133 -0.63903 -0.78179
M218 -0.02273 0.30146 -1.47460 -0.05527 -0.35869 2.48544 -1.08601 -1.50275
M371 0.00283 0.24693 -1.24387 -0.01996 -0.32905 2.15919 -0.92104 -1.24799
M124 -0.01850 0.26186 -1.20826 -0.07384 -0.28831 1.99845 -0.85561 -1.15012
N45 -0.09019 0.24573 -0.78388 0.02365 -0.17889 1.30252 -0.55417 -0.84004
M297 -0.05836 0.31593 -1.23898 -0.04769 -0.31645 2.00814 -0.91408 -1.22414
M054 0.01208 0.29131 -1.25800 -0.06488 -0.32544 2.12933 -0.92817 -1.22704
M346 -0.04343 0.23343 -1.10946 -0.01994 -0.33519 1.83840 -0.83357 -1.06831
M387 -0.02584 0.32327 -1.50780 -0.05031 -0.41464 2.59061 -1.17269 -1.51807
M066 0.00038 0.28695 -1.26823 -0.05676 -0.34841 2.16882 -0.94601 -1.28739
M157 -0.02912 0.17354 -0.87486 -0.00433 -0.21809 1.42281 -0.62628 -0.81582
N23 0.04285 0.18056 -0.87295 -0.04426 -0.11157 1.60151 -0.80217 -1.06134
N30D -0.08335 0.22503 -0.84988 -0.03955 -0.17218 1.47510 -0.68684 -0.90334
M009 -0.04223 0.26689 -1.17506 -0.06051 -0.30464 2.04805 -0.91499 -1.19429
M376 -0.00286 0.25467 -1.12799 0.01162 -0.30934 1.89313 -0.84615 -1.11867
M096 -0.00970 0.30439 -1.36696 -0.07815 -0.34248 2.31257 -1.01124 -1.36762
M263 -0.04947 0.36901 -1.55923 -0.06615 -0.41797 2.74299 -1.14836 -1.58575
M001 -0.01264 0.25995 -1.15561 -0.03222 -0.33318 1.95548 -0.85089 -1.13628
N1@b -0.10809 0.30320 -1.35703 -0.00201 -0.19352 2.15054 -0.82441 -1.20625
M036 -0.01143 0.31789 -1.33907 -0.04073 -0.35622 2.31227 -1.03767 -1.33515
M305 -0.01827 0.25966 -1.11932 -0.03800 -0.32138 1.97371 -0.93966 -1.15712
M032 -0.01496 0.29009 -1.23219 -0.06198 -0.30887 2.07141 -0.92044 -1.23805
M370 -0.00824 0.23585 -1.07006 -0.01028 -0.30235 1.84030 -0.78969 -1.09106
M004 -0.00026 0.26881 -1.13524 -0.05149 -0.31363 1.92759 -0.82276 -1.07758
M354 0.00136 0.21407 -0.98448 -0.05310 -0.26989 1.73888 -0.73112 -0.99460
M367 -0.01573 0.25617 -0.97117 -0.06524 -0.26850 1.68408 -0.71695 -1.00363
M003~b -0.01286 0.20966 -0.99411 -0.07204 -0.24505 1.71884 -0.71452 -1.00022
M157~a -0.02213 0.17904 -0.84054 -0.03040 -0.23048 1.40383 -0.64715 -0.79089
|M036+N30D| -0.02243 0.19961 -0.83354 -0.01376 -0.20777 1.38508 -0.60582 -0.83324
M072 -0.01276 0.21043 -0.96674 -0.00480 -0.27667 1.60081 -0.70448 -0.97231
M057 -0.02797 0.33051 -1.45978 -0.11020 -0.33430 2.47487 -1.06564 -1.42946
N51 -0.03489 0.14869 -0.99802 0.02367 -0.31223 1.74972 -0.71045 -1.11099
M219 -0.03682 0.24585 -1.18299 -0.05797 -0.31848 1.95464 -0.83823 -1.12873
M347 -0.02979 0.28074 -1.19458 -0.01979 -0.30298 1.97853 -0.91741 -1.19748
N30C@b -0.06947 0.22044 -0.86125 -0.00927 -0.19606 1.46661 -0.65572 -0.89196
M297~b -0.01945 0.24119 -0.98613 -0.00294 -0.26106 1.61290 -0.75062 -0.95138
N08A -0.04214 0.12596 -0.62835 -0.01376 -0.17428 0.98054 -0.39941 -0.57674
N14@b -0.03736 0.31479 -1.23274 -0.02081 -0.19766 2.07804 -0.84909 -1.21378
M259 -0.03149 0.27137 -1.19350 -0.07176 -0.32297 2.02054 -0.86353 -1.21557
M059 -0.01457 0.26146 -1.19771 -0.09615 -0.31713 2.05760 -0.90981 -1.19737
N39B@b -0.10582 0.26248 -1.10138 0.00117 -0.20022 1.84710 -0.78622 -1.07880
M056~f -0.02100 0.18705 -0.90038 -0.02908 -0.20947 1.50584 -0.66783 -0.88126
M386~a -0.02485 0.23216 -1.15719 -0.03778 -0.29266 2.01407 -0.86877 -1.18915
M373 0.00261 0.22017 -1.07545 -0.00587 -0.29275 1.78018 -0.78020 -1.06169
n 0.01253 -0.00848 -0.26482 -0.05524 0.00740 0.39118 -0.20533 -0.23557
M263~a -0.04255 0.27058 -1.22948 -0.03360 -0.35125 2.10034 -0.90626 -1.26129
M387~c -0.03793 0.25550 -1.22502 -0.02164 -0.32229 2.10831 -0.95437 -1.23600
M377~e 0.00977 0.22166 -1.00034 -0.04813 -0.24993 1.70633 -0.77626 -1.04511
M153 0.00048 0.23138 -0.97226 -0.03689 -0.23867 1.62807 -0.72028 -0.96978
M377 -0.01135 0.27024 -1.25388 -0.04517 -0.30505 2.16632 -0.93658 -1.26156
M387~ef -0.04809 0.17392 -0.99225 -0.04824 -0.27961 1.70075 -0.77327 -0.99850
M387~a -0.02706 0.26221 -1.27464 -0.03045 -0.37042 2.22228 -1.00361 -1.26379
M365 -0.00590 0.20484 -0.92844 -0.03899 -0.25732 1.62118 -0.72167 -0.95577
M101 -0.03643 0.24789 -1.05472 -0.03794 -0.30311 1.80960 -0.78885 -1.06634
M005~a -0.03522 0.18717 -0.92721 -0.04776 -0.24532 1.57763 -0.71837 -0.89082
M304 0.02377 0.24434 -0.95641 -0.03289 -0.27573 1.65099 -0.74374 -0.95520
M240 -0.08642 0.29351 -1.32744 -0.03969 -0.31846 2.31126 -1.00745 -1.35715
M320 -0.02221 0.27892 -1.28179 -0.05318 -0.33357 2.19237 -0.94468 -1.23951
M317 -0.00266 0.25677 -1.09522 -0.02235 -0.27587 1.84305 -0.83925 -1.16943
N39C -0.12573 0.21207 -0.79708 0.03119 -0.18567 1.40109 -0.64562 -0.84632
M024 0.00026 0.20437 -1.21101 -0.01232 -0.31302 2.03077 -0.90186 -1.20280
M006 0.00611 0.21252 -1.03029 -0.03977 -0.29468 1.71288 -0.77987 -0.99422
M263~1 -0.04564 0.25212 -1.13852 -0.05691 -0.32499 1.91639 -0.81488 -1.13268
M097~h -0.00983 0.17500 -0.85800 -0.04860 -0.23164 1.45189 -0.63287 -0.84631
M348 0.00391 0.22968 -1.08818 -0.02653 -0.29664 1.78708 -0.80697 -1.05803
M262 -0.05383 0.33547 -1.41075 -0.06324 -0.36081 2.36161 -1.04897 -1.42682
N48 -0.03466 0.28337 -0.98410 -0.05234 -0.22007 1.63375 -0.67614 -1.04067
M010~2 0.00551 0.14673 -0.72566 -0.01778 -0.19711 1.24677 -0.59628 -0.77953
|M136+M365| -0.01075 0.15975 -0.69959 -0.04719 -0.18097 1.18424 -0.53469 -0.71268
M387~l -0.00376 0.19230 -1.01910 -0.03286 -0.28755 1.76621 -0.84083 -1.01953
M066~a 0.00157 0.22024 -0.99606 -0.03877 -0.27573 1.70674 -0.76126 -0.98559
M057~a -0.00690 0.29375 -1.32955 -0.05481 -0.34287 2.23099 -1.00714 -1.31797
M352~o 0.00421 0.21461 -0.93675 -0.03861 -0.23463 1.55909 -0.66843 -0.91072
M146 -0.05034 0.22321 -1.03497 -0.01330 -0.25520 1.82987 -0.80345 -1.07312
M081 0.00292 0.21613 -0.95092 -0.02306 -0.28455 1.64607 -0.74595 -0.96496
M352~n -0.01827 0.22330 -0.91103 -0.06459 -0.20597 1.56227 -0.65364 -0.90576
M099 0.00768 0.29853 -1.25171 -0.03557 -0.31346 2.13899 -0.91885 -1.22221
M260 -0.04183 0.30443 -1.37208 -0.05337 -0.37450 2.36493 -1.00892 -1.39748
M002 0.01681 0.25645 -1.04758 -0.05694 -0.30325 1.85689 -0.78870 -1.06567
M139 -0.01192 0.28358 -1.17489 -0.04208 -0.28165 1.94548 -0.87191 -1.21765
M309~a -0.01892 0.17032 -0.80193 -0.04996 -0.22792 1.42477 -0.64623 -0.82415
M329 0.00442 0.22937 -1.13731 -0.04887 -0.31491 1.99533 -0.88350 -1.14091
M033 -0.00653 0.30793 -1.25741 -0.04928 -0.35559 2.11928 -0.97115 -1.27876
M263~b1 -0.03506 0.22171 -0.91575 -0.03479 -0.25260 1.58332 -0.67017 -0.92458
M203~c -0.01456 0.20668 -0.88642 0.00415 -0.20136 1.49368 -0.64324 -0.90303
|M327+M342| -0.02170 0.11243 -0.56936 -0.02570 -0.14825 0.96777 -0.43073 -0.57798
M314 -0.03912 0.23560 -1.11876 -0.06591 -0.28852 1.93850 -0.84182 -1.15766
M046 -0.05813 0.20974 -1.12796 -0.04031 -0.27446 1.93211 -0.82452 -1.13854
M206~d -0.03460 0.21079 -0.83995 -0.02809 -0.21535 1.45860 -0.64645 -0.84357
M149~a -0.02720 0.20479 -1.00596 -0.02364 -0.26791 1.69758 -0.74782 -1.00494
M206~g 0.00018 0.18864 -0.67220 -0.00396 -0.19679 1.19117 -0.53315 -0.69689
M175 -0.07015 0.21466 -0.99920 -0.05245 -0.26721 1.65805 -0.72901 -1.01161
M391 -0.01604 0.22703 -0.84818 -0.04419 -0.22041 1.42364 -0.63372 -0.83482
M390 -0.00130 0.19774 -0.92101 -0.01394 -0.27661 1.61217 -0.75266 -0.96433
M362 0.02149 0.18713 -0.94980 -0.04313 -0.25228 1.55329 -0.73523 -0.93766
M106~a -0.03324 0.16665 -0.79373 -0.03062 -0.23154 1.42255 -0.66263 -0.83743
M106 -0.04101 0.19406 -0.89690 -0.06659 -0.24006 1.54879 -0.71766 -0.87756
|M195+M057| -0.02298 0.23871 -1.08677 -0.04741 -0.26643 1.84528 -0.79989 -1.08845
M372 -0.01469 0.26066 -1.16211 -0.01273 -0.33556 1.98285 -0.87392 -1.17937
N02 -0.03230 0.15749 -0.73944 -0.08812 -0.16776 1.26280 -0.58431 -0.68880
N01@b -0.07816 0.26351 -1.22443 -0.00457 -0.29059 2.03858 -0.84989 -1.17975
M296 -0.06478 0.27502 -1.29093 -0.06986 -0.37611 2.16600 -0.96068 -1.28438
M341 0.00105 0.23635 -0.95136 -0.04392 -0.26513 1.53218 -0.73794 -0.91523
|M351+N14| -0.01312 0.13636 -0.59118 -0.01853 -0.15006 0.98664 -0.42533 -0.60562
M327 -0.00454 0.26522 -1.05416 -0.02767 -0.31103 1.80711 -0.77339 -1.07721
M102~e -0.00492 0.16224 -0.69484 0.00184 -0.17715 1.15909 -0.50754 -0.70643
M203~a -0.02021 0.21299 -0.92462 -0.01382 -0.23815 1.56813 -0.65565 -0.93690
M266~b -0.05905 0.26270 -1.14116 -0.05707 -0.30662 2.00097 -0.85131 -1.16899
M380 0.00995 0.27016 -1.28289 -0.03939 -0.30385 2.18794 -0.98224 -1.26194
|M296+M296| -0.03518 0.16618 -0.75664 -0.04622 -0.18474 1.28743 -0.56288 -0.76258
M223 -0.03717 0.28966 -1.28090 -0.04509 -0.34812 2.24484 -1.00249 -1.37850
M254~a -0.03998 0.22523 -1.04348 -0.04953 -0.23909 1.79829 -0.77160 -1.04917
M054~i -0.00962 0.21433 -0.89375 -0.03267 -0.24113 1.51614 -0.67802 -0.87692
M217 -0.04308 0.22664 -1.20869 -0.05654 -0.31878 2.06520 -0.91023 -1.24308
M325 -0.00885 0.26375 -1.12010 -0.03802 -0.29596 1.87791 -0.82530 -1.08811
M260~1 -0.01260 0.22557 -0.94046 -0.06316 -0.26627 1.66362 -0.68753 -0.96273
M048~c -0.02743 0.24567 -1.04561 -0.02196 -0.25558 1.80940 -0.79283 -1.05532
M338~b 0.00230 0.18367 -0.94851 -0.04816 -0.26937 1.61886 -0.72271 -0.96802
M340 -0.01503 0.21139 -0.98260 0.00311 -0.24046 1.60925 -0.73851 -0.97007
|M218+M288| -0.02149 0.22336 -1.00294 -0.03936 -0.22556 1.67158 -0.72050 -0.98940
M262~1 -0.03535 0.22766 -0.96383 -0.05939 -0.26780 1.65777 -0.70586 -1.01141
M242~b -0.05745 0.23396 -1.07171 -0.02398 -0.27068 1.84099 -0.77287 -1.07415
M301 0.00105 0.27611 -1.10499 -0.05620 -0.30041 1.93876 -0.86496 -1.09487
M111~a -0.02876 0.17595 -0.93511 -0.03126 -0.23619 1.59412 -0.69245 -0.92848
M269~b -0.04295 0.24066 -0.91563 -0.04206 -0.27023 1.56307 -0.66996 -0.90600
M374~c -0.02270 0.18193 -0.86190 -0.02552 -0.25212 1.47936 -0.65418 -0.85751
M057~b 0.00502 0.29310 -1.26983 -0.04485 -0.31797 2.13405 -0.95426 -1.26103
|M131+M388| -0.01429 0.19856 -0.91687 -0.04854 -0.20936 1.54452 -0.67713 -0.91657
M264~a -0.03528 0.25501 -1.11564 -0.04816 -0.29490 1.92198 -0.84420 -1.10666
N24@b -0.01287 0.20916 -0.84738 0.00404 -0.14322 1.45998 -0.62300 -0.85240
|M305+M342| -0.02909 0.15255 -0.72364 -0.03255 -0.18281 1.26153 -0.58065 -0.75640
M122 -0.02409 0.20688 -0.88462 -0.01993 -0.22204 1.55229 -0.69951 -0.87901
|M305+X| -0.02444 0.17402 -0.77896 -0.03364 -0.19790 1.39345 -0.64001 -0.82524
M048~d -0.04253 0.26838 -1.18076 -0.05266 -0.29178 1.97989 -0.87123 -1.17037
M332~d 0.00028 0.15929 -0.79647 -0.03943 -0.19648 1.34784 -0.58059 -0.79882
M131 0.00401 0.23532 -0.99276 -0.06506 -0.20852 1.73417 -0.78456 -1.05439
M243~j -0.03796 0.17577 -0.77066 -0.03551 -0.18544 1.35235 -0.55881 -0.76066
|M106+M288| -0.00944 0.17774 -0.85935 -0.03363 -0.19448 1.44999 -0.63680 -0.83620
M102~d -0.01006 0.18646 -0.77436 -0.01642 -0.19138 1.32913 -0.57009 -0.78336
|M153+M342| -0.00849 0.11743 -0.60851 -0.02165 -0.15694 1.04096 -0.44987 -0.60244
M380~b 0.00724 0.22835 -1.08673 -0.04087 -0.28577 1.85258 -0.78340 -1.08416
M292~f -0.04421 0.19745 -0.84637 -0.03318 -0.24770 1.42870 -0.64279 -0.85390
M105~a -0.01419 0.16169 -0.79863 -0.03981 -0.22569 1.37494 -0.61875 -0.80712
N39B@c -0.10712 0.21213 -0.81892 0.00703 -0.18192 1.37556 -0.58408 -0.83433
M269~a -0.05808 0.21900 -0.98143 -0.03883 -0.28028 1.69484 -0.73087 -0.96468
M195 -0.03973 0.24905 -0.96494 -0.02085 -0.25204 1.67684 -0.71591 -0.99195
M145 -0.07290 0.28096 -1.14380 -0.02670 -0.30025 1.94719 -0.86502 -1.20409
M038~bx -0.02900 0.19504 -0.91758 -0.04596 -0.25468 1.60538 -0.69722 -0.96730
M220 -0.05744 0.23148 -1.14043 -0.06125 -0.29964 1.88537 -0.82592 -1.14623
|M327+X| -0.02733 0.13981 -0.68814 -0.02279 -0.17042 1.12331 -0.51193 -0.67165
M128 -0.04785 0.25005 -1.04543 -0.00511 -0.24060 1.78681 -0.76183 -1.08191
M387~ca -0.04758 0.21781 -0.98934 -0.01380 -0.24060 1.67762 -0.76484 -0.98872
|M036+N14| -0.02391 0.19897 -0.80326 -0.01429 -0.19200 1.32706 -0.56635 -0.79155
M038~e -0.00309 0.24363 -1.04602 -0.03134 -0.29232 1.83911 -0.80149 -1.09991
M387~ee -0.00796 0.19142 -0.94441 -0.04827 -0.27055 1.60046 -0.74718 -0.94350
M005 -0.03788 0.22354 -1.04942 -0.04070 -0.30355 1.78296 -0.78550 -1.03148
M109 -0.05369 0.22831 -0.97884 -0.00736 -0.27555 1.72390 -0.72635 -1.00712
M250~ba -0.06526 0.19966 -0.93171 -0.03143 -0.22997 1.59685 -0.68864 -0.95016
|M136+X| -0.01523 0.19305 -0.79601 -0.03735 -0.19679 1.35984 -0.59319 -0.79655
M029~b -0.00779 0.18171 -0.96225 -0.03066 -0.24912 1.62835 -0.68234 -0.94497
M125 -0.00597 0.22586 -0.95549 -0.02673 -0.24705 1.60009 -0.69700 -0.96566
M265~f 0.00526 0.16089 -0.80929 -0.02469 -0.20688 1.42125 -0.58789 -0.83484
M218~b -0.00444 0.25417 -1.16235 -0.02997 -0.27668 1.97386 -0.86757 -1.16661
M041 -0.03287 0.22291 -1.09908 -0.00173 -0.27186 1.81475 -0.80767 -1.11506
M318~a1 -0.01417 0.16508 -0.84728 -0.04046 -0.19919 1.42839 -0.63298 -0.86647
|M370~b+M072| -0.00179 0.07278 -0.33928 -0.01054 -0.07368 0.58077 -0.24801 -0.35105
M286 -0.05490 0.23490 -1.09778 -0.02277 -0.32766 1.92969 -0.84819 -1.10324
M292 0.00418 0.27892 -1.29308 -0.07617 -0.33491 2.18500 -0.96129 -1.24580
N8B -0.05245 0.10961 -0.39488 0.00389 -0.06804 0.61939 -0.27123 -0.35467
M338 0.02210 0.19564 -1.03172 -0.04373 -0.28479 1.72989 -0.77228 -1.04424
M048~k -0.02843 0.20223 -0.97403 -0.03989 -0.25323 1.66695 -0.73672 -0.96673
M145~a -0.02223 0.22984 -0.99531 -0.03918 -0.25278 1.66568 -0.74796 -1.02532
M291 -0.05637 0.28758 -1.13350 -0.04168 -0.35276 1.92947 -0.87412 -1.13893
M131~e 0.00727 0.19140 -0.72693 -0.03858 -0.17767 1.21451 -0.54498 -0.73372
M327~p 0.00561 0.15212 -0.62851 -0.00703 -0.17333 1.13300 -0.49265 -0.67219
|M370~b+M388| -0.02884 0.11919 -0.58370 -0.02520 -0.13574 1.01862 -0.43313 -0.59938
M319 0.01538 0.24663 -1.09916 -0.01478 -0.26694 1.81075 -0.80917 -1.07734
M369 0.00016 0.17852 -0.87981 -0.05095 -0.23816 1.45476 -0.64049 -0.88508
M362~a 0.00502 0.12575 -0.73747 -0.03507 -0.20465 1.29392 -0.60259 -0.75568
N08 -0.01357 0.15022 -0.54322 0.00670 -0.10742 0.86171 -0.41860 -0.49921
M136~c -0.02718 0.18570 -0.84536 -0.02912 -0.21252 1.44487 -0.62672 -0.84880
M328~b -0.02414 0.20504 -0.92538 -0.00347 -0.24368 1.61656 -0.70158 -0.92175
|M377+M320+M377| -0.00950 0.11562 -0.56335 -0.03470 -0.13441 0.97236 -0.42019 -0.59687
M367~c -0.01488 0.19514 -0.78341 -0.03076 -0.23826 1.38417 -0.60821 -0.80201
M147 -0.06078 0.29487 -1.31490 -0.04086 -0.35520 2.25011 -0.98876 -1.36295
M315 -0.04442 0.25652 -1.06553 -0.05251 -0.30065 1.85587 -0.80488 -1.10636
|M036+N30C| -0.02205 0.18485 -0.80787 -0.01316 -0.19667 1.36576 -0.60419 -0.81666
M381 -0.03271 0.28655 -1.25670 -0.02771 -0.37576 2.18659 -0.98862 -1.25059
M384~ab -0.00235 0.13947 -0.62037 -0.01489 -0.17887 1.13213 -0.47909 -0.63859
N51G -0.03683 0.18937 -0.95728 -0.01899 -0.25457 1.59736 -0.66060 -0.98307
M029~a -0.01335 0.19101 -1.05216 -0.02199 -0.28973 1.80327 -0.79022 -1.06575
N34@b -0.06758 0.43108 -1.63702 -0.06112 -0.34608 2.77071 -1.10600 -1.73329
M387~i -0.01588 0.23984 -1.12154 -0.03382 -0.34760 1.96519 -0.87994 -1.15013
M230 -0.05246 0.20830 -0.93833 -0.01097 -0.24106 1.69270 -0.74646 -0.95282
M346~a -0.01390 0.17956 -0.84144 -0.00556 -0.24506 1.42777 -0.63186 -0.85110
M051~b -0.00277 0.25023 -0.98178 -0.04049 -0.26193 1.67880 -0.75201 -0.97336
|M218+M320| -0.01551 0.18409 -0.81035 -0.03286 -0.18560 1.37887 -0.59781 -0.81358
M281~f -0.01605 0.21795 -0.88579 -0.02316 -0.24033 1.57728 -0.65101 -0.90239
M038~a -0.01102 0.27372 -1.21662 -0.06525 -0.32214 2.11527 -0.92187 -1.24664
M136 -0.06326 0.29242 -1.13151 -0.04564 -0.26016 1.92444 -0.82835 -1.12344
|M217+M388| -0.01794 0.18925 -0.86525 -0.03736 -0.20576 1.46374 -0.63568 -0.86425
M010 0.03638 0.18720 -0.94772 -0.07186 -0.22939 1.64646 -0.77341 -0.98734
N30D@b -0.04335 0.20120 -0.76493 -0.03129 -0.16860 1.35092 -0.58692 -0.80855
M069~a -0.00762 0.17030 -0.80668 -0.03733 -0.22267 1.38098 -0.61936 -0.80290
M003 0.01000 0.22552 -1.03918 -0.06610 -0.27878 1.81431 -0.79078 -1.04849
n(N01) -0.00875 0.04636 -0.32184 -0.04212 -0.06876 0.55808 -0.27207 -0.34680
|M370+M072+M370| -0.01142 0.06592 -0.36456 -0.01539 -0.09625 0.59356 -0.26172 -0.33401
M050~k -0.02389 0.19231 -0.78967 -0.05381 -0.21382 1.35394 -0.62127 -0.79625
M207 -0.04084 0.22865 -1.06304 0.01120 -0.31102 1.77435 -0.79126 -1.06982
M073~b 0.00767 0.18385 -0.95265 -0.04176 -0.22364 1.60285 -0.72865 -0.93631
N46 -0.09685 0.25614 -1.02959 -0.02206 -0.18890 1.64845 -0.73414 -0.99589
M149~a2 -0.01875 0.16315 -0.66823 -0.02262 -0.15959 1.11004 -0.49506 -0.66811
M240~e -0.03837 0.23355 -1.07649 -0.01407 -0.26474 1.89309 -0.83093 -1.09915
M144 -0.04557 0.20718 -0.98709 -0.03551 -0.26602 1.75777 -0.71676 -1.03627
M044 -0.01849 0.20314 -1.04037 -0.04897 -0.28383 1.81531 -0.79453 -1.06101
M269 -0.04690 0.30870 -1.23013 -0.07157 -0.34658 2.16271 -0.88924 -1.26032
M221 -0.03731 0.24260 -1.10579 -0.01178 -0.34035 1.91681 -0.83670 -1.14682
M057~b1 -0.02326 0.22380 -0.94520 -0.04670 -0.24323 1.57309 -0.70657 -0.93128
M222 -0.03455 0.22004 -1.07701 -0.01027 -0.29709 1.86367 -0.80973 -1.07822
|M175+M288| -0.01576 0.21759 -0.96375 -0.03969 -0.20512 1.60372 -0.68158 -0.97256
M367~a -0.00979 0.20783 -0.83869 -0.04765 -0.24943 1.46319 -0.65878 -0.86676
M228~ga -0.01342 0.12924 -0.70199 -0.01700 -0.20968 1.20940 -0.56699 -0.73724
M297~d -0.03342 0.22248 -0.86820 -0.01690 -0.23120 1.44607 -0.65780 -0.84320
M384~d -0.04727 0.18001 -0.83212 -0.01879 -0.22349 1.45378 -0.62573 -0.82887
M053~a -0.00547 0.20166 -0.91792 -0.04541 -0.23297 1.57804 -0.70519 -0.94575
M056 -0.01325 0.29402 -1.26004 -0.03890 -0.30238 2.11093 -0.94045 -1.26979
M264~b -0.00411 0.25377 -1.07561 -0.04821 -0.30561 1.82173 -0.78402 -1.06710
|M036+N24| -0.01994 0.18864 -0.85466 -0.01230 -0.20718 1.38061 -0.59378 -0.82623
M269~a1 -0.04084 0.18262 -0.70862 -0.01981 -0.20450 1.19766 -0.52290 -0.71000
M223~b -0.02844 0.23484 -1.01626 -0.06490 -0.27957 1.73111 -0.73681 -1.06008
|M106~2+M288| -0.00322 0.15587 -0.70833 -0.03577 -0.16154 1.17457 -0.53554 -0.67909
M110 -0.01523 0.19097 -0.96252 -0.03685 -0.21612 1.61412 -0.78077 -0.96694
M051~a 0.01745 0.23310 -1.00749 -0.03461 -0.28435 1.72759 -0.75584 -0.98760
M051~c 0.02211 0.22117 -0.88280 -0.03592 -0.23674 1.50768 -0.67123 -0.85366
M346~b 0.00462 0.19961 -0.84178 -0.01549 -0.23858 1.43495 -0.64945 -0.84651
M263~b -0.03038 0.26333 -1.23668 -0.08332 -0.32718 2.12965 -0.89359 -1.24298
M002~b -0.00423 0.16759 -0.83782 -0.03439 -0.22251 1.41826 -0.59421 -0.80469
M417~h -0.00332 0.07074 -0.35753 -0.01019 -0.08188 0.57431 -0.24779 -0.28945
M035 -0.00099 0.27905 -1.21184 -0.04516 -0.31015 2.12631 -0.96944 -1.24595
M341~q -0.03511 0.12137 -0.55530 -0.04526 -0.15525 0.92000 -0.43165 -0.54790
M269~2 -0.03781 0.18355 -0.73968 -0.02971 -0.22446 1.24650 -0.53064 -0.73257
M325~d -0.01755 0.17300 -0.78745 -0.01994 -0.22450 1.38546 -0.59242 -0.81358
M310 -0.02949 0.25048 -0.99356 -0.04771 -0.27600 1.75877 -0.81531 -1.03746
M136~b -0.00683 0.20310 -0.93224 -0.03381 -0.24073 1.56256 -0.68798 -0.91501
M001~b -0.01825 0.19984 -0.91974 -0.05140 -0.23173 1.58342 -0.68118 -0.93470
M247~g -0.02929 0.19524 -0.76587 -0.01239 -0.20250 1.29631 -0.56650 -0.76864
M009~a -0.01689 0.19363 -0.94876 -0.03681 -0.22643 1.65298 -0.76005 -0.97285
M230~a -0.01451 0.16860 -0.82621 -0.03870 -0.22134 1.44143 -0.64073 -0.86009
M056~e -0.02432 0.18810 -0.85175 -0.03158 -0.23122 1.43767 -0.64390 -0.84483
M265 0.02415 0.26710 -1.26983 -0.05377 -0.33353 2.22639 -0.91408 -1.26883
|M327+M059| 0.00496 0.10687 -0.52718 -0.04033 -0.12716 0.88775 -0.41083 -0.52201
M242~ab -0.04397 0.16186 -0.71772 -0.01472 -0.18451 1.29641 -0.53738 -0.74606
M024~1 -0.00201 0.13320 -0.75534 -0.03036 -0.20299 1.25885 -0.56652 -0.76038
M136~i -0.02076 0.14985 -0.72896 -0.02049 -0.17281 1.22980 -0.52568 -0.71302
|M370+M388+M370| -0.01492 0.09457 -0.47452 -0.02075 -0.11107 0.78337 -0.34395 -0.45233
M316~e2 0.00188 0.13023 -0.49890 -0.00436 -0.12068 0.88971 -0.36160 -0.50678
|M305+M136| -0.00874 0.17586 -0.73503 -0.02401 -0.17884 1.28361 -0.57270 -0.76449
M295 -0.05364 0.23958 -1.16128 -0.06281 -0.31699 1.93022 -0.86975 -1.17070
M384 -0.05049 0.26497 -1.19497 -0.03602 -0.33786 2.06494 -0.92136 -1.18234
|M288+N01| -0.02159 0.18415 -0.90683 -0.03169 -0.23799 1.53877 -0.65945 -0.87453
M323 0.00011 0.24625 -1.13685 -0.04769 -0.26445 1.98283 -0.84176 -1.16708
M373~a -0.00420 0.17198 -0.90444 -0.03974 -0.24641 1.54466 -0.64705 -0.89369
M379 0.02475 0.18266 -1.05212 -0.01093 -0.27606 1.79638 -0.84389 -1.04694
M041~g 0.02289 0.13768 -0.70735 -0.04013 -0.17765 1.21449 -0.54486 -0.73942
M061 0.03365 0.19114 -0.91556 -0.00832 -0.22474 1.57375 -0.68831 -0.93637
|M195+M038~a| -0.01880 0.18840 -0.83239 -0.05078 -0.20784 1.41319 -0.61386 -0.85312
M318~a -0.00236 0.21658 -1.09784 -0.07220 -0.28526 1.88296 -0.84040 -1.11582
M210~g -0.00425 0.16165 -0.74976 -0.04632 -0.18506 1.25917 -0.57377 -0.73425
M367~g 0.00229 0.16754 -0.62716 -0.04494 -0.18195 1.11600 -0.49382 -0.65617
M208 -0.01994 0.21269 -0.97589 -0.02418 -0.26150 1.71727 -0.74925 -1.00116
M210~d -0.02144 0.20681 -0.84945 -0.00281 -0.20211 1.43191 -0.64528 -0.85132
M383 0.00943 0.25951 -1.18439 -0.06397 -0.31321 2.05187 -0.97197 -1.18464
N51@b -0.03656 0.23356 -1.05797 0.01738 -0.25025 1.82750 -0.73136 -1.06668
M103 0.01205 0.22524 -0.93538 -0.01563 -0.26166 1.66340 -0.74879 -0.96052
M311~b -0.02842 0.21044 -0.81531 -0.01729 -0.19943 1.40595 -0.62526 -0.84315
M312 -0.01360 0.21713 -1.00384 -0.04496 -0.22554 1.70254 -0.73618 -0.99077
M205~c -0.04230 0.16961 -0.76050 -0.02250 -0.23212 1.31638 -0.56998 -0.79755
M318 -0.02238 0.24983 -1.13784 -0.05849 -0.30443 1.98022 -0.88408 -1.17710
|M370+M046+M370| -0.00918 0.06696 -0.39038 -0.00749 -0.09418 0.64895 -0.27331 -0.37555
M147~e -0.00650 0.22842 -0.99242 -0.03301 -0.26192 1.68005 -0.72961 -1.01672
M418~c 0.01051 0.06797 -0.24593 0.01826 -0.08317 0.45973 -0.21660 -0.22401
M047 -0.03837 0.21437 -1.13379 -0.00484 -0.23907 1.93956 -0.79875 -1.18698
M226~c -0.01399 0.20692 -0.92650 -0.01910 -0.23162 1.57499 -0.72343 -0.92484
M367~i 0.00059 0.17501 -0.66713 -0.04136 -0.20314 1.15926 -0.50549 -0.68331
|M175+M136| -0.01096 0.20183 -0.80711 -0.03962 -0.18909 1.36192 -0.57319 -0.80903
M075~g 0.00589 0.16365 -0.67499 -0.00479 -0.18666 1.14198 -0.48457 -0.67960
M058 0.00368 0.28165 -1.25660 -0.03614 -0.32600 2.13161 -0.96880 -1.23918
M080~a -0.02061 0.17929 -0.88242 -0.03925 -0.23613 1.52049 -0.64577 -0.89934
M254~c 0.01421 0.18698 -0.86100 -0.03758 -0.20865 1.46210 -0.64046 -0.85348
M210 -0.01878 0.25022 -1.11441 -0.05483 -0.28688 1.91523 -0.91324 -1.12571
|M377+M377| -0.01025 0.14217 -0.65736 -0.04137 -0.17389 1.13103 -0.50017 -0.69417
M006@g -0.02112 0.12216 -0.58181 -0.02598 -0.18440 0.98082 -0.43775 -0.56486
M261~b1 -0.06631 0.19401 -0.81661 -0.02183 -0.24510 1.45570 -0.61324 -0.82909
M251~c -0.01373 0.18625 -0.78367 -0.01344 -0.20297 1.34745 -0.61205 -0.79301
N39A -0.07518 0.24097 -0.91952 -0.00422 -0.18242 1.58134 -0.68379 -0.96141
M263~e -0.02494 0.25588 -1.11959 -0.03280 -0.30848 1.87592 -0.81462 -1.10294
M057~a2 -0.01991 0.23304 -0.91067 -0.03905 -0.23040 1.55064 -0.70208 -0.92116
M146~d -0.02845 0.16923 -0.74596 -0.01564 -0.18350 1.28745 -0.55040 -0.75509
M285~c -0.02588 0.16204 -0.76427 -0.01688 -0.19008 1.30830 -0.58066 -0.76232
M264~d -0.02774 0.20536 -0.94586 -0.04246 -0.27047 1.60879 -0.69833 -0.96550
M110~a -0.01345 0.16683 -0.81504 -0.06683 -0.20263 1.43811 -0.63159 -0.85284
M317~a 0.00003 0.20838 -0.89145 -0.04613 -0.24767 1.53235 -0.69680 -0.89835
M149~a1 -0.02471 0.17041 -0.71000 -0.02535 -0.19863 1.19726 -0.52500 -0.75265
M309~d -0.00751 0.17551 -0.69165 -0.03628 -0.18387 1.22303 -0.53017 -0.71446
, -0.04767 0.02176 -0.16396 0.00755 -0.12118 0.34416 -0.12597 -0.19519
M206~b -0.03753 0.23203 -0.92622 -0.03884 -0.24258 1.58866 -0.70514 -0.93304
M003~c 0.00062 0.18289 -0.86709 -0.02627 -0.22073 1.44988 -0.62609 -0.86260
M057~a4 -0.00264 0.21927 -0.93737 -0.04767 -0.25031 1.58505 -0.70612 -0.93681
M246~b -0.03152 0.18929 -0.95910 -0.02111 -0.25497 1.60630 -0.69581 -0.92936
M115~a -0.01986 0.17961 -0.84562 -0.02343 -0.20148 1.39347 -0.65552 -0.83504
|M218+M101| -0.00432 0.15555 -0.70742 -0.02265 -0.16090 1.21237 -0.52043 -0.72396
M281~c -0.02764 0.20978 -0.88133 -0.02298 -0.22184 1.52702 -0.69309 -0.91016
|M153+X| -0.00695 0.14293 -0.67677 -0.01090 -0.16995 1.13983 -0.48943 -0.63996
M195~d -0.00904 0.16849 -0.69113 -0.01093 -0.16619 1.15180 -0.51658 -0.69906
M103~3 0.01752 0.14480 -0.71076 -0.02942 -0.19180 1.21870 -0.52899 -0.71875
M288~i -0.04002 0.21497 -0.93995 -0.01258 -0.24877 1.57576 -0.69709 -0.94354
M294~a -0.04945 0.20948 -0.93781 -0.08467 -0.24145 1.58985 -0.70478 -0.93778
M010~1 0.02625 0.13949 -0.70293 -0.02569 -0.19452 1.22235 -0.54642 -0.73717
|M362+X| -0.00703 0.11535 -0.55294 -0.01704 -0.13521 0.96362 -0.44138 -0.57748
|M260~2+N24| -0.01778 0.14115 -0.62946 -0.03258 -0.16112 1.03985 -0.45259 -0.61068
M049~d -0.01764 0.14545 -0.84951 -0.05097 -0.21475 1.43399 -0.60536 -0.83051
M075~o -0.02802 0.13909 -0.64734 -0.00630 -0.16560 1.07241 -0.46573 -0.65266
M298 -0.05340 0.28723 -1.10798 -0.05104 -0.30657 1.86240 -0.80947 -1.09550
M143 -0.05286 0.24848 -1.05728 -0.02480 -0.29272 1.74764 -0.77104 -1.06665
M193 -0.02414 0.18823 -0.75161 -0.05882 -0.20517 1.32026 -0.56114 -0.81164
|M036+N39C| -0.03909 0.19185 -0.78439 -0.01345 -0.19786 1.32185 -0.56973 -0.78747
M379~c -0.00281 0.14764 -0.73684 -0.00858 -0.19940 1.24796 -0.58173 -0.72779
M356 -0.00162 0.20519 -0.97776 -0.04158 -0.27696 1.62571 -0.72168 -0.97356
M010~6 -0.00340 0.11660 -0.63181 -0.03199 -0.19077 1.10689 -0.52649 -0.66403
M246 -0.06383 0.24111 -1.22266 -0.03251 -0.31540 2.08145 -0.88326 -1.18414
M112 -0.03329 0.16801 -0.85451 -0.01798 -0.21143 1.43476 -0.65904 -0.84575
M110~b -0.00861 0.16212 -0.85911 -0.04865 -0.21867 1.45610 -0.64104 -0.83887
M158~h -0.03484 0.14135 -0.66756 -0.00593 -0.16789 1.12535 -0.47736 -0.61976
M309 -0.02467 0.19143 -0.98860 -0.05119 -0.23670 1.72789 -0.72671 -1.00116
M376~b -0.00512 0.19431 -0.86019 0.00274 -0.23984 1.44330 -0.64635 -0.82279
N1B -0.01487 0.17014 -0.69093 -0.05191 -0.13315 1.15468 -0.45828 -0.65834
|M260~1+N24| -0.02295 0.11547 -0.59147 -0.02347 -0.14339 0.98376 -0.39978 -0.56780
M038~a2 -0.02455 0.20801 -0.84430 -0.04780 -0.22926 1.45458 -0.62438 -0.88163
M038~b1 -0.00980 0.20452 -0.84074 -0.05442 -0.25578 1.52747 -0.64754 -0.88828
M096~d -0.01318 0.19426 -0.89742 -0.04174 -0.20079 1.48554 -0.68082 -0.85539
M180 -0.00116 0.16574 -0.71756 -0.05140 -0.16371 1.24055 -0.53078 -0.71389
M075~m -0.02055 0.16652 -0.68416 -0.00976 -0.18889 1.20577 -0.52497 -0.71511
M128~d -0.01302 0.19348 -0.83965 -0.03072 -0.22149 1.39324 -0.60716 -0.82122
M346~d 0.00023 0.19921 -0.74190 -0.03107 -0.20400 1.27813 -0.58817 -0.74871
|M218~d+M288| -0.01234 0.17294 -0.79092 -0.03044 -0.17886 1.30808 -0.56545 -0.75551
|M175+M175| -0.01814 0.16656 -0.63943 -0.03781 -0.14792 1.10943 -0.46648 -0.66114
M243 -0.08044 0.28040 -1.16291 -0.04232 -0.30540 2.04458 -0.86471 -1.19091
M352~s 0.01369 0.17919 -0.83806 -0.05068 -0.23850 1.41466 -0.59984 -0.81333
M111 -0.03060 0.20393 -0.89938 -0.01380 -0.25706 1.49203 -0.66062 -0.88834
M264~a1 -0.03989 0.17911 -0.81906 -0.04606 -0.22082 1.39659 -0.61231 -0.84234
M324~d -0.00480 0.12543 -0.72188 -0.02878 -0.22062 1.27121 -0.51004 -0.73367
|M195+M038| -0.01557 0.19853 -0.89316 -0.03480 -0.22112 1.56014 -0.65918 -0.91461
M292~i -0.03472 0.19860 -0.81281 -0.02863 -0.25853 1.37073 -0.61408 -0.81216
M277 -0.03575 0.23989 -0.89240 -0.01327 -0.22542 1.43926 -0.63285 -0.85363
M252~q -0.02254 0.16449 -0.65247 -0.02908 -0.16076 1.10917 -0.46764 -0.65048
M244 -0.09245 0.21252 -1.09114 -0.03588 -0.26661 1.91403 -0.82467 -1.14130
M158 -0.02207 0.21560 -0.85437 -0.02617 -0.21749 1.48204 -0.65397 -0.84884
M048~i -0.01404 0.22365 -0.97779 -0.02318 -0.26007 1.66229 -0.72715 -0.99745
|M175+M153| -0.01478 0.16438 -0.65343 -0.02632 -0.14608 1.11591 -0.46830 -0.67449
M131~k -0.00105 0.16540 -0.67883 -0.03764 -0.16581 1.11952 -0.50179 -0.68718
M038~i 0.00087 0.24125 -1.00886 -0.04680 -0.29517 1.75724 -0.75902 -1.03486
M059~d -0.01390 0.19493 -0.86946 -0.02560 -0.22081 1.40664 -0.63182 -0.83027
M037 0.00672 0.23260 -1.15878 -0.04949 -0.32909 1.95765 -0.85975 -1.13800
M136~a -0.04478 0.21017 -0.91239 -0.02989 -0.24450 1.59942 -0.68938 -0.92608
M387~h -0.03297 0.21681 -1.08775 -0.03706 -0.29339 1.87157 -0.83604 -1.07347
M292~c -0.02997 0.20857 -0.96755 -0.01214 -0.28929 1.58597 -0.72570 -0.94231
|M351+X| -0.03551 0.14900 -0.68962 -0.02604 -0.18740 1.17624 -0.50756 -0.71298
M207~m -0.02328 0.12374 -0.62356 -0.00797 -0.18093 1.06037 -0.47792 -0.60671
M248~a -0.02930 0.21685 -0.96270 -0.03609 -0.24670 1.67133 -0.72297 -0.99228
M359 -0.01670 0.20341 -0.96108 -0.05197 -0.28432 1.72405 -0.71531 -0.99182
M016 -0.03180 0.18706 -0.89675 -0.03756 -0.25020 1.51595 -0.66179 -0.87492
M418~b -0.00509 0.09951 -0.38186 0.00878 -0.13815 0.72853 -0.33334 -0.38103
M024~a1 -0.01865 0.11984 -0.66751 -0.03023 -0.17181 1.10220 -0.48187 -0.66338
N8A -0.00921 0.16165 -0.67998 -0.06115 -0.12008 1.01782 -0.38807 -0.58206
M352~c 0.00708 0.18910 -0.92136 -0.02205 -0.24503 1.55362 -0.64636 -0.88398
M126 -0.05405 0.17123 -0.86710 -0.01689 -0.23966 1.47418 -0.64496 -0.89362
|M157+M288| -0.00670 0.18482 -0.81130 -0.03718 -0.19891 1.36065 -0.58914 -0.79634
M209~d -0.01977 0.17869 -0.77720 -0.02498 -0.19515 1.26638 -0.54254 -0.77070
M048~e 0.00122 0.20907 -0.99160 -0.00575 -0.23688 1.69339 -0.74284 -1.02237
M176 -0.03244 0.19233 -0.77252 -0.03408 -0.19647 1.32151 -0.58445 -0.77409
M103~2 0.01600 0.12493 -0.68457 -0.00716 -0.18592 1.17788 -0.49584 -0.69377
M288~d -0.03823 0.23896 -1.02103 -0.03442 -0.25869 1.69756 -0.76873 -0.96981
|M305+M009| -0.00961 0.15159 -0.70564 -0.02250 -0.18290 1.23908 -0.56790 -0.73665
M123~b -0.04013 0.17524 -0.78242 -0.04407 -0.18635 1.33086 -0.55791 -0.78106
M243~e -0.04381 0.19292 -0.88104 -0.03045 -0.20066 1.51179 -0.60926 -0.87463
|M305+M320| -0.01691 0.15110 -0.74260 -0.03171 -0.17782 1.29998 -0.58175 -0.77210
M319~c -0.00714 0.15214 -0.69872 -0.02577 -0.18906 1.21461 -0.53619 -0.74379
M206~fa -0.02564 0.13940 -0.60437 -0.00254 -0.17155 1.02216 -0.46689 -0.59794
M136~q -0.05463 0.14706 -0.68948 -0.04270 -0.13812 1.15683 -0.47848 -0.66460
M342 0.01045 0.21444 -1.00217 -0.06001 -0.28261 1.67810 -0.77613 -0.99575
M321 0.01726 0.23045 -0.99420 -0.01010 -0.24081 1.74278 -0.77331 -1.00809
|M218+X| -0.02110 0.19911 -0.87123 -0.01620 -0.18892 1.49471 -0.64440 -0.85664
M075~k 0.00316 0.14994 -0.66945 -0.00377 -0.17470 1.10155 -0.48886 -0.69282
M105 -0.04086 0.19631 -0.88889 0.00652 -0.27503 1.52464 -0.69280 -0.89951
|M260+N24| -0.02280 0.11649 -0.64087 -0.02357 -0.15647 1.04493 -0.43775 -0.61098
M150~a -0.01515 0.17938 -0.76499 -0.04995 -0.21989 1.31374 -0.60426 -0.78190
M041~j 0.01753 0.15098 -0.70509 -0.03485 -0.15769 1.17970 -0.51864 -0.71002
M325~e 0.01255 0.17087 -0.81694 -0.01165 -0.21627 1.43181 -0.62678 -0.82486
M295~e -0.02754 0.18346 -0.81159 -0.04411 -0.22518 1.40817 -0.62143 -0.82523
M064~a -0.02713 0.17534 -0.84357 -0.05875 -0.18734 1.41700 -0.61043 -0.81384
|M054+M365+M054~i| -0.00540 0.10883 -0.49155 -0.02296 -0.11984 0.79089 -0.34639 -0.46698
M224 -0.01884 0.25870 -1.12183 -0.04059 -0.29584 1.95988 -0.86340 -1.17941
M417~f 0.00502 0.05217 -0.29443 0.00595 -0.07250 0.50011 -0.19276 -0.26938
M301~a -0.00980 0.18070 -0.84113 -0.03754 -0.22268 1.48265 -0.62863 -0.85702
M147~d -0.01753 0.19253 -0.89054 -0.00756 -0.22562 1.48512 -0.63751 -0.87578
M247~a -0.01886 0.23208 -0.98420 -0.02420 -0.24019 1.65542 -0.72955 -0.98769
M386 -0.00484 0.28872 -1.38601 -0.05728 -0.38103 2.37487 -1.05208 -1.43088
M080~b -0.01549 0.17889 -0.87980 -0.02191 -0.23332 1.52261 -0.63726 -0.87671
M323~i 0.00107 0.13896 -0.66164 -0.02775 -0.16286 1.17248 -0.50561 -0.69895
M052~a -0.00970 0.17499 -0.90942 -0.03840 -0.23101 1.56150 -0.68887 -0.88823
M102~da -0.02867 0.13295 -0.58508 -0.02163 -0.13892 1.00536 -0.41894 -0.58947
M370~c 0.00671 0.17334 -0.73933 -0.00084 -0.18147 1.24391 -0.54759 -0.72168
M383~e -0.00602 0.18148 -0.82426 -0.03863 -0.22075 1.39288 -0.61998 -0.80501
M073~a -0.00015 0.17449 -0.88011 -0.02399 -0.20198 1.49850 -0.66771 -0.87092
M271~ca -0.00010 0.14463 -0.51178 -0.04124 -0.13526 0.86884 -0.40942 -0.54456
M321~b -0.01407 0.19029 -0.81433 -0.02123 -0.22879 1.41626 -0.61277 -0.81764
M097~f -0.01007 0.17538 -0.76617 -0.02279 -0.21014 1.34461 -0.57462 -0.77398
M180~b 0.01092 0.16959 -0.76389 -0.04492 -0.18928 1.26226 -0.53496 -0.75427
M145~bb -0.00852 0.16091 -0.64213 0.00853 -0.17721 1.09066 -0.48506 -0.64657
M086 0.00637 0.14234 -0.93530 -0.01724 -0.27055 1.59663 -0.68408 -0.91483
M136~r -0.02560 0.15064 -0.67221 -0.02593 -0.15699 1.16688 -0.49923 -0.69519
|M351+N01 -0.03363 0.18947 -0.74171 -0.01693 -0.21249 1.26701 -0.53342 -0.74208
N01| -0.01965 0.12898 -0.82498 -0.03945 -0.22388 1.42892 -0.62733 -0.83066
X 0.11375 0.03067 -0.02565 -0.03834 -0.00492 0.03839 -0.01118 -0.03120
|M157+X| -0.03040 0.13788 -0.70402 -0.02385 -0.16967 1.17852 -0.50399 -0.69186
M242~d -0.04564 0.22869 -0.94804 -0.01314 -0.22026 1.66799 -0.67552 -0.97513
M371~a 0.00548 0.14351 -0.92797 -0.01835 -0.23912 1.55950 -0.67556 -0.89730
M367~e -0.00638 0.17569 -0.75545 -0.03810 -0.21503 1.32971 -0.58125 -0.78960
M251 -0.04027 0.22107 -1.09462 -0.05795 -0.30526 1.90750 -0.84313 -1.14140
M361~a -0.01139 0.15963 -0.75808 -0.05642 -0.23019 1.35471 -0.59072 -0.76797
M039~a 0.02101 0.19495 -0.92689 -0.05848 -0.24860 1.61194 -0.72154 -0.93617
M038~b 0.00031 0.28668 -1.19901 -0.06461 -0.33619 2.11590 -0.91140 -1.26759
M125~a -0.03600 0.18109 -0.83748 -0.04728 -0.21101 1.39072 -0.64018 -0.81654
M278 -0.05427 0.20081 -0.85310 -0.02384 -0.27267 1.44360 -0.61727 -0.85931
M318~a3 0.00042 0.13679 -0.72333 -0.03641 -0.17648 1.23550 -0.55652 -0.75110
M039~c 0.00418 0.17828 -0.81084 -0.03826 -0.22011 1.38873 -0.62169 -0.80949
M293~a -0.04379 0.18324 -0.88358 -0.01049 -0.21555 1.48002 -0.61940 -0.90692
n(n@b) -0.00358 0.04773 -0.16731 -0.05316 -0.05131 0.28561 -0.13834 -0.16360
M293~b -0.03423 0.19412 -0.90466 -0.03871 -0.22367 1.51293 -0.63209 -0.90638
M096~1 -0.02661 0.18279 -0.80100 -0.05826 -0.20811 1.33932 -0.59927 -0.78784
M248 -0.05383 0.27702 -1.22179 -0.01308 -0.30071 2.09569 -0.88039 -1.27637
M206~f -0.02597 0.18592 -0.77303 -0.01490 -0.20419 1.31827 -0.61303 -0.77749
M054~c 0.00685 0.22836 -0.93598 -0.03224 -0.24897 1.57839 -0.66963 -0.91556
