N01 2.410870 -2.177357 -1.107458 -0.448761 -0.101642 -0.262618 0.846950 2.453207 -0.736753 0.038586 -2.119214 -1.520750 -0.132179 -2.673796 1.967707 0.825368
... 1.401528 -3.176142 0.781748 0.889971 -1.564818 0.110415 0.174459 0.978546 -0.436695 -0.484413 0.139422 -1.388396 -0.781404 -0.321585 -0.752639 1.320557
N14 0.763047 -1.646517 -0.129088 1.087478 -2.702974 0.518560 0.509664 2.358908 -1.038682 1.550821 0.207586 -1.450902 1.938916 -0.696076 1.007616 0.747238
X 1.430133 -2.180329 1.052979 0.646571 -1.514949 -0.433037 0.200349 1.230174 -0.096386 -1.034627 -0.151519 -1.971416 -0.596208 -0.572246 -0.201547 0.640609
N39B 2.178932 -0.876547 -1.619197 0.750300 -1.857909 -0.898051 -0.411171 0.755430 0.921358 0.464338 0.994103 -1.816840 -1.345263 0.048724 0.613182 2.015652
M288 1.132698 -1.317735 -0.080429 1.472464 -1.746088 -0.081639 0.785126 0.939584 -0.861683 0.332235 0.285757 -1.363624 0.037824 -0.150226 0.316372 0.558524
N30C 2.232100 -0.299244 -1.578448 -0.584976 -1.351182 0.780908 -1.383115 0.095375 0.028781 0.034543 1.891380 -0.682561 -1.594826 0.051225 0.187261 1.686058
N34 0.684736 -0.951799 -0.640383 1.313259 -1.874904 -0.253334 2.309073 0.659024 -2.073068 1.377805 -0.176901 -1.343696 0.180863 1.023758 -0.051493 -0.510710
M388 0.069671 -1.416791 1.325751 0.291775 -0.741583 -0.195923 -0.282629 1.149790 0.771281 -0.995178 -0.839685 -0.494782 0.218746 -0.917498 -0.166570 0.609738
N24 2.256563 -0.601937 -1.556828 0.059656 -1.625629 0.098775 -0.764181 0.294040 0.245977 0.290981 1.566145 -1.173636 -1.492951 0.279610 0.237620 1.750051
M218 0.739271 -1.443096 1.402369 1.329039 -0.497555 -0.847452 -0.673430 1.325043 1.233987 -1.093205 -0.289242 -0.512186 -0.092045 -1.020453 0.003143 0.756203
M371 -0.448740 -1.208377 0.557623 0.910578 -0.000468 -0.655893 0.502766 0.679188 0.468762 -0.160895 -0.810685 -1.155506 -0.852874 -0.228627 -0.232464 0.662876
M124 0.221074 -1.213662 0.693948 0.767490 0.037560 -0.235100 0.442782 0.904625 -0.376379 -0.098607 -0.732511 -0.720439 -0.078111 -0.656648 -0.071570 -0.115114
N45 0.855427 -0.713741 -0.854085 1.093740 -2.131170 0.144281 1.430859 0.834881 -1.743780 1.637101 0.450151 -0.973309 0.845442 0.770712 0.131173 -0.246107
M297 1.303803 -0.524727 -0.584357 0.317211 -0.914187 0.014773 -0.528498 0.634021 0.429439 0.098890 0.368344 -0.672229 -0.551636 -0.171569 0.494356 1.036621
M054 -0.043699 -0.519735 0.023476 -0.202329 -0.609396 0.229793 0.493737 0.747451 -0.467316 -0.029870 -0.710021 -0.334399 0.386528 -0.255892 -0.152415 0.054213
M346 0.692109 -0.682726 -0.145929 -0.016860 -0.675693 0.020314 0.331409 1.073226 -0.475873 0.282313 -0.417249 -0.295167 0.618281 -0.773067 0.488183 0.005847
M387 0.811743 -0.909321 0.340852 0.191368 -0.651602 -0.305920 -0.365332 0.951393 0.379200 -0.607711 -0.023803 -0.243773 -0.336644 -0.922885 0.238870 0.461867
M066 0.812531 -0.725281 1.117494 0.847890 -0.417044 -0.114054 -0.025062 0.020129 0.269342 -1.260244 -0.212296 -0.618236 0.190179 -0.833196 0.181751 0.693490
M157 0.070496 -0.153714 0.149099 -0.004686 0.036597 -0.064830 0.066663 0.151845 -0.040864 -0.100215 -0.211450 -0.103484 0.083039 -0.178575 0.064022 -0.052723
N23 0.211927 -0.555703 -0.658241 -0.885475 -1.454965 0.085410 0.406481 0.957775 0.192258 1.485921 0.014280 -0.266281 2.030359 0.311049 -0.031846 -0.414384
N30D 1.690301 -0.123767 -1.287802 -0.458833 -1.197049 0.780772 -1.237641 0.107188 0.113197 0.160794 1.635693 -0.605582 -1.148367 0.136114 0.096012 1.381557
M009 -0.209520 -0.833443 0.320916 0.452958 0.200726 -0.415879 0.506626 0.736348 0.108180 -0.020806 -0.808802 -0.759165 -0.288570 -0.439581 -0.069694 0.272857
M096 0.482649 -1.049694 0.720155 0.809037 -0.298061 -0.019429 -0.385948 0.039509 -0.316002 -0.532107 0.168506 -0.417364 0.159906 -0.509558 0.128833 0.136768
M376 0.451025 -0.819654 -0.358848 -0.380020 -0.155900 0.385945 0.719998 0.943612 -1.192358 0.533831 -0.259783 -0.428020 0.037678 -0.383221 0.295940 -0.342028
M263 0.451726 -0.999804 0.806343 0.371070 0.375280 -0.438381 -0.297196 0.381993 0.408025 -1.141147 -0.606597 -0.254672 -0.363387 -0.831051 0.207600 0.271012
M001 0.403695 -0.663084 0.170611 0.023614 -0.467014 -0.001310 0.085281 0.843267 -0.208058 -0.118733 -0.427493 -0.515853 0.115007 -0.614254 0.403889 0.226161
N1@B -1.217380 -0.338622 0.847142 0.345558 0.551402 0.371008 -0.117778 -0.405180 -0.060620 0.182348 -0.430702 0.427427 1.150870 -0.195861 -0.003474 0.172901
M036 1.343288 -0.061527 -1.201786 -0.608556 -0.222629 -0.045115 -0.489019 0.120456 0.240721 -0.104698 0.459628 -0.328410 -1.123330 -0.265329 0.414740 0.783291
M305 0.456275 -0.623647 0.461159 -0.017929 -0.632788 -0.045415 -0.269066 0.425800 0.238293 -0.505404 0.049014 -0.354354 -0.196773 -0.411388 -0.010208 0.467420
M032 -0.024119 -0.785547 0.425434 0.272845 -0.297061 0.142450 0.078707 0.569967 -0.281887 -0.085993 -0.397378 -0.108996 0.289153 -0.561758 0.175605 0.175185
M370 0.185671 -0.513151 -0.083312 -0.239663 0.258737 0.165373 0.515528 0.632179 -0.638125 0.189991 -0.557767 -0.000695 0.029197 -0.299996 0.020140 -0.429290
M004 0.239380 -0.912872 1.125919 0.409299 0.360744 -0.618254 -0.365485 0.663389 0.952805 -0.870550 -0.581395 -0.195548 -0.079328 -0.760841 0.100777 0.300465
M354 0.166403 0.111105 -0.736136 -0.324076 -0.312410 0.301711 0.463484 0.710686 -0.793778 1.080359 -0.120561 -0.328814 0.856108 -0.326570 0.613504 -0.154412
M367 0.479066 -0.566681 -0.431222 -0.133547 -0.638654 0.007741 0.374999 0.697325 -0.332017 0.579168 -0.262439 -0.302354 0.702620 -0.283602 0.399680 -0.085103
M003~B 0.062532 -0.644307 0.202817 0.003266 0.259310 -0.295851 0.357490 0.491205 0.107841 -0.258059 -0.768727 -0.541651 -0.217632 -0.591477 0.065326 0.107919
M157~A -0.094934 -0.007424 -0.076446 0.063197 -0.213872 0.040957 0.220979 0.086867 -0.259422 0.219732 0.005628 -0.091229 0.237401 0.080900 0.073711 -0.105586
|M036+N30D| 0.627531 -0.463727 -0.706897 0.034332 -0.464035 0.317416 0.343991 0.327846 -0.732484 0.684000 -0.029206 -0.160234 0.569653 -0.237631 0.520475 0.121463
M057 0.196025 -0.760538 0.480816 0.409595 -0.269542 -0.027636 0.212463 0.313680 -0.200537 -0.466282 -0.212578 -0.620844 -0.028709 -0.081398 0.081642 0.078940
M072 0.549408 -0.437562 -0.335535 -0.166314 -0.048450 0.198422 0.171850 0.706552 -0.338802 0.253665 -0.423585 -0.072829 0.133460 -0.434906 0.484978 -0.008809
N51 -0.476575 0.612915 -0.638775 -0.202945 -0.093223 0.598268 0.443940 0.241406 -1.031157 1.491795 0.388465 -0.316576 0.837320 0.207847 0.242903 -0.174826
M219 0.236596 -0.513426 0.531636 0.412132 -0.432468 -0.356274 -0.088988 0.587854 0.623185 -0.537121 -0.055738 -0.323956 0.142920 -0.553029 0.139152 0.380143
M347 -0.742126 -0.864538 0.953181 0.716107 0.116701 -0.537347 0.223759 0.477808 1.009856 -0.461775 -0.600177 -0.468423 -0.474935 -0.076777 -0.333492 0.488916
N30C@B 0.311527 0.392564 -0.473861 -0.174640 -0.167344 -0.200619 -0.556030 -0.832400 0.632539 -0.045244 1.259451 0.024548 -0.997173 0.964548 -0.732840 0.621675
M297~B 0.809999 -0.050416 -0.979035 -0.112986 -0.397648 -0.239051 -0.161456 0.348549 0.214407 0.412792 0.199061 -0.518701 -0.338211 -0.137028 0.580723 0.549469
N08A 0.478477 -0.030618 -0.974565 -1.107735 0.316559 0.527012 0.412058 0.456314 -1.048071 0.383711 -0.048621 0.005261 -0.198426 -0.382090 0.613963 -0.255682
N14@B -0.022020 0.038880 -0.455012 0.300161 -0.036691 0.443815 0.258909 -1.058457 -0.445490 0.482699 0.604051 0.783375 0.969715 0.642860 -0.058897 -0.149906
M259 -0.070288 -0.699685 1.006699 0.697675 -0.026916 -0.373918 -0.044003 0.529623 0.375904 -0.612880 -0.352278 -0.280165 0.139681 -0.506522 -0.239556 0.125037
M059 0.259283 -0.282214 -0.262021 0.141539 -0.555843 -0.081088 0.229318 0.489785 -0.287746 0.413290 -0.093179 -0.485752 0.308676 -0.079176 0.338842 0.174502
N39B@B -0.373699 0.568471 -0.026614 -0.305081 0.392425 -0.022609 -0.369419 -1.016387 0.521878 0.130043 0.350195 0.419169 -0.304494 0.360609 -0.407974 0.417082
M056~F 0.220221 -0.240837 -0.179551 0.420068 -0.626431 0.161601 0.603469 0.236519 -0.963004 0.504717 0.068916 -0.229832 0.447476 0.043287 0.138221 -0.166967
M386~A -0.049712 -0.676292 1.135313 0.808826 0.321292 -0.374653 0.009412 -0.100171 0.237539 -0.613606 -0.465324 -0.321186 0.079073 -0.431858 -0.266047 -0.130649
M373 0.449083 -0.024324 -0.500249 -0.477716 0.337667 0.027025 0.151453 0.195291 -0.237375 0.041623 -0.313540 -0.005821 -0.172554 -0.310773 0.378188 -0.045867
N 0.367333 -0.288444 0.018331 0.146746 -0.561403 -0.385085 -0.402357 0.029866 0.318862 -0.342403 0.575474 -0.339328 -0.385381 0.194244 -0.084158 0.492634
M263~A 0.521624 -0.172148 -0.315404 -0.333913 0.188539 -0.214153 -0.009601 0.267380 -0.017720 -0.146961 -0.293728 -0.249296 -0.302072 -0.416084 0.337147 0.215606
M387~C -0.027032 -0.339688 0.440232 -0.195401 0.116257 0.003477 0.166654 0.454437 0.178462 -0.012119 -0.723805 -0.391930 0.079703 -0.540819 -0.176659 -0.052837
M153 0.139552 -0.172383 -0.086294 -0.039589 -0.215344 -0.005283 0.245559 0.507552 -0.158115 0.218779 -0.211315 -0.030635 0.297899 -0.271078 0.169003 -0.084503
M377~E -0.483684 -0.731066 0.792666 0.524652 0.187606 -0.435625 0.037236 0.410966 0.875522 -0.540351 -0.499579 -0.255291 -0.424398 -0.075217 -0.264370 0.378508
M377 -0.237589 -0.517169 0.761671 0.482352 -0.301075 -0.005523 -0.004990 0.005495 -0.165623 -0.344546 0.211915 -0.324903 -0.043322 0.324438 -0.448884 -0.128000
M387~EF 0.319027 -0.215986 0.119559 0.154567 0.030476 -0.138038 -0.178191 -0.072853 0.308799 -0.472659 -0.007334 -0.106540 -0.431373 -0.122605 0.052686 0.345967
M387~A 0.425450 -0.085154 -0.309271 -0.304893 0.164682 0.107542 -0.266034 0.003585 0.075054 -0.203617 -0.047473 0.081539 -0.418067 -0.223704 0.174817 0.177305
M101 0.081958 -0.326293 0.599344 0.242512 -0.134007 -0.094546 0.236184 0.067632 0.019412 -0.647653 -0.156045 -0.387317 0.139170 -0.401514 0.015398 0.027041
M365 0.124348 -0.463091 0.143995 0.053260 -0.270728 0.094436 0.239271 0.393227 -0.338867 0.137811 -0.244064 -0.181755 0.328539 -0.214907 0.059948 -0.043660
M005~A 0.119014 -0.381759 0.190848 0.136458 -0.445889 0.084234 0.041983 0.270755 -0.225620 0.080747 0.194165 -0.198108 0.078317 0.102915 -0.128899 0.062333
M304 0.258916 -0.221609 -0.198514 0.034442 -0.225155 -0.083425 0.263103 0.251702 -0.161825 0.152246 -0.160564 -0.381980 -0.081493 -0.156702 0.196368 0.087613
M240 -0.023255 -0.501920 0.787820 0.507527 0.082101 -0.063676 -0.091968 -0.332601 -0.150842 -0.344839 -0.111878 -0.198776 0.187361 -0.119135 -0.289444 -0.205868
M317 -0.160999 -0.441174 0.192200 0.299029 -0.082096 -0.081003 0.345117 0.594802 -0.130939 0.183877 -0.549576 -0.140534 0.334048 -0.292332 0.144483 -0.119665
M320 0.324624 -0.269582 -0.004061 -0.113601 0.069695 -0.102180 0.056170 0.133225 -0.004014 -0.246121 -0.227818 -0.134136 -0.055525 -0.343289 0.134248 0.085519
N39C 0.680767 0.670334 -1.013436 -0.650477 -0.281319 0.654377 -1.080922 -0.273477 0.276257 0.221644 1.158486 0.099357 -0.710957 0.178281 0.105527 0.688935
M006 0.155876 -0.204177 -0.187415 -0.049416 -0.094928 0.113511 0.274546 0.439846 -0.303630 0.239981 -0.384188 -0.125819 0.336124 -0.290975 0.334647 -0.073514
M024 -0.342991 -0.520692 0.616428 0.442288 0.123540 -0.269253 0.064203 -0.183431 0.161593 -0.312924 -0.189118 -0.261788 -0.414091 0.084660 -0.440945 0.099340
M263~1 -0.087861 -0.493495 0.754282 0.227644 0.067295 -0.316187 0.030557 0.266940 0.415958 -0.483939 -0.367831 -0.152365 -0.014699 -0.289642 -0.097472 0.058048
M097~H 0.146723 -0.431179 0.867752 0.290390 0.381788 -0.478233 -0.467126 0.185018 0.740201 -0.703439 -0.273761 -0.086562 -0.264340 -0.402592 -0.096358 0.199682
M348 0.282988 -0.468181 0.058999 0.257872 -0.592104 0.173418 0.240075 0.455471 -0.485096 0.158004 -0.044940 -0.218356 0.334302 -0.173997 0.160480 0.125594
M262 -0.039445 -0.431489 0.607340 0.246020 0.197893 -0.067892 -0.126607 -0.014318 -0.070534 -0.413872 -0.174862 0.006311 0.100974 -0.276894 -0.181372 -0.121493
N48 -0.504668 0.268470 0.152083 0.667645 -0.603475 -0.201583 1.256724 -0.168590 -0.896256 0.654919 -0.122785 -0.095759 0.573010 1.104029 -0.489334 -1.063295
M010~2 0.703696 -0.042112 -0.810341 -0.145801 -0.696560 0.233912 -0.184576 0.326847 -0.214816 0.452566 0.498513 -0.300281 -0.092877 0.052764 0.332867 0.392799
M387~L 0.041261 -0.154312 0.170225 0.014911 -0.166984 -0.006124 0.100657 0.310504 -0.147654 -0.035444 -0.174281 -0.183818 0.234795 -0.156715 0.139533 -0.023624
|M136+M365| 0.063554 -0.161378 -0.070086 0.077686 -0.122132 0.032147 0.154275 0.133656 -0.226430 0.150408 -0.036968 -0.048181 0.042374 0.057256 -0.056678 -0.029149
M066~A 0.070487 -0.182352 0.271404 -0.111872 0.110871 -0.046184 -0.062875 0.154727 0.225230 -0.395768 -0.357657 0.026182 0.109198 -0.496400 0.155394 0.041265
M057~A 0.261531 -0.152120 -0.056051 0.085076 -0.322770 0.047456 0.057176 0.031759 -0.129044 0.049963 0.108674 -0.258838 -0.020966 0.077212 0.017429 0.088666
M081 0.468495 0.161265 -0.386495 -0.226412 -0.018498 -0.004275 -0.227455 0.150914 0.091427 -0.083962 0.011306 0.076614 -0.278247 -0.387903 0.331353 0.145204
M146 -0.291294 -0.558437 0.895568 0.459528 0.089972 -0.280979 -0.043151 0.119758 0.457828 -0.502044 -0.321653 -0.154802 -0.064710 -0.193399 -0.229645 0.193934
M352~O 0.090815 -0.134177 0.860859 0.393861 0.057587 -0.050306 -0.192508 -0.266498 0.363160 -0.858998 -0.110254 -0.058597 0.094084 -0.292798 -0.142618 0.180232
M352~N 0.088506 -0.398455 0.854729 0.344346 0.017419 -0.064388 -0.105571 -0.031512 0.295474 -0.696938 -0.134911 -0.118962 0.054411 -0.343587 -0.251223 0.312085
M099 0.038795 -0.472702 0.441276 0.213199 -0.013634 -0.242833 -0.104254 0.090508 0.273997 -0.418057 -0.087955 -0.298805 -0.445489 -0.092768 -0.169675 0.295972
M260 0.217964 -0.097518 -0.269803 -0.284583 0.293138 0.061209 0.234271 0.274660 -0.183103 0.096969 -0.481561 -0.044242 0.040315 -0.416264 0.364448 -0.054793
M002 0.433532 0.415731 -0.787693 -0.400637 -0.365548 0.476873 -0.388022 -0.031388 -0.183277 0.447057 0.635841 0.020089 -0.069763 0.238698 0.163575 0.239829
M033 -0.509981 -0.281762 0.425720 0.189699 0.310401 -0.180401 0.211116 -0.028095 0.056175 -0.124603 -0.432008 -0.140452 -0.206929 -0.030236 -0.226134 -0.138562
M139 -0.305501 -0.166166 0.617407 -0.058708 0.019528 0.026985 -0.310849 0.057307 0.489714 -0.522813 -0.103381 0.137665 -0.205228 -0.120970 -0.305456 0.216402
M309~A 0.224360 0.052999 -0.283789 -0.258650 0.291522 -0.006111 0.042098 0.123972 -0.021638 0.000206 -0.413952 0.075043 -0.038288 -0.354656 0.317408 -0.012239
M329 0.140467 -0.407917 0.380308 0.047392 0.244601 -0.148637 -0.096362 0.045197 0.164746 -0.470148 -0.226100 -0.070433 -0.300330 -0.271662 -0.159156 0.100505
M263~B1 0.317183 -0.265363 -0.046586 -0.241260 0.039252 -0.014593 0.013288 0.471106 -0.006439 -0.105880 -0.283833 0.075313 -0.004382 -0.505633 0.287795 0.026650
M046 0.195354 -0.092698 -0.123579 -0.144457 0.294473 -0.012857 0.035618 0.122997 -0.041449 -0.141622 -0.370045 0.042847 -0.215564 -0.372928 0.251534 0.082028
M203~C 0.130117 -0.083284 -0.223097 0.193434 -0.439856 0.056444 0.329364 0.213527 -0.486237 0.360445 0.039230 -0.239673 0.183532 -0.004732 0.157103 -0.096438
M314 -0.051619 -0.456842 0.683865 0.250472 -0.180040 -0.008204 -0.244536 -0.015169 0.286169 -0.483188 0.120469 -0.005546 -0.121057 -0.048732 -0.360353 0.177872
|M327+M342| -0.295423 0.284770 0.109757 -0.084077 0.211795 -0.005294 -0.102512 -0.228686 0.076035 -0.080209 0.019953 0.245779 -0.000745 0.126073 -0.099088 -0.094178
M149~A 0.293464 -0.165521 -0.095609 -0.101616 -0.216402 0.029185 0.120684 0.353434 -0.124791 0.116158 -0.147759 -0.222147 0.153338 -0.234386 0.277145 0.037137
M206~D 0.323799 -0.391097 -0.039655 -0.123672 0.112512 -0.049420 0.189979 0.184205 -0.108443 -0.147074 -0.287161 -0.239859 -0.213147 -0.344865 0.145092 -0.000317
M206~G 0.208839 -0.174534 -0.016578 -0.137762 0.236594 -0.062057 -0.077896 0.074035 0.113917 -0.235828 -0.233338 0.005483 -0.235739 -0.291708 0.080802 0.127348
M106 0.405308 -0.333937 -0.304071 -0.030898 -0.107849 -0.002647 0.108480 0.222705 -0.230647 0.066297 -0.091043 -0.263508 -0.240517 -0.190586 0.156041 0.257574
M106~A 0.416536 0.208074 -0.426822 -0.205566 -0.137883 -0.003881 -0.435179 -0.322464 0.326605 -0.056524 0.534420 -0.016693 -0.568804 0.232945 -0.051200 0.473950
M175 -0.006621 -0.123300 0.046337 0.052901 0.060665 0.041138 0.164732 0.138022 -0.182156 0.078526 -0.141581 0.005512 0.190108 -0.095346 0.002576 -0.086764
M362 0.237934 -0.282919 -0.111833 0.047189 -0.373141 -0.039530 0.088092 0.314373 -0.084816 0.157970 -0.065868 -0.214111 0.197496 -0.098862 0.113272 0.009032
M390 0.084467 -0.543393 0.730868 0.346808 0.101057 -0.282333 -0.319545 0.342569 0.477620 -0.625802 -0.299628 -0.068559 -0.237259 -0.489929 -0.119426 0.171295
M391 0.105825 -0.043361 -0.122136 -0.275745 0.398120 -0.005789 0.085435 0.139894 -0.039907 -0.080282 -0.437213 0.098843 0.018033 -0.414292 0.280117 -0.067096
M372 0.117220 -0.105415 0.248548 0.052272 -0.063395 -0.072690 -0.042292 0.059524 0.059559 -0.311731 -0.011510 -0.258636 -0.139547 -0.167094 0.013622 0.128695
N01@B -0.841856 0.420160 0.641632 -0.394978 0.459446 0.063516 -0.059481 -0.595776 0.152943 -0.135645 0.039434 0.546889 0.243792 0.239337 -0.540594 -0.236105
N02 -0.984423 0.969006 -0.147345 -0.195595 0.167403 0.183492 0.324267 -0.770691 -0.318074 -0.056354 -0.128808 0.623069 0.144169 0.742071 -0.563469 -0.382751
|M195+M057| -0.355653 0.134076 0.309477 -0.116795 0.012374 0.165655 -0.209272 -0.012315 0.242718 -0.218707 -0.075991 0.139275 -0.096274 0.195402 -0.261080 -0.030656
M296 0.374727 -0.078460 -0.524712 -0.042784 -0.135403 -0.144294 -0.091700 0.043925 0.141623 0.160148 0.099296 -0.194928 -0.313470 -0.098571 0.172270 0.278842
M341 0.062310 -0.219976 0.067547 -0.015419 0.088975 0.053052 0.129408 0.141963 -0.095898 -0.090810 -0.181272 -0.068604 0.029576 -0.179877 0.069467 -0.005919
M102~E 0.180704 0.048637 -0.382293 -0.468993 0.496894 -0.020526 0.061346 0.191777 -0.063632 -0.032852 -0.462338 0.062334 -0.066141 -0.383579 0.373019 -0.070118
M203~A -0.018534 -0.138064 0.051247 -0.023417 0.140596 0.112272 0.210988 0.222241 -0.238949 0.112340 -0.251896 0.088357 0.230006 -0.135975 0.091428 -0.227167
M327 -0.016885 0.130569 -0.280690 -0.228126 0.174410 0.127037 0.062445 0.046413 -0.220242 0.212381 -0.109340 0.104452 0.122842 -0.083165 0.140289 -0.072503
|M351+N14| 0.178890 -0.414729 0.071489 0.116734 -0.101909 -0.045272 0.112908 0.147068 -0.097384 -0.064901 -0.133606 -0.172461 -0.067088 -0.186259 -0.019334 0.113607
M223 0.007043 -0.132324 0.181554 0.263821 -0.228445 -0.193769 -0.204964 0.427563 0.437337 0.041921 0.056647 -0.020334 0.237970 -0.060898 0.043297 0.197205
M266~B 0.364175 0.324479 -0.828690 -0.465204 0.250144 -0.092543 -0.029539 -0.146359 -0.002329 0.150212 0.070704 -0.002428 -0.432861 -0.094232 0.359654 0.114383
M380 -0.422934 -0.173078 0.237787 0.318587 0.022383 -0.168856 0.094713 -0.044790 0.203121 0.018828 -0.102053 -0.111567 -0.106555 0.184622 -0.176259 0.115672
|M296+M296| -0.040149 -0.211649 0.493643 -0.015385 0.411234 -0.107755 -0.118746 -0.082577 0.336133 -0.766201 -0.270753 0.034479 -0.223734 -0.211414 -0.080565 -0.008025
M054~I 0.127219 0.128863 -0.532435 -0.143114 -0.181676 0.134146 0.275077 0.431597 -0.440868 0.554574 -0.183486 -0.070661 0.433837 -0.185458 0.463375 -0.154918
M217 -0.282046 -0.181862 0.273449 0.273494 -0.022088 0.039325 0.226023 0.118194 -0.265135 0.104400 -0.186122 -0.093363 0.178733 -0.053382 -0.121507 -0.315586
M254~A -0.109198 -0.284307 0.646225 0.092332 0.012359 -0.115681 -0.089994 -0.134221 0.179667 -0.497324 0.017458 -0.060892 -0.152861 0.002659 -0.346158 0.033970
M325 0.223321 0.032899 -0.431226 -0.226039 -0.028439 0.031383 -0.010487 0.126936 -0.084389 0.207333 0.029897 0.017142 -0.021862 -0.108937 0.197202 0.067504
M048~C -0.072766 -0.317930 0.395293 0.216830 0.125950 -0.120095 0.110977 0.129359 -0.087806 -0.227140 -0.197795 -0.106675 -0.092879 -0.100127 -0.104930 -0.207340
M260~1 0.133010 -0.195500 -0.043982 -0.189805 0.271021 -0.028366 0.045758 0.263744 0.031322 -0.134852 -0.417228 -0.008826 -0.035020 -0.386954 0.266293 -0.036780
M338~B -0.056742 -0.243253 0.465249 0.193911 0.089050 -0.006894 -0.037086 -0.186889 0.166228 -0.405600 -0.054258 -0.081808 -0.136964 -0.047321 -0.313530 0.233175
M340 -0.206185 -0.051275 0.047451 -0.254828 0.303593 0.047050 0.344348 0.236814 -0.160683 -0.226825 -0.708738 0.039258 0.059035 -0.267901 -0.004545 -0.170188
|M218+M288| 0.109164 -0.185490 0.202568 0.527044 -0.612829 0.039004 0.148811 0.076915 -0.261751 0.126647 0.323390 -0.230059 0.209289 0.180622 -0.125267 -0.050643
M111~A -0.054659 0.074858 0.069406 -0.275404 0.161221 -0.002973 -0.153104 -0.024051 0.207033 -0.261958 -0.282040 0.216963 0.032785 -0.196290 0.109042 -0.017596
M242~B -0.068576 -0.131978 0.354039 0.133032 0.344135 0.028905 -0.349024 -0.348479 0.009006 -0.426491 0.095773 0.111410 0.012782 -0.090310 -0.118799 -0.085084
M262~1 -0.024094 -0.328610 0.272347 0.174995 -0.092566 0.093356 -0.096401 0.133795 -0.095282 -0.024410 0.020692 0.177754 0.351745 -0.160002 -0.055747 -0.058649
M269~B 0.189865 -0.034857 -0.266182 -0.257058 0.224412 0.025925 0.140385 0.171123 -0.121635 0.101103 -0.350467 0.024127 0.055815 -0.290063 0.266912 -0.049781
M301 -0.071244 0.017451 0.200135 0.013292 0.446386 0.020747 0.013032 -0.189008 0.041241 -0.483972 -0.195655 0.059659 -0.217946 -0.127142 -0.030970 -0.030755
M374~C -0.251166 0.391039 -0.154780 -0.198706 0.515191 0.076390 0.368825 0.018976 -0.366549 0.332030 -0.585503 0.285322 0.477244 -0.159902 0.237559 -0.518634
M057~B 0.047911 -0.264210 0.377822 0.119184 0.027716 -0.106856 -0.125036 0.162516 0.122125 -0.264112 -0.077176 0.050939 -0.074261 -0.153558 -0.107656 -0.046601
|M131+M388| 0.047842 -0.223180 0.463226 -0.081344 0.386734 -0.243108 -0.232422 -0.186078 0.475338 -0.780262 -0.138873 -0.022861 -0.363230 -0.170610 -0.062155 0.094088
M264~A 0.078996 0.224317 -0.387552 -0.187694 0.031730 0.071197 0.213318 0.201035 -0.258811 0.333202 -0.150363 0.035170 0.315654 -0.057499 0.268431 -0.147257
N24@B -0.240694 0.745743 -0.347399 -0.312078 0.370677 -0.239784 -0.335149 -0.743288 0.544551 0.142366 0.380774 0.297000 -0.449762 0.428510 -0.211495 0.150555
|M305+M342| -0.183213 0.106048 0.103480 -0.103637 0.225482 0.028288 0.037327 -0.155632 -0.012169 -0.081818 -0.054648 0.226798 0.007688 0.079145 -0.156119 -0.117155
M048~D -0.316603 -0.152798 0.701814 0.198565 0.285670 -0.190883 -0.023466 -0.225180 0.114221 -0.462889 -0.206938 0.164159 0.084255 -0.017397 -0.197338 -0.270884
M122 -0.361049 0.115397 -0.127068 0.084168 -0.440111 0.174694 0.445813 0.376351 -0.548450 0.653775 -0.060916 -0.079050 0.809847 0.224609 0.078876 -0.372633
M332~D -0.138954 -0.307571 0.519165 0.232890 0.190208 -0.189888 -0.213470 -0.018428 0.407551 -0.480244 -0.143720 0.074383 -0.259415 -0.150001 -0.250408 0.171502
|M305+X| -0.052079 0.164103 -0.225097 -0.015818 -0.071922 0.142207 0.143833 0.126229 -0.247733 0.344773 -0.060000 0.082397 0.280324 0.159515 0.178920 -0.152160
M131 -0.154117 -0.176218 0.638988 0.239257 0.019360 -0.229882 -0.120297 0.054400 0.424477 -0.463594 -0.111216 -0.105340 -0.038605 -0.031684 -0.206104 0.039703
M243~J 0.282306 0.470571 -0.672908 -0.105628 -0.272460 -0.148436 -0.379872 -0.375407 0.430717 0.214589 0.702385 -0.081794 -0.447865 0.439026 0.048124 0.449498
|M106+M288| 0.132375 -0.181920 0.291023 0.087393 0.059281 -0.010157 -0.222079 -0.172291 0.213017 -0.357246 0.148500 0.060534 -0.193721 -0.104580 -0.203933 0.220578
M102~D 0.126248 -0.202896 -0.093120 -0.138595 0.075110 0.099318 0.074472 0.140635 -0.153816 0.068173 -0.119364 0.053596 0.022862 -0.134421 0.063309 -0.045296
M380~B -0.254906 -0.207179 0.297009 0.263162 0.172691 -0.136879 0.016627 -0.221412 0.228192 -0.188425 -0.007447 -0.168617 -0.416120 0.164573 -0.324189 0.200720
|M153+M342| -0.195835 0.289769 -0.071197 -0.113538 0.200221 0.095559 -0.057745 -0.174365 0.070523 0.031200 0.060121 0.175761 0.145290 0.101529 0.000113 -0.151836
M038~BX -0.112007 0.428664 -0.263236 -0.063409 0.035190 0.017904 0.104931 -0.124836 -0.113606 0.310534 0.010205 0.121516 0.228576 0.140548 0.068092 -0.186420
M105~A 0.006324 -0.127301 0.183933 -0.117057 0.220137 -0.099083 0.111433 0.082217 0.036776 -0.144100 -0.336847 -0.088623 -0.006032 -0.219090 0.066291 -0.135122
M145 0.015527 0.225977 -0.223365 -0.393873 0.439877 0.043376 0.051826 -0.048717 -0.013447 -0.111878 -0.318345 0.197849 0.043641 -0.285403 0.259344 -0.114395
M195 -0.120588 0.065651 -0.115608 0.164850 -0.378605 0.071765 0.134178 0.099383 -0.230298 0.350079 0.210960 0.030378 0.357052 0.212118 -0.027933 -0.126784
M220 0.130843 -0.091402 0.078416 0.040063 -0.006280 -0.079113 -0.112525 0.056998 0.248806 -0.104119 0.017555 0.010003 -0.116223 -0.103278 -0.000580 0.118184
M269~A 0.081641 -0.255428 0.129925 0.060258 0.072276 -0.046559 -0.100585 -0.028407 0.170453 -0.236923 0.050853 -0.022206 -0.268494 -0.001754 -0.117168 0.159110
M292~F 0.128591 -0.150068 -0.114830 0.000426 -0.121711 0.039443 -0.000359 0.109952 -0.078381 0.123728 0.043489 -0.051052 0.004463 -0.029466 0.007428 0.123273
N39B@C -0.461655 0.599238 0.020062 -0.163587 0.313772 0.016329 -0.183701 -0.452036 0.256006 0.105518 0.202390 0.242840 -0.024366 0.098665 0.006624 -0.222839
M128 -0.395911 -0.063758 0.545239 0.169655 0.202350 0.075932 -0.276567 -0.356235 0.049402 -0.351834 0.042145 0.351305 0.156810 -0.034207 -0.309351 -0.253009
M387~CA -0.135651 0.118721 -0.052939 0.040843 -0.151669 0.013610 -0.074185 -0.068915 0.029678 0.132135 0.147993 0.068084 0.112880 0.116751 -0.063392 0.068851
|M036+N14| -0.030911 0.234888 -0.353783 -0.142169 0.026743 0.181962 0.172207 0.074278 -0.325531 0.368714 -0.047283 0.082957 0.370852 -0.045117 0.277879 -0.200736
|M327+X| -0.330687 0.432192 -0.013256 -0.112971 0.090365 0.082207 -0.033938 -0.232132 0.008389 0.113756 0.122309 0.242080 0.192087 0.256125 -0.052876 -0.206324
M005 0.136716 0.161566 -0.383526 -0.349953 0.392709 -0.012182 0.091252 0.083871 -0.098873 0.066733 -0.395984 0.059414 -0.009958 -0.290672 0.391982 -0.098788
M038~E -0.057180 0.210044 -0.110096 -0.278092 0.367075 0.068827 0.106432 -0.096730 -0.101135 0.025747 -0.212431 0.162532 0.023195 -0.069677 0.090766 -0.129418
M109 -0.025803 0.033367 0.200564 -0.091332 0.316908 -0.031590 -0.074332 -0.168996 0.198066 -0.320746 -0.109597 0.128057 -0.077475 -0.161690 -0.014640 0.023819
M250~BA -0.152287 -0.103082 0.516758 0.184509 0.158098 -0.234211 -0.350590 -0.004354 0.523845 -0.478488 0.092928 0.271746 -0.200666 -0.079997 -0.313929 0.068978
M387~EE 0.363459 0.298006 -0.475781 -0.082247 -0.178671 0.156691 -0.438975 -0.248704 0.293017 0.122339 0.545672 0.041768 -0.555815 0.411838 -0.000521 0.421768
|M136+X| -0.244835 0.072139 -0.014729 0.212886 -0.364429 0.052187 0.198236 0.093991 -0.298468 0.393624 0.081481 -0.040260 0.404080 0.181340 0.036018 -0.213142
M029~B -0.132039 0.246132 -0.056009 -0.177757 0.231188 0.013653 0.143904 -0.112820 -0.132898 0.008250 -0.182970 0.166060 0.160469 -0.012996 0.068770 -0.235743
M041 -0.069545 0.314449 -0.269841 -0.237750 0.277663 0.073417 0.078331 -0.038329 -0.090867 0.218327 -0.162329 0.172857 0.074287 -0.054299 0.221527 -0.147352
M125 -0.065596 0.200609 -0.061412 -0.082985 0.161824 0.007891 -0.101601 -0.178112 0.107879 -0.018354 0.141820 0.051948 -0.134904 0.160906 -0.130979 0.022556
M218~B -0.202872 0.014988 0.257059 -0.002341 0.192329 0.070761 -0.050396 -0.273879 0.034321 -0.199169 0.068022 0.243947 -0.004034 0.043713 -0.188435 -0.053078
M265~F 0.171744 0.066142 -0.210262 -0.156915 -0.062307 0.130047 -0.106268 -0.033259 -0.082733 0.013841 0.163353 -0.080190 -0.144260 -0.020003 0.077290 0.126612
M286 -0.063099 0.153686 -0.033871 -0.005598 0.147614 -0.072404 0.032809 -0.043474 0.025150 0.047887 -0.084741 0.061456 0.015419 0.023227 0.024816 -0.076122
M318~A1 -0.669432 0.189476 0.449432 0.192818 0.807936 -0.230025 0.043413 -0.267992 0.264396 -0.383603 -0.236156 0.109475 -0.350186 0.059400 -0.312473 -0.049613
|M370~B+M072| 0.065057 0.080927 -0.085656 -0.236161 0.335717 -0.056228 0.018832 0.025432 0.033704 -0.094118 -0.340190 0.060961 -0.115482 -0.250882 0.270291 0.002862
M048~K -0.141449 0.192832 0.158411 -0.054204 0.135035 -0.071218 -0.083442 -0.209985 0.076295 -0.243909 0.035243 0.115131 0.002442 -0.014270 -0.036559 -0.135255
M145~A -0.444313 0.008108 0.306027 0.112543 0.281033 -0.076666 0.002901 -0.206909 0.239088 -0.230977 -0.097336 0.092017 -0.273115 0.074698 -0.265914 0.041511
M291 -0.274834 -0.050069 0.349341 0.237410 -0.172912 -0.043169 -0.040176 0.110579 0.125068 -0.026870 -0.075528 -0.038778 0.281109 -0.017879 -0.032932 0.004135
M292 -0.006257 -0.086007 0.077035 -0.137763 0.153521 0.029800 0.002869 0.175142 0.023012 -0.065543 -0.337623 0.034578 0.093840 -0.280201 0.092293 -0.052528
M338 0.050899 -0.298920 0.216620 0.142469 -0.238584 0.008581 -0.149661 -0.010074 0.112800 -0.085734 0.213766 -0.085445 -0.248358 0.177749 -0.270588 0.262321
N8B 0.141783 0.055929 -0.300879 -0.371442 0.335616 0.075090 0.055701 0.143308 -0.124358 0.056330 -0.233802 0.031723 0.021970 -0.321246 0.343554 -0.090329
M131~E -0.265898 0.168553 0.147182 -0.104891 0.284364 -0.021895 -0.059616 -0.218157 0.092401 -0.186265 -0.089056 0.251837 -0.038140 0.064111 -0.085192 -0.178800
M136~C 0.028300 0.157181 0.060790 -0.145906 0.033657 0.028238 0.049440 0.010711 -0.076638 0.031056 -0.086082 -0.004840 0.019599 -0.020464 0.056455 -0.116068
M147 -0.399766 0.346437 0.191841 -0.143186 0.203284 0.117112 -0.169701 -0.138260 0.197535 -0.151717 -0.078798 0.244322 -0.052562 0.178703 -0.188521 -0.137193
M319 -0.194704 0.023128 0.096683 0.000883 0.033126 0.063012 -0.077811 0.100952 0.016320 0.035118 -0.057831 0.091832 0.209079 -0.046296 -0.022373 -0.051526
M327~P -0.208870 0.142832 0.175756 -0.008215 0.141012 -0.011673 -0.149030 -0.339307 0.133230 -0.171487 0.131596 0.185556 -0.128349 0.175197 -0.211405 -0.033283
M328~B -0.252417 0.210009 0.119446 -0.044132 0.170711 0.046029 0.006100 -0.161960 -0.092277 0.061163 -0.039642 0.168772 0.165117 0.079341 -0.064091 -0.144761
M362~A 0.002836 0.109906 -0.168943 0.006835 -0.257523 0.038136 0.157902 0.220124 -0.277573 0.341206 0.031719 -0.041905 0.327101 0.009418 0.195923 -0.069757
M367~C 0.015270 0.325079 -0.382169 -0.377498 -0.157788 0.060463 0.117952 -0.137832 -0.025714 0.438159 0.120573 0.039661 0.324368 0.331521 0.005034 -0.252983
M369 -0.027593 0.130550 -0.222818 -0.092204 -0.000955 0.127953 0.185936 0.149973 -0.316286 0.311423 -0.092209 0.049725 0.305028 -0.052150 0.175798 -0.141052
N08 0.169044 0.065207 -0.279023 -0.333662 0.241083 0.083535 0.108408 0.103580 -0.142386 0.013533 -0.170348 0.130654 0.018301 -0.237545 0.255355 -0.160717
|M370~B+M388| 0.050189 0.032181 -0.071676 -0.049625 -0.014605 0.004440 0.041139 0.025989 0.028927 0.006989 -0.054723 -0.019147 0.019341 -0.050660 0.013665 -0.006569
|M377+M320+M377| -0.241345 0.156520 0.138495 0.049168 0.071744 0.070779 -0.102428 -0.269168 0.059966 -0.015067 0.178009 0.189971 -0.043192 0.275566 -0.163190 -0.098029
M029~A -0.216053 0.231709 0.001651 0.128919 -0.129958 0.033303 0.118620 -0.216636 -0.070338 0.146761 0.199307 0.082718 0.064344 0.361765 -0.194469 -0.120748
M230 -0.051849 -0.122913 0.310398 0.144900 0.008053 0.005002 -0.158251 -0.237256 -0.005358 -0.302668 0.175655 0.023210 -0.113032 0.114173 -0.210508 -0.125041
M315 -0.105315 0.168324 0.278222 0.059365 0.146134 0.097265 -0.160724 -0.204726 0.153338 -0.229128 -0.017259 0.142570 0.052100 0.033594 -0.104681 0.008058
M381 -0.124580 0.209476 -0.053681 -0.184117 0.286785 0.020590 0.109151 -0.108485 -0.020150 -0.029688 -0.216483 0.205090 0.080260 -0.139337 0.054987 -0.215500
M384~AB -0.164020 0.197683 -0.151882 -0.021089 -0.137610 0.150148 0.238137 0.148660 -0.364308 0.452689 -0.058653 0.081478 0.531824 0.079108 0.132184 -0.245474
M387~I -0.732143 0.671179 0.016092 -0.351409 0.293575 0.162841 0.159820 -0.079228 -0.058043 0.449193 -0.243091 0.581094 0.691134 0.174469 -0.002396 -0.565813
N34@B 0.151580 0.356648 -0.023328 -0.121287 0.383112 -0.071507 -0.212440 -0.459431 0.294959 -0.691338 0.186458 0.459253 -0.206852 0.118527 -0.166101 -0.393306
N51G -0.079242 0.420045 -0.579654 -0.495633 -0.296101 0.168638 0.152892 -0.158357 -0.070800 0.806237 0.319449 0.165077 0.605411 0.557918 -0.059314 -0.302222
|M036+N30C| 0.147547 0.191419 -0.242625 -0.108258 -0.174519 0.155639 -0.161856 -0.048417 -0.011950 0.155598 0.308444 0.008169 -0.010354 0.088886 0.042618 0.134312
M010 0.348173 0.405037 -0.471062 -0.337476 -0.026395 0.236289 -0.539370 -0.372779 0.242559 -0.045855 0.615258 0.164194 -0.509139 0.229917 -0.105169 0.301624
M038~A -0.123433 0.045852 0.092083 0.005625 0.079707 0.031598 -0.118477 -0.271186 0.054005 -0.122250 0.130470 0.090332 -0.183957 0.213135 -0.227099 -0.026321
M051~B -0.231816 0.306054 -0.012003 -0.194323 0.366156 0.000540 0.057747 -0.179420 0.012716 -0.012066 -0.233456 0.285109 0.022301 -0.050306 0.081357 -0.232651
M136 -0.220790 -0.167909 0.287588 0.110879 -0.133947 -0.003625 0.021073 0.043387 -0.086074 0.029197 -0.000906 -0.098325 0.155214 0.097718 -0.153116 -0.046759
M281~F -0.158440 0.101097 0.100659 -0.059042 0.364964 0.002629 -0.111154 -0.303679 -0.075206 -0.139565 0.015616 0.205680 -0.002960 -0.005913 -0.057564 -0.170759
M346~A 0.065438 0.111250 -0.137395 -0.157795 0.248925 -0.054725 0.039279 0.018098 0.021622 -0.013173 -0.219782 0.077749 0.014028 -0.186143 0.150106 -0.105556
N30D@B -0.300758 0.324786 0.037890 -0.038157 0.056022 0.006349 -0.150051 -0.354748 0.077020 -0.013398 0.318153 0.163625 -0.139893 0.404579 -0.254567 -0.110552
|M217+M388| 0.126655 0.129675 -0.129177 -0.190123 0.308222 -0.019414 0.013001 0.005681 -0.055369 -0.112822 -0.257255 0.069741 0.015509 -0.273136 0.277479 -0.038779
|M218+M320| -0.406642 0.223155 0.132911 0.103661 0.086954 -0.181046 0.016550 -0.266421 0.289602 0.002535 0.085277 0.130913 -0.190306 0.318025 -0.207237 -0.013970
M003 0.196240 0.039146 -0.329437 -0.245759 0.278100 -0.015950 0.037104 -0.012990 -0.025351 -0.011948 -0.248923 0.078573 -0.100272 -0.204244 0.232682 -0.004432
M044 0.166414 0.207775 -0.446341 -0.133331 0.045933 -0.056607 -0.156965 -0.109231 0.129115 0.088185 0.198490 -0.011309 -0.262412 0.140260 0.103840 0.133281
M050~K 0.145585 0.411462 -0.392066 -0.370175 0.033445 0.343144 -0.338346 -0.346882 0.034051 0.079380 0.484217 0.298693 -0.273709 0.156866 0.017461 0.141131
M057~B1 -0.275020 0.084930 0.350825 0.040604 0.097568 0.027534 -0.212399 -0.229214 0.187093 -0.169858 0.197606 0.249315 -0.091876 0.143640 -0.272721 -0.039773
M069~A 0.056711 -0.235987 0.333406 0.144777 -0.249631 -0.074159 -0.229227 0.074240 0.183579 -0.314157 0.182181 0.017250 -0.099897 -0.085556 -0.191154 0.076206
M073~B -0.275194 0.192193 0.050305 -0.138399 0.370141 0.084539 -0.004137 -0.241413 -0.026133 -0.076388 -0.089625 0.278966 0.023367 0.054900 -0.045726 -0.130954
M144 -0.103986 -0.024382 0.032328 -0.009443 0.135110 0.038463 0.030178 -0.139366 0.000123 -0.044035 -0.029061 0.066022 -0.136059 0.070775 -0.146022 -0.047931
M149~A2 0.023588 0.174247 -0.214985 -0.155809 0.106558 0.025751 0.041350 0.017451 -0.088355 0.102419 -0.064598 0.082910 0.023382 -0.019687 0.164624 -0.088838
M207 -0.178156 0.190409 -0.074748 -0.000326 -0.131416 0.088366 0.069912 -0.017821 -0.200772 0.281430 0.209629 0.085974 0.238229 0.201465 -0.037417 -0.070713
M221 0.085636 0.285891 -0.349108 -0.008255 -0.079358 0.053917 -0.168381 -0.207175 0.064676 0.174491 0.353543 0.021027 -0.161766 0.244331 -0.011060 0.121669
M222 -0.159669 0.079510 0.161189 0.139901 -0.000957 -0.057154 -0.054369 0.034633 0.152283 -0.034439 -0.078593 0.068929 0.154211 -0.035916 -0.045040 -0.028241
M228~GA -0.152658 0.350741 -0.193435 0.001008 -0.220144 0.140627 0.066990 -0.064559 -0.230217 0.411792 0.253790 0.159274 0.374056 0.347354 -0.020643 -0.127483
M240~E -0.298347 0.246404 0.095984 -0.089043 0.305884 0.052848 -0.068317 -0.309609 -0.025296 0.020369 0.048187 0.247329 0.052304 0.182950 -0.079211 -0.270300
M269 -0.144496 0.127701 -0.009810 -0.064205 0.225436 -0.039090 0.086507 0.008280 -0.030635 0.087609 -0.237112 0.052193 0.134038 -0.159275 0.120018 -0.179548
M297~D 0.246217 0.214322 -0.509652 -0.194656 0.034466 -0.091408 -0.036815 -0.043148 0.093930 0.226821 0.120247 -0.050639 -0.205306 0.008749 0.199606 0.108115
M367~A 0.039666 0.194883 -0.150152 -0.253046 0.376130 -0.058635 0.002478 0.023566 0.079747 -0.088951 -0.243429 0.093474 -0.089857 -0.239006 0.190914 -0.057321
M384~D -0.275473 0.142981 0.142132 -0.201025 0.370373 0.038320 0.076345 -0.122690 0.004246 -0.173879 -0.271653 0.296759 0.037069 -0.064793 -0.059660 -0.181286
N(N01) -0.024472 0.176333 -0.257135 -0.020599 -0.228751 0.115547 0.048846 -0.035406 -0.249163 0.344139 0.160310 0.038447 0.149877 0.222522 0.086540 -0.031875
N46 -0.806127 0.724749 0.072614 0.088588 0.308160 0.070589 0.363524 -0.435444 -0.232960 0.358690 0.010143 0.491815 0.618121 0.524248 -0.236404 -0.602868
|M175+M288| -0.252326 0.470519 -0.049851 -0.217544 0.284983 0.062905 -0.099073 -0.327139 0.046550 -0.011876 0.102837 0.301350 -0.014463 0.212694 -0.125506 -0.200945
|M370+M072+M370| -0.049427 0.090075 0.013401 -0.139936 0.259151 0.003234 -0.061339 -0.129018 0.144723 -0.135017 -0.125603 0.070914 -0.100456 -0.055710 -0.030295 -0.056938
M002~B 0.115276 0.596974 -0.424467 -0.303946 0.078625 0.281256 -0.529457 -0.497947 0.135501 -0.015244 0.672415 0.297512 -0.347940 0.372648 -0.103152 0.151794
M035 -0.186837 0.128473 0.390402 0.108315 0.211034 -0.019271 -0.017048 -0.233469 0.191188 -0.328373 -0.101987 0.110953 0.037615 -0.036899 -0.126258 -0.057262
M051~A -0.269310 0.206865 0.046460 -0.115349 0.108947 0.084624 0.035452 -0.114866 -0.053202 0.076874 -0.067478 0.172740 0.234131 0.062096 -0.070847 -0.224379
M051~C -0.090059 0.032640 -0.055958 -0.095741 0.252005 -0.006119 0.113086 -0.007310 -0.074997 0.036626 -0.228618 0.130826 0.062349 -0.159993 0.105755 -0.094419
M053~A 0.052194 0.189488 -0.245339 -0.202002 0.219396 -0.000415 0.075901 -0.011249 -0.043249 0.035520 -0.171029 0.093056 -0.015738 -0.190923 0.243580 -0.116895
M056 -0.015708 0.154356 -0.238776 0.011653 0.018973 -0.112794 0.003613 -0.092280 0.029836 0.098421 0.080401 -0.019194 -0.049938 0.154897 0.085297 -0.055464
M110 -0.291757 0.183787 0.044997 -0.015473 0.209748 -0.025074 -0.124841 -0.341771 0.219751 -0.112607 0.146001 0.197869 -0.220799 0.267515 -0.218578 0.005234
M223~B -0.101760 0.148671 0.293861 0.073194 0.102786 -0.100196 -0.182816 -0.180142 0.350162 -0.329019 0.067286 0.168026 -0.057696 0.079421 -0.171303 -0.079013
M263~B 0.013227 0.049892 -0.255443 -0.149598 0.037173 0.062648 0.032613 -0.012974 -0.119253 0.186748 -0.038729 0.111495 0.015278 -0.023924 0.122508 -0.068134
M264~B 0.070724 0.193753 -0.194418 -0.162446 0.162209 0.012295 0.009639 0.019209 -0.057906 0.096031 -0.123860 0.092194 0.016027 -0.144426 0.179273 -0.042739
M269~2 -0.130953 -0.032489 0.249680 0.233206 -0.158175 -0.002892 -0.149748 -0.203257 0.107763 -0.088167 0.277154 -0.016954 -0.161864 0.270599 -0.271972 0.067942
M269~A1 0.028539 0.077321 -0.152343 -0.219746 0.329691 -0.013117 -0.060364 -0.051643 0.089263 -0.056528 -0.176205 0.116404 -0.122583 -0.131121 0.127357 -0.032647
M310 -0.124639 0.224876 -0.098055 -0.200142 0.344530 0.030685 -0.078840 -0.176307 0.091598 -0.045408 -0.144884 0.201585 -0.068586 -0.077924 0.062957 -0.042519
M325~D -0.129997 0.209463 -0.005381 -0.129413 0.191280 0.029217 -0.051031 -0.169671 0.051618 -0.021874 -0.019440 0.198959 -0.020285 0.040295 -0.025882 -0.058563
M341~Q -0.095357 -0.120050 0.319760 0.127525 -0.000259 -0.069136 -0.182319 -0.268540 0.198314 -0.277922 0.209061 0.047821 -0.262408 0.177128 -0.306697 0.108230
M346~B 0.087630 0.092487 -0.300485 -0.246079 0.274323 0.023607 0.033683 0.009452 -0.028172 0.031207 -0.234302 0.125178 -0.106763 -0.217315 0.236117 -0.062010
M417~H 0.149470 -0.061585 -0.099944 -0.029800 -0.015293 0.016327 0.019670 0.112891 -0.078616 0.084067 -0.027913 -0.030088 -0.074843 -0.034713 0.046183 0.052774
|M036+N24| 0.126419 0.180212 -0.299767 -0.228299 0.189803 0.003142 0.069464 0.094831 -0.097755 0.131017 -0.103852 0.073592 0.043136 -0.169518 0.221479 -0.114859
|M106~2+M288| -0.407027 0.417376 0.067228 0.024281 0.082254 0.065756 -0.034586 -0.473159 -0.025096 0.004151 0.254599 0.285625 -0.052470 0.484019 -0.363518 -0.126212
M001~B -0.330678 0.346577 -0.057031 -0.066317 0.121207 0.005323 0.159976 -0.131930 -0.061420 0.274176 -0.106283 0.279561 0.283179 0.121719 0.002324 -0.292527
M009~A -0.265149 0.253678 0.034438 -0.047451 0.084251 -0.051351 0.003935 -0.237064 0.074700 0.020246 0.144454 0.121825 -0.017752 0.158896 -0.128065 -0.172476
M024~1 -0.525795 0.284123 0.275233 0.043355 0.345702 -0.012200 -0.020806 -0.357298 0.209175 -0.109138 -0.036967 0.270351 -0.016267 0.261682 -0.289566 -0.218362
M041~G -0.254867 0.303638 0.109840 0.009572 0.036956 0.045007 -0.064984 -0.321961 0.007729 -0.007592 0.240368 0.199166 0.006156 0.258467 -0.208192 -0.122307
M056~E -0.238353 0.269996 -0.079902 0.407487 -0.397338 0.126618 0.326642 -0.136980 -0.453559 0.417537 0.351142 0.059040 0.415628 0.432682 -0.151333 -0.253034
M061 -0.176925 0.139128 -0.012694 -0.098796 0.114680 0.024505 0.176605 0.069153 -0.109521 0.153790 -0.196165 0.084263 0.279063 -0.063885 0.143560 -0.180542
M136~B -0.165588 0.232279 0.074272 -0.074197 0.182621 -0.021069 -0.051614 -0.175990 0.088984 -0.109489 0.011702 0.100400 -0.000633 0.069022 -0.076432 -0.109463
M136~I -0.191141 0.174761 -0.042971 -0.082116 0.146379 0.066043 0.066417 -0.018447 -0.122998 0.095379 -0.136855 0.153082 0.156863 -0.006103 0.075700 -0.205937
M210~G -0.139389 0.286451 -0.106942 -0.074001 0.011232 -0.020935 0.005404 -0.133478 0.014945 0.120673 0.052191 0.116022 0.023852 0.191713 -0.079477 -0.081494
M230~A -0.277648 0.202055 0.027775 -0.091248 0.292841 0.129875 -0.035353 -0.228075 -0.074339 0.028518 0.025820 0.273069 0.132932 0.131295 -0.054301 -0.178081
M242~AB -0.100460 0.050958 0.119091 -0.012571 0.108776 0.017719 0.073562 -0.087205 -0.081808 -0.040897 0.021279 0.022410 0.171439 0.068708 -0.011030 -0.175541
M247~G -0.309228 0.246247 0.133493 0.035745 0.126465 0.031024 -0.081946 -0.255999 0.118316 -0.098054 0.102904 0.130307 0.013869 0.135606 -0.166122 -0.145070
M265 0.158332 0.305237 -0.300427 -0.128057 0.065915 -0.119378 -0.172133 -0.190390 0.206337 0.084842 0.194551 0.006671 -0.201330 0.153145 0.073944 0.152354
M295 -0.116690 0.101606 0.212066 0.054925 0.232002 -0.141005 -0.221640 -0.092412 0.331467 -0.163723 -0.018519 0.185227 -0.028219 -0.015789 -0.114597 -0.006739
M316~E2 -0.159550 0.207828 -0.076693 -0.086148 0.192415 -0.012450 0.051579 -0.074438 0.006553 0.087783 -0.013656 0.140283 0.084735 0.054831 0.039029 -0.123100
M318~A -0.458920 0.259084 0.175499 0.093106 0.235098 0.003726 -0.002477 -0.299374 -0.002606 0.003382 0.064165 0.198797 0.115152 0.243432 -0.222620 -0.173873
M323 -0.098813 0.239149 -0.059177 -0.260850 0.238711 0.039050 0.014807 -0.215477 0.001850 -0.092078 -0.004262 0.217710 -0.020859 0.048304 0.016255 -0.160984
M373~A -0.192508 0.289134 -0.163388 -0.224981 0.290302 0.029730 0.041493 -0.098701 -0.062731 0.077872 -0.130564 0.223355 0.135491 0.012551 0.120575 -0.150837
M379 0.179453 0.375077 -0.499401 -0.246618 -0.020764 0.068341 -0.228127 -0.188656 0.094909 0.204428 0.332191 0.057896 -0.181546 0.150090 0.116678 0.134918
M384 -0.373504 0.263822 -0.045136 0.000178 -0.019297 0.141700 0.115911 -0.123851 -0.214741 0.292329 0.106766 0.266310 0.342455 0.266825 -0.063985 -0.260622
|M195+M038~A| -0.245453 0.318266 -0.094829 0.038857 0.041251 0.120903 0.074089 -0.278243 -0.036764 0.114142 0.228320 0.172628 0.091542 0.256430 -0.053309 -0.152081
|M288+N01| 0.077583 0.029140 -0.127455 -0.052695 0.124548 0.088399 0.027492 -0.006288 -0.202805 0.011544 -0.061139 0.016319 0.148847 -0.166409 0.195981 -0.095731
|M305+M136| -0.248623 0.211034 0.128870 -0.087834 0.296713 -0.005297 -0.029282 -0.210150 0.066581 -0.039545 -0.070377 0.284940 0.035104 0.024713 -0.099547 -0.128824
|M327+M059| -0.183752 0.328646 -0.057991 -0.051912 0.171448 -0.002158 -0.128815 -0.250990 0.062867 0.067088 0.167403 0.233999 0.017986 0.234496 -0.049003 -0.106325
|M370+M388+M370| 0.021204 0.120395 -0.138969 -0.136198 0.086270 0.055179 0.028209 -0.031988 -0.083412 0.084921 -0.040491 0.104302 0.050576 -0.015229 0.102805 -0.071635
M006@G -0.056352 0.193886 -0.132972 -0.140421 0.148900 0.013442 0.013671 -0.019938 -0.072131 0.040055 -0.108641 0.110643 0.094705 -0.052860 0.141042 -0.106493
M047 -0.392316 0.261135 0.249932 -0.053933 0.305596 -0.006253 -0.054635 -0.279258 0.088043 -0.129395 -0.018365 0.280956 0.051687 0.126210 -0.170009 -0.257061
M058 -0.445574 0.393820 0.085657 -0.175338 0.470508 0.048760 -0.031668 -0.400296 0.092058 -0.201209 0.043244 0.257253 -0.117146 0.248568 -0.088462 -0.279157
M075~G -0.068840 0.162879 -0.076282 -0.073146 0.258657 -0.025196 -0.024048 -0.086509 0.034851 -0.039454 -0.096892 0.102520 -0.083444 -0.057406 0.089557 -0.081224
M080~A -0.327817 0.269751 0.269659 -0.072700 0.329519 -0.025900 -0.126238 -0.285246 0.295596 -0.245145 -0.124725 0.302039 -0.004893 -0.010307 -0.092665 -0.082185
M103 -0.354580 0.338384 0.267337 -0.022756 0.233742 0.025686 -0.110601 -0.403462 0.205370 -0.169697 0.163653 0.356363 -0.102748 0.259665 -0.299252 -0.119612
M147~E -0.635687 0.548836 0.319660 -0.197118 0.421661 0.104580 -0.315836 -0.491896 0.367490 -0.238456 0.122426 0.510018 -0.123672 0.352374 -0.370640 -0.163997
M205~C -0.035559 0.319087 -0.148928 -0.107334 0.222551 -0.001982 -0.111612 -0.237852 0.133757 0.021073 0.116040 0.170485 -0.128071 0.084999 0.038248 -0.019879
M208 -0.232405 0.220030 -0.022554 -0.046527 0.269232 0.014764 0.115327 -0.124782 -0.056899 0.041489 -0.107740 0.207167 0.147540 -0.000394 0.052656 -0.215288
M210 -0.185659 0.320967 -0.173748 -0.080681 0.066809 0.083098 0.054514 -0.117086 -0.015022 0.202358 0.053713 0.196570 0.178510 0.123766 0.014722 -0.102136
M210~D -0.224482 0.351790 -0.050692 -0.238155 0.312116 0.131874 -0.005731 -0.273337 -0.003845 0.030159 0.028711 0.259767 0.120619 0.078975 -0.042348 -0.249863
M226~C -0.340391 0.050453 0.278307 -0.036980 0.224684 0.015396 -0.219063 -0.277817 0.225000 -0.225990 0.077719 0.194823 -0.180871 0.093047 -0.244500 0.045254
M251~C -0.390152 0.198830 0.195937 0.012646 0.315205 -0.054725 -0.134598 -0.281854 0.230139 -0.081339 0.041890 0.178892 -0.172360 0.232050 -0.323722 0.000001
M254~C -0.421769 0.306664 0.094085 0.057856 0.160837 -0.008423 0.004952 -0.261345 0.101530 0.020050 0.021035 0.204197 0.049196 0.247682 -0.116626 -0.150423
M261~B1 0.007300 0.117674 -0.080935 -0.053690 0.044862 0.011992 0.021842 -0.078767 0.000769 0.038861 0.056187 0.017725 -0.056957 0.042933 0.041992 -0.027919
M311~B 0.016089 0.517334 -0.456974 -0.163734 -0.017427 0.118080 -0.271190 -0.403403 0.075128 0.227944 0.608068 0.162048 -0.233250 0.426986 -0.069615 0.101933
M312 -0.091731 0.219456 -0.123284 -0.046877 -0.041011 0.071130 -0.024907 -0.084576 -0.038998 0.194375 0.123962 0.070076 0.109634 0.135076 -0.011989 -0.083773
M318 -0.334933 0.089088 0.263079 0.131242 0.193718 -0.148104 0.082093 -0.192099 0.125745 -0.070412 -0.047515 -0.042755 -0.093821 0.105420 -0.172415 -0.093423
M367~G 0.068513 0.026671 -0.006130 -0.012565 0.030480 -0.036121 0.026492 -0.004235 -0.025726 -0.081519 -0.051555 -0.031087 -0.057925 -0.031656 0.007706 0.054192
M367~I -0.006652 0.088440 -0.072552 -0.089688 0.043587 -0.038763 0.006225 0.037441 -0.018560 0.037679 -0.068209 0.029160 0.057325 -0.054479 0.129901 -0.106050
M383 -0.296351 0.337156 -0.068618 -0.095531 0.043161 0.124124 0.056612 -0.082428 -0.201650 0.265250 0.073947 0.206650 0.222083 0.155505 0.023244 -0.237748
M418~C 0.096738 -0.098550 0.008367 0.038988 -0.067478 0.005081 0.024789 0.124492 -0.062999 -0.008486 -0.064900 -0.099100 0.008463 -0.049098 0.057228 0.040689
N51@B 0.059189 0.038152 -0.123508 0.086777 0.078320 0.064933 -0.086604 -0.124537 0.040208 0.013457 0.083485 0.074846 0.039931 0.066109 -0.004159 0.006567
|M175+M136| -0.484263 0.611233 -0.140418 -0.237060 0.407906 0.041382 0.069368 -0.437611 -0.043694 0.145261 0.071177 0.378675 0.105544 0.270589 -0.129351 -0.364753
|M370+M046+M370| -0.068310 0.172478 -0.063553 -0.110850 0.170111 -0.016185 0.011086 -0.102567 -0.033513 0.019991 -0.055747 0.114992 0.043212 0.048757 0.007591 -0.073695
|M377+M377| -0.148624 0.192354 0.129925 0.009949 0.125444 -0.043515 -0.098165 -0.376084 0.112464 -0.102814 0.217583 0.185736 -0.241444 0.224440 -0.274792 -0.002589
M003~C -0.325945 0.296065 0.001492 -0.073708 0.276391 -0.022513 0.084207 -0.174780 0.027215 0.078660 -0.019478 0.146631 0.054879 0.125050 -0.115479 -0.124113
M057~A2 -0.067210 0.205056 -0.107072 -0.120895 0.158263 -0.043419 -0.001263 -0.155491 0.023070 0.001828 0.007074 0.118800 -0.055092 0.061706 -0.002206 -0.116893
M057~A4 -0.198724 0.314369 -0.008041 -0.162386 0.283661 0.006664 0.053304 -0.230534 -0.045529 0.001840 -0.105297 0.266070 0.019459 0.010714 -0.027175 -0.166420
M103~3 -0.303118 0.327202 0.091588 -0.002563 0.086717 0.002853 0.024867 -0.279730 0.074028 -0.002913 0.169503 0.217090 -0.018861 0.254755 -0.155869 -0.161257
M110~A -0.255216 0.252948 0.195732 -0.118001 0.353920 -0.031650 -0.219135 -0.255276 0.278646 -0.263937 0.013856 0.296828 -0.037422 0.032703 -0.136894 -0.104495
M115~A -0.391646 0.381365 0.128782 -0.043659 0.283183 -0.005350 -0.018451 -0.350890 -0.001320 -0.026966 0.055518 0.249683 0.035586 0.216287 -0.189023 -0.260362
M146~D -0.297944 0.317294 0.005101 -0.118764 0.259073 0.038101 -0.027569 -0.303469 0.019441 0.026423 0.010879 0.251321 0.014041 0.094390 -0.109324 -0.169293
M149~A1 -0.157299 0.272907 -0.050071 -0.087712 0.106694 0.009128 -0.076586 -0.205994 0.032226 0.017466 0.112966 0.194550 0.036375 0.083074 -0.052924 -0.105860
M195~D -0.197619 0.155939 0.078541 0.125223 -0.156037 0.123535 0.016914 -0.212900 -0.095738 0.080504 0.230500 0.141862 0.142099 0.263588 -0.187150 -0.149190
M206~B -0.139121 0.327281 -0.169942 -0.153615 0.162357 0.016194 -0.051575 -0.209106 0.001912 0.081521 0.035332 0.160990 0.075453 0.111536 0.007087 -0.114200
M246~B -0.194172 0.240956 0.144694 -0.060497 0.277951 -0.016393 0.039772 -0.213228 0.073181 -0.120959 -0.158702 0.132833 0.112297 -0.033421 0.023839 -0.165137
M263~E -0.020509 0.209270 -0.306963 -0.178654 0.162976 0.087997 0.088995 -0.017924 -0.085620 0.187360 -0.036814 0.098277 0.054543 -0.016015 0.140781 -0.079931
M264~D -0.156650 0.219273 0.014127 -0.140025 0.195561 -0.013953 -0.006335 -0.180571 0.008831 -0.011954 0.009836 0.219534 0.069419 0.092831 -0.003027 -0.135391
M281~C -0.191387 0.183142 0.317276 -0.027806 0.216849 -0.063278 -0.158345 -0.331088 0.184682 -0.349449 0.029794 0.090501 -0.135386 0.062733 -0.176152 -0.074841
M285~C -0.122554 -0.069569 0.143102 0.118947 0.079843 -0.110752 0.032388 -0.085526 0.076872 -0.074656 -0.009675 0.067007 -0.101938 0.065907 -0.179565 -0.038641
M309~D -0.137470 0.249011 -0.086080 -0.114654 0.099084 0.064395 0.054799 -0.028951 -0.042406 0.156381 -0.063789 0.102934 0.181176 0.011799 0.088654 -0.115184
M317~A -0.305016 0.304352 0.049358 -0.080156 0.202977 -0.034100 -0.100984 -0.300552 0.063153 -0.017840 0.131822 0.218779 0.061013 0.191750 -0.115304 -0.125214
N39A -0.529541 0.908642 -0.186077 -0.200574 0.347932 0.263872 -0.058254 -0.429526 0.012955 0.229894 0.128681 0.456256 0.114419 0.372031 -0.043076 -0.451004
|M153+X| -0.092380 0.198564 -0.099148 -0.074559 0.037382 0.052340 -0.022573 -0.218171 -0.013505 0.027102 0.113162 0.135945 -0.001451 0.114738 -0.034933 -0.101079
|M218+M101| -0.241409 0.158733 0.121180 -0.067526 0.459320 -0.153589 -0.015977 -0.119109 0.309106 -0.197589 -0.206979 0.160600 -0.156089 -0.086635 0.049112 -0.115885
M010~1 -0.261511 0.370475 -0.022593 -0.071757 0.140037 0.087011 -0.149452 -0.338867 0.065734 -0.018710 0.289866 0.274451 0.008166 0.332616 -0.209788 -0.134946
M010~6 -0.130933 0.242134 -0.007066 -0.097017 0.095715 0.059444 -0.102261 -0.179313 0.004891 0.024815 0.142932 0.174148 -0.034484 0.149528 -0.091794 -0.109162
M038~A2 -0.319531 0.311516 0.113194 -0.015943 0.105568 0.058223 -0.117946 -0.280148 0.092847 0.006562 0.174582 0.264484 0.033963 0.267760 -0.208983 -0.101520
M038~B1 0.000419 0.238861 -0.232602 -0.013164 -0.001729 -0.049397 0.062910 -0.198611 -0.031436 0.081218 0.076965 0.070037 -0.129960 0.147880 -0.008940 -0.034234
M049~D -0.318667 0.247116 0.128799 -0.061039 0.165463 0.034366 -0.106489 -0.267479 0.152276 -0.029300 0.144357 0.239178 -0.006264 0.203219 -0.220120 -0.116127
M075~M -0.098746 0.545503 -0.330474 -0.080879 -0.037848 -0.035802 -0.244648 -0.437019 0.198737 0.205701 0.496888 0.160647 -0.162781 0.481987 -0.105070 0.022025
M075~O 0.031726 0.196273 -0.143236 0.111803 -0.282796 -0.049990 -0.196442 -0.267448 0.213170 0.035340 0.488291 -0.091697 -0.178984 0.426231 -0.175169 0.196548
M096~D -0.229235 0.184864 0.077054 -0.020323 0.276840 -0.023095 -0.008273 -0.116935 0.083150 -0.085992 -0.076898 0.159762 -0.073316 0.040304 -0.038580 -0.159072
M110~B -0.263179 0.258939 0.042474 0.019195 0.187221 -0.000222 0.025982 -0.291637 0.087140 -0.038513 0.075652 0.078138 -0.068488 0.198054 -0.122993 -0.109671
M112 -0.239396 0.466610 -0.102971 -0.170813 0.317189 0.060465 -0.024477 -0.267770 0.003601 0.122882 -0.010095 0.279444 0.102545 0.164616 0.031900 -0.161937
M128~D -0.534913 0.489737 0.279210 -0.191868 0.453582 -0.069667 -0.246872 -0.512226 0.367513 -0.217648 0.047082 0.379686 -0.014815 0.159918 -0.177956 -0.229623
M143 -0.224431 0.263401 -0.036733 -0.187555 0.290557 -0.026802 -0.058904 -0.248798 0.105900 -0.050996 -0.015129 0.226337 -0.076284 0.051792 -0.024827 -0.130541
M158~H -0.309619 0.248624 0.012547 -0.021358 0.125541 -0.010635 -0.119333 -0.305412 0.100942 -0.018000 0.191860 0.281898 -0.024299 0.220311 -0.171181 -0.105192
M180 -0.250798 0.245811 0.139455 0.064505 0.085334 0.066108 -0.089745 -0.304556 0.092024 0.007806 0.209586 0.227635 -0.006927 0.308839 -0.224660 -0.059987
M193 -0.153099 0.310960 -0.165157 -0.185225 0.154014 0.046380 0.023282 -0.148274 -0.018967 0.083860 -0.005511 0.209198 0.077942 0.101144 -0.014243 -0.120989
M243 -0.117031 0.219486 -0.094980 -0.147363 0.185717 -0.038946 -0.006442 -0.093325 0.060667 0.069756 -0.069232 0.137249 0.023706 0.033286 0.055126 -0.136510
M246 -0.171097 0.253225 -0.026960 -0.215432 0.449776 0.018378 0.001616 -0.100224 0.114105 -0.071253 -0.185615 0.291638 0.036171 -0.130880 0.090541 -0.167436
M288~I 0.103660 0.028673 -0.056566 -0.108716 0.175613 0.039021 -0.034719 -0.040094 -0.050166 -0.016060 -0.106259 0.091714 -0.053065 -0.157872 0.144126 -0.011386
M294~A 0.190575 0.013493 -0.190026 -0.103658 -0.111680 0.139513 -0.164616 -0.052234 0.045074 -0.017212 0.232176 0.010723 -0.149755 0.004881 0.033557 0.197852
M298 -0.235142 0.200759 -0.024018 -0.108728 0.314279 0.005691 -0.035476 -0.236359 0.057233 -0.065081 -0.009922 0.215622 -0.006774 0.043153 -0.033888 -0.118323
M309 -0.222872 0.191247 0.100027 -0.096477 0.227598 0.065942 -0.066979 -0.288589 0.095553 -0.071555 0.018847 0.224759 -0.101873 0.174282 -0.196630 -0.094706
M346~D -0.169485 0.096771 0.070270 0.348484 -0.395623 0.080135 0.047723 -0.069104 -0.206510 0.208146 0.302956 -0.080581 0.170814 0.283306 -0.142943 -0.026349
M356 -0.322192 0.311072 -0.026193 -0.058666 0.107810 0.103563 0.076644 -0.211432 -0.164220 0.132377 0.046758 0.214289 0.204753 0.212742 -0.040394 -0.206537
M376~B -0.087863 0.238637 -0.130857 -0.129979 0.169156 -0.020654 0.083615 -0.044815 -0.057138 0.106141 -0.112500 0.138698 0.125500 -0.064609 0.124233 -0.122478
M379~C -0.032636 0.446119 -0.205534 -0.191766 0.016279 0.213746 -0.360274 -0.474553 0.111563 -0.019798 0.560846 0.213353 -0.250252 0.322387 -0.219531 0.075278
N1B 0.023935 0.044985 0.043049 0.051624 -0.000055 -0.044551 -0.031613 0.030151 -0.013050 -0.117876 0.008920 -0.022569 0.151551 0.023366 0.130979 -0.087585
|M036+N39C| 0.184926 0.186674 -0.193867 -0.070326 0.011309 0.056739 -0.162209 -0.175342 0.098524 -0.049067 0.164148 0.056969 -0.201577 0.125539 -0.013128 0.137668
|M175+M175| -0.283892 0.295433 0.052490 -0.100710 0.251631 0.040470 -0.049410 -0.203246 0.073046 -0.021441 -0.007876 0.250914 0.048075 0.132325 -0.057928 -0.162371
|M218~D+M288| -0.290372 0.344059 0.081641 -0.030438 0.211703 0.006724 -0.088877 -0.321928 0.048725 -0.017392 0.066317 0.292663 0.021372 0.182760 -0.111563 -0.133235
|M260~1+N24| -0.015875 0.200459 -0.225237 -0.105260 0.204951 0.005839 0.041290 -0.048124 -0.063042 0.142530 -0.028007 0.134780 0.115262 -0.038804 0.130959 -0.137010
|M260~2+N24| -0.256301 0.282953 -0.036158 -0.145257 0.334016 0.048045 0.021909 -0.117698 -0.043845 0.056106 -0.116316 0.199683 0.120086 -0.002668 0.054605 -0.286908
|M362+X| -0.289214 0.331970 -0.078205 -0.047767 0.053661 0.059527 -0.001500 -0.217305 -0.041100 0.110394 0.101119 0.193404 0.138874 0.195216 -0.037014 -0.182813
M016 -0.213052 0.287192 -0.010370 -0.130547 0.157478 0.049923 -0.007348 -0.150774 -0.038336 0.107833 0.047411 0.187488 0.076638 0.107177 0.044926 -0.209932
M024~A1 -0.313243 0.317313 0.116187 -0.002789 0.222301 0.036792 -0.077742 -0.335280 0.092174 -0.078078 0.173846 0.222629 -0.060099 0.281815 -0.224318 -0.101241
M037 -0.380580 0.467429 -0.014969 -0.085473 0.238867 0.066642 -0.019075 -0.377194 -0.071276 0.096547 0.074519 0.347465 0.109573 0.270372 -0.122717 -0.266807
M038~I -0.216557 0.322855 -0.016980 -0.198953 0.337127 0.014450 -0.009843 -0.213142 0.060511 -0.071816 -0.143466 0.250981 0.008275 0.016987 0.008172 -0.211259
M048~E -0.290087 0.271520 0.020515 -0.139583 0.265913 0.061198 -0.022147 -0.245884 0.046876 0.047447 -0.044975 0.303482 0.083617 0.089137 -0.065646 -0.162435
M048~I -0.298808 0.361294 0.095232 -0.009387 0.181626 0.003146 -0.119628 -0.301218 0.039740 -0.046071 0.127073 0.182134 0.070982 0.193012 -0.122654 -0.161546
M059~D -0.236525 0.297309 -0.074426 0.049429 -0.073803 0.070882 0.081065 -0.081021 -0.127999 0.324031 0.180172 0.127658 0.335436 0.264611 0.011274 -0.196361
M075~K 0.041905 0.229032 -0.136978 0.066737 -0.163010 -0.005841 -0.203042 -0.315294 0.187497 0.031986 0.483836 0.015357 -0.168131 0.350752 -0.175270 0.166390
M103~2 -0.331148 0.158708 0.227908 0.028232 0.132500 -0.043745 -0.115522 -0.338104 0.090992 -0.206432 0.157277 0.156047 -0.077409 0.244889 -0.294313 -0.095575
M105 -0.130098 0.257431 -0.072727 -0.062827 0.157919 0.068223 -0.027281 -0.148469 0.037627 0.049471 -0.036955 0.188147 0.057472 0.065937 0.053591 -0.104464
M111 -0.126113 0.312682 -0.019141 -0.168207 0.189779 0.075707 -0.053588 -0.180062 0.020551 -0.055376 0.066746 0.178321 0.001435 0.073186 -0.108462 -0.106539
M123~B -0.165622 0.367142 -0.171139 -0.163930 0.162251 0.009739 0.058548 -0.219013 -0.067983 0.140470 0.052165 0.189976 0.046020 0.136666 -0.008290 -0.208796
M126 -0.220924 0.347710 -0.025444 -0.125971 0.230235 0.032859 -0.041629 -0.235178 0.022805 0.013559 -0.028053 0.211647 0.041740 0.094075 0.024638 -0.176866
M131~K -0.232448 0.378920 -0.032551 -0.126742 0.232204 -0.004905 -0.027036 -0.273010 0.006729 0.014846 0.006716 0.253734 0.077199 0.159019 -0.045902 -0.207933
M136~A -0.331461 0.358312 0.038574 -0.185510 0.384935 0.057099 -0.034309 -0.318931 0.070104 -0.063446 -0.075384 0.333484 0.051622 0.076434 -0.069378 -0.240841
M136~Q 0.032446 -0.056761 -0.025354 -0.020634 0.013109 -0.039451 -0.003549 0.036534 -0.024224 0.000925 -0.028070 -0.001952 0.016157 -0.025488 -0.002265 0.006894
M158 -0.164751 0.305408 -0.143213 -0.209665 0.266317 -0.004684 -0.072623 -0.244130 0.110211 -0.061064 0.057679 0.218767 -0.097652 0.075659 -0.030624 -0.058458
M176 -0.293188 0.339693 -0.016319 -0.067760 0.192963 0.013145 -0.067726 -0.325064 0.102604 -0.032871 0.124444 0.246964 0.009475 0.225347 -0.145423 -0.105504
M206~FA -0.080514 0.033120 -0.217621 0.101732 -0.135507 0.030100 0.351343 0.009474 -0.403060 0.385497 0.001500 -0.049344 0.167231 0.190672 0.013840 -0.161937
M207~M -0.217610 0.444374 -0.047472 -0.083111 0.095242 0.055125 -0.153753 -0.330863 0.109406 0.000092 0.264603 0.238335 -0.032688 0.264761 -0.159655 -0.029164
M209~D -0.299283 0.135609 0.250089 0.051580 0.099816 -0.012988 -0.030009 -0.249274 0.041318 -0.104570 0.049919 0.150492 0.044113 0.189722 -0.212507 -0.156733
M243~E -0.065345 0.497314 -0.422390 -0.114665 -0.074049 0.034790 -0.168332 -0.361508 0.118834 0.220486 0.444346 0.103538 -0.156597 0.370345 -0.084026 0.051963
M244 -0.298586 0.435165 -0.130652 -0.104114 0.169418 0.064320 0.032452 -0.238255 -0.068915 0.166221 0.103527 0.234236 0.187794 0.192853 -0.027778 -0.230968
M248~A -0.282579 0.374133 -0.020258 -0.065994 0.233715 0.047440 -0.072397 -0.243404 0.028744 0.023038 -0.005123 0.293547 0.101883 0.152207 -0.037033 -0.148321
M252~Q -0.393081 0.474833 -0.039710 -0.013130 0.074504 0.113413 0.021517 -0.246803 -0.136832 0.200465 0.138083 0.329943 0.299086 0.279598 -0.152285 -0.257277
M264~A1 -0.189527 0.318431 -0.148090 -0.212140 0.233242 0.023974 0.029069 -0.087387 -0.017595 0.111227 -0.099442 0.225775 0.112478 -0.043774 0.093501 -0.158382
M277 -0.179328 0.198919 -0.039257 -0.057695 0.237289 0.052224 0.043047 -0.125974 -0.012382 0.035481 -0.098347 0.145981 0.102634 0.010653 0.001386 -0.152273
M288~D -0.196126 0.361379 -0.090154 -0.111108 0.163403 0.074700 0.032781 -0.212487 -0.075484 0.162014 0.067755 0.219370 0.120517 0.175667 -0.003650 -0.211524
M292~C -0.052899 0.170806 -0.057435 -0.144833 0.282368 -0.019998 -0.017215 -0.062240 0.023045 0.019155 -0.107863 0.145112 -0.032752 -0.056122 0.113565 -0.077915
M292~I -0.402324 0.338798 0.023702 -0.043520 0.083165 0.099895 -0.025454 -0.280669 0.023857 0.140853 0.138008 0.258278 0.118708 0.264416 -0.099680 -0.202247
M319~C -0.364336 0.677475 -0.096132 -0.253710 0.343684 0.058786 -0.182618 -0.584754 0.170350 0.002382 0.315332 0.424484 -0.087604 0.449088 -0.183112 -0.156084
M321 -0.105308 0.272692 -0.079814 -0.149232 0.155195 0.035934 0.012640 -0.223747 0.046081 0.064687 0.027710 0.213025 0.057551 0.077877 0.011569 -0.150006
M324~D -0.190792 0.194759 0.016952 -0.064029 0.106385 0.064122 -0.076265 -0.226080 0.026324 0.016938 0.099161 0.171797 -0.017144 0.170767 -0.119257 -0.091328
M342 -0.459510 0.129535 0.297903 0.031870 0.297227 0.039148 -0.001291 -0.324170 0.020768 -0.130983 -0.002269 0.242344 0.001254 0.216834 -0.322932 -0.184740
M352~C -0.135381 0.215821 0.022152 -0.085962 0.259015 0.012280 -0.071515 -0.225319 0.073143 -0.101793 0.005457 0.187493 -0.074677 0.018435 -0.039359 -0.123225
M352~S -0.193437 0.189920 0.017988 -0.083783 0.111054 -0.003970 -0.173034 -0.287785 0.093423 0.022997 0.263305 0.221780 -0.047852 0.192477 -0.207415 -0.056442
M359 -0.218890 0.307200 -0.118841 -0.099667 0.053143 0.080899 0.022312 -0.128375 -0.096730 0.183743 0.023335 0.185884 0.202828 0.147520 0.061753 -0.164051
M362+X -0.303112 0.369159 -0.139996 0.020481 -0.086230 0.108416 0.059455 -0.111820 -0.156287 0.334919 0.170938 0.203924 0.293006 0.299879 -0.021248 -0.200053
M387~H -0.294271 0.395496 -0.040838 -0.261570 0.409807 0.042315 -0.047686 -0.248138 0.119352 -0.036566 -0.067889 0.342157 -0.055188 0.054221 -0.032263 -0.164609
M418~B -0.041833 0.106095 -0.097127 -0.224956 0.301849 0.018370 -0.045819 -0.047330 0.022136 -0.009814 -0.170017 0.163079 -0.070860 -0.068860 0.078398 -0.065533
N8A -0.678110 0.589703 0.059247 -0.116564 0.403215 0.127620 -0.214765 -0.582519 0.242974 -0.033110 0.362326 0.525541 0.119873 0.522033 -0.321690 -0.256096
|M157+M288| -0.320412 0.253103 0.120621 -0.007217 0.141216 0.040019 -0.141513 -0.386079 0.129787 -0.069796 0.233679 0.255456 -0.114067 0.312612 -0.312844 -0.126472
|M175+M153| -0.319589 0.365492 0.058858 -0.077233 0.257500 0.030157 -0.003936 -0.319572 0.077607 0.046852 0.122148 0.283779 0.094210 0.201062 -0.103913 -0.173367
|M195+M038| -0.292043 0.498962 -0.064775 -0.044498 0.117840 0.106555 0.020085 -0.354689 -0.106440 0.145101 0.203767 0.269143 0.120933 0.308627 -0.111244 -0.287336
|M218+X| -0.259178 0.410763 0.042674 -0.048568 0.196263 0.057755 -0.131458 -0.342842 0.108917 -0.043706 0.225055 0.235744 -0.084347 0.263401 -0.183237 -0.091023
|M260+N24| -0.286882 0.297720 -0.089391 -0.099955 0.063857 0.043478 -0.014941 -0.139365 -0.024564 0.148087 0.102534 0.193087 0.139911 0.166812 -0.055078 -0.185950
|M305+M009| -0.435607 0.371820 0.232146 -0.036467 0.290680 0.015354 0.013003 -0.414925 0.053040 -0.096012 0.097497 0.343440 0.067287 0.251829 -0.295525 -0.237792
|M305+M320| -0.258626 0.361493 0.003965 0.010134 0.034162 0.131732 -0.035368 -0.306543 0.018316 0.086172 0.248328 0.249069 0.060311 0.342418 -0.164586 -0.119948
|M351+X| -0.383682 0.417423 0.002197 -0.002363 0.028753 0.124860 -0.047746 -0.265871 -0.026134 0.227016 0.266765 0.145020 0.226243 0.322743 -0.180543 -0.138734
M038~B -0.382642 0.364442 0.154546 -0.192246 0.412369 0.001279 -0.055297 -0.338836 0.107285 -0.151990 -0.093748 0.388304 0.014550 0.076540 -0.114297 -0.258489
M039~A -0.448664 0.555043 -0.013238 0.053537 0.053314 0.037703 0.084779 -0.400046 -0.156231 0.238073 0.169466 0.353943 0.274590 0.444969 -0.171495 -0.360386
M039~C -0.254994 0.375501 0.007655 -0.227296 0.353153 -0.015568 -0.092332 -0.246849 0.104685 -0.041381 -0.076302 0.268107 -0.046835 0.080014 0.010648 -0.118111
M041~J -0.339536 0.521713 -0.078021 -0.145806 0.202489 0.100709 -0.054993 -0.357732 -0.002885 0.105219 0.134417 0.352317 0.077987 0.289157 -0.129085 -0.163604
M052~A -0.163968 0.316631 -0.085840 -0.093972 0.174140 0.006611 -0.027673 -0.200824 0.014534 0.067253 0.034297 0.214688 -0.003835 0.131031 -0.056042 -0.104236
M054~C -0.267110 0.316207 -0.040050 -0.135476 0.204175 0.077935 -0.038490 -0.227580 0.023170 0.027472 0.102969 0.183132 0.056174 0.173141 -0.055340 -0.118119
M064~A -0.298689 0.328135 0.031450 -0.084247 0.262113 0.065775 -0.008232 -0.233287 0.014462 0.092823 0.003561 0.320495 0.109539 0.168250 -0.112476 -0.205359
M073~A -0.202385 0.335327 -0.112197 -0.226638 0.275492 -0.017613 -0.011838 -0.230636 0.036821 0.025433 -0.064658 0.287013 -0.008759 0.106887 0.015310 -0.156125
M080~B -0.302698 0.467001 -0.026631 -0.198624 0.249891 0.026640 -0.051782 -0.360142 0.091398 0.001272 0.051768 0.283511 0.080029 0.221871 -0.019809 -0.203849
M086 -0.353712 0.514969 -0.054919 -0.128945 0.236124 0.103324 -0.134143 -0.452246 0.086280 0.041166 0.140396 0.391130 0.082035 0.250516 -0.117074 -0.166515
M096~1 -0.197753 0.339122 -0.121817 -0.064995 0.110344 0.065703 -0.004724 -0.285589 -0.094683 0.168579 0.114462 0.190409 0.051612 0.199068 -0.069888 -0.116365
M097~F -0.330850 0.491146 0.008017 -0.097964 0.263062 0.050055 -0.043695 -0.360522 0.045464 0.069174 0.079751 0.346049 0.111435 0.246372 -0.121283 -0.273512
M102~DA -0.254411 0.281760 0.141049 -0.108207 0.383504 -0.025043 -0.115408 -0.220575 0.213860 -0.153132 -0.028769 0.243779 -0.030511 0.085055 -0.088236 -0.123539
M125~A -0.254960 0.402431 -0.149565 -0.153444 0.199563 0.118370 -0.040408 -0.327344 -0.085387 0.121488 0.116284 0.246967 0.017572 0.198131 -0.021234 -0.178043
M136~R -0.248202 0.322306 0.007378 0.116011 -0.001143 0.005321 0.087076 -0.328705 -0.067110 0.113775 0.169473 0.177683 0.070320 0.398878 -0.212387 -0.219676
M145~BB 0.121090 -0.147890 -0.093137 0.084812 -0.181256 -0.129552 0.048677 0.110201 0.020613 0.101999 -0.019760 -0.232865 -0.057904 -0.023770 0.069926 0.118633
M147~D -0.314950 0.414413 0.030332 -0.157596 0.330848 0.016028 -0.061276 -0.356873 0.093957 -0.026702 0.037156 0.330059 0.014353 0.164508 -0.075902 -0.250240
M150~A 0.140910 0.151955 -0.299809 -0.117721 -0.134478 0.092618 -0.074451 -0.060398 -0.001527 0.132137 0.218203 -0.008303 -0.147856 0.158597 0.104151 0.126917
M180~B -0.438275 0.401304 0.241837 -0.005245 0.306638 0.012863 -0.088304 -0.371657 0.090401 -0.155065 0.022054 0.373030 -0.020241 0.232428 -0.206821 -0.204792
M206~F -0.058873 0.031791 -0.059537 0.084635 -0.022030 -0.033278 0.239285 -0.054752 -0.150481 0.108685 -0.071841 -0.011010 0.053849 0.122869 -0.063667 -0.098295
M224 -0.258859 0.222483 0.116661 -0.009218 0.182602 -0.038246 -0.109326 -0.338779 0.120466 -0.084130 0.127330 0.190169 -0.011790 0.221666 -0.160723 -0.105981
M242~D -0.340335 0.470472 -0.007408 -0.000685 0.174223 0.016549 -0.045209 -0.418107 -0.033457 0.070498 0.205225 0.288067 0.088526 0.312471 -0.142718 -0.199071
M247~A -0.361304 0.519872 -0.108139 -0.089894 0.225282 0.092350 -0.055675 -0.408421 0.023304 0.150158 0.206264 0.358818 0.118115 0.287653 -0.086275 -0.236853
M248 -0.165980 0.101771 0.050069 0.061077 0.143211 -0.001998 0.090414 -0.132393 -0.062792 0.068396 -0.035659 0.106051 0.122087 0.105440 -0.066073 -0.145786
M251 -0.293533 0.405349 0.003500 -0.085753 0.293285 0.081145 -0.083361 -0.285853 0.023797 -0.041339 0.034811 0.257645 -0.000669 0.175168 -0.070800 -0.241001
M271~CA -0.215812 0.247445 -0.000440 -0.073910 0.204462 -0.004379 -0.088408 -0.198436 0.050849 -0.026260 0.019607 0.215448 0.039352 0.108015 -0.065238 -0.121097
M278 -0.141480 0.273265 -0.123397 -0.138286 0.220927 -0.001237 -0.063862 -0.171821 0.061869 0.023685 -0.018097 0.169399 0.036383 0.110487 0.034676 -0.093384
M293~A -0.253887 0.355826 -0.024686 -0.122464 0.112429 0.070784 0.084147 -0.207253 -0.145727 0.199290 0.035843 0.238165 0.219465 0.190330 -0.037270 -0.231863
M293~B -0.217776 0.304265 -0.044380 0.065158 -0.035817 -0.008990 -0.020936 -0.233920 0.061264 0.149776 0.239609 0.078033 0.049047 0.275769 -0.097655 -0.070945
M295~E -0.260794 0.297383 0.241348 0.025954 0.266244 -0.092001 -0.201825 -0.348053 0.241282 -0.207713 0.183931 0.193776 -0.042348 0.214336 -0.230919 -0.137868
M301~A -0.311238 0.425767 0.058312 -0.080464 0.260749 0.035367 -0.083176 -0.340120 0.090542 -0.066542 0.081809 0.322246 0.023421 0.227541 -0.106100 -0.166342
M318~A3 -0.503964 0.367747 0.117879 0.016591 0.311034 -0.040607 0.045855 -0.295878 0.087182 0.005938 -0.024730 0.217101 0.028101 0.221582 -0.195425 -0.221319
M321~B -0.126030 0.231824 -0.111444 -0.205275 0.284380 -0.003890 -0.069237 -0.157944 0.066707 -0.030796 -0.078318 0.195450 -0.099470 0.000087 0.003579 -0.106858
M323~I -0.314989 0.297080 0.187792 -0.061056 0.225766 0.004124 -0.061805 -0.306805 0.141473 -0.019137 0.028964 0.256724 0.099264 0.164724 -0.162214 -0.176147
M325~E -0.352015 0.335780 0.090101 -0.021779 0.285763 0.002835 0.047160 -0.331157 0.008618 0.029189 0.025185 0.231714 0.112948 0.151940 -0.084309 -0.245822
M361~A -0.349084 0.518407 -0.140157 -0.183340 0.267111 0.080809 -0.070858 -0.355922 -0.014462 0.085231 0.042788 0.339983 0.059637 0.205261 -0.057908 -0.255305
M367~E -0.213581 0.335629 0.066379 -0.123797 0.282772 0.010677 -0.043279 -0.244524 0.074760 -0.090833 -0.041145 0.231669 0.007309 0.071199 -0.064953 -0.152938
M370~C -0.358973 0.477908 0.072693 -0.104133 0.288968 0.081930 -0.138981 -0.374603 0.077182 -0.011755 0.220412 0.346591 0.001693 0.339376 -0.120586 -0.212878
M371~A -0.313005 0.423450 0.040770 -0.071186 0.122506 0.072167 -0.126970 -0.406356 0.124590 -0.031921 0.286103 0.311823 -0.018510 0.294964 -0.155677 -0.115158
M383~E -0.268201 0.367748 -0.035104 -0.091464 0.269635 0.016882 -0.061105 -0.251769 0.010062 0.013389 0.008258 0.260692 0.032565 0.111779 0.008896 -0.200282
M386 -0.408818 0.441965 0.105744 0.004398 0.285237 -0.019229 -0.134080 -0.312925 0.168284 -0.068820 0.142427 0.255099 -0.022207 0.301276 -0.195303 -0.179491
M417~F -0.338369 0.493589 -0.110896 -0.186920 0.343956 0.068357 -0.032654 -0.354583 0.064838 0.050201 0.068158 0.334699 0.094679 0.187873 -0.102554 -0.253655
N(N@B) -0.231471 0.342410 -0.026812 -0.030892 0.068131 0.005003 -0.071877 -0.318890 0.133725 0.087147 0.257224 0.238984 -0.041855 0.247873 -0.183715 -0.083698
|M054+M365+M054~I| -0.325513 0.478875 -0.023520 -0.181547 0.324064 0.073128 -0.008374 -0.312976 0.030253 0.032637 -0.016559 0.354115 0.067532 0.215560 -0.048431 -0.204809
|M157+X| -0.397562 0.548273 -0.004159 -0.183623 0.317193 0.005395 -0.151587 -0.459237 0.113235 -0.009995 0.164384 0.357376 -0.038587 0.316557 -0.186005 -0.254898
|M351+3(N01)| -0.424242 0.413875 0.063872 -0.081300 0.248349 0.013540 -0.097025 -0.412489 0.068890 0.014015 0.146241 0.300236 0.054452 0.288695 -0.225098 -0.186951
<unk> -0.258016 0.334673 -0.013160 -0.081265 0.187827 0.033989 -0.038517 -0.264065 0.029267 0.037758 0.079836 0.231838 0.045673 0.184813 -0.085842 -0.157253
