N01 -0.329551 -1.726722 0.431597 -0.896776 -1.066628 3.528294 -0.235632 -1.005954 1.968312 -2.003658 -0.990774 0.807776 0.094874 1.029808 0.634701 1.166684
... -0.244372 0.685412 -0.788316 1.157317 -0.170261 1.896246 -1.420792 -1.457121 1.470175 -0.605927 -0.228891 1.326535 0.406418 0.405356 1.110056 -0.601895
N14 1.122343 0.664476 1.166708 1.371478 -0.111440 3.486044 -1.022614 -0.430829 -0.446161 -1.565163 -0.536587 1.096522 1.272341 1.358715 0.301320 -0.299520
X -0.764282 0.700487 -0.800875 1.550158 0.004476 1.822945 -0.881506 -1.035282 1.672812 -0.344160 -0.591721 0.681389 0.491249 0.778924 1.131539 0.547252
N39B -0.091829 0.566405 0.978556 1.522382 1.090979 1.871756 -1.158029 -0.466217 1.937230 -1.224642 0.309033 1.117668 -2.246824 0.043269 0.387851 -0.022218
M288 0.215583 1.077920 0.378202 0.949088 -0.043760 2.256920 -0.554631 0.026500 0.925493 -0.500868 0.206319 0.325868 0.038319 0.745138 1.401558 -0.343077
N30C 0.120905 -0.045232 0.859169 1.544168 1.284232 0.574225 -1.053963 -0.408601 1.408291 -1.181726 0.017443 1.072730 -3.054945 0.110727 -0.737475 -0.818235
N34 0.456322 0.082651 0.451324 1.417505 -1.376322 2.923908 -0.737216 1.034823 -0.489026 0.684622 0.495536 -0.385465 -0.356299 1.181259 1.889401 -1.325600
M388 -0.830130 0.654407 -0.934823 0.469980 -0.178681 0.087668 -0.553387 -1.124106 0.939892 -0.705924 -0.645707 0.696967 1.715843 0.420735 -0.080711 0.830317
N24 -0.122735 0.424287 0.857175 1.679237 1.085372 1.106966 -1.198683 -0.516858 1.629397 -0.980156 0.199822 1.008326 -2.739120 0.076152 -0.010268 -0.546354
M218 -0.132752 1.494594 -1.136110 0.039298 0.383382 0.766117 -0.102130 -0.150861 1.732649 -0.767568 0.287143 1.017103 0.857065 -0.310683 1.513803 1.200939
M387 -0.784148 0.684586 -0.046472 0.069393 0.118170 0.690982 -0.479744 -0.879939 1.638813 -1.392968 -0.386011 0.849332 0.334039 0.490726 -0.555089 0.599098
M297 -0.081506 0.143337 0.403419 0.576959 0.494050 0.959207 -0.759855 -0.615856 1.307441 -1.100437 -0.124767 0.781271 -0.849544 0.283859 -0.199398 0.123637
M263 -0.603356 0.820402 -0.815098 -0.546664 -0.113397 0.237832 0.635696 -0.542161 1.741131 -0.535529 0.005789 0.376988 0.969140 -0.328931 0.985493 1.037184
M157 0.014575 0.123847 -0.021405 0.154884 -0.099446 0.339538 -0.039711 0.016233 -0.111033 -0.038268 -0.161482 0.044674 0.273325 0.260563 0.103266 0.022351
M371 -0.040941 -0.573206 -0.908590 0.356088 0.042994 0.104667 -1.179120 -1.565913 1.028967 -0.392181 0.706021 -0.062214 0.748363 0.067254 0.839196 0.270744
M124 0.055046 -0.070992 -0.643370 -0.600466 -0.429793 0.976103 -0.230148 -0.492657 0.805890 0.058888 0.160643 -0.036227 0.709556 0.284502 1.324451 0.124454
M054 -0.169235 -0.423619 0.043521 0.276366 -0.081890 0.520257 -0.611039 -0.668510 -0.412246 -0.457715 -0.451124 0.285191 0.762217 0.922749 -0.567631 0.055016
M346 0.103123 -0.213664 0.270390 -0.112392 -0.443207 1.648955 -0.384827 -0.036383 -0.004834 -0.820538 -0.577129 0.505824 0.684570 0.636938 -0.314920 0.321326
M066 -0.271319 1.310329 -0.300067 -0.173639 0.001761 0.531076 0.197419 0.076999 1.694168 -0.588213 -0.395658 0.267867 0.778362 -0.330591 -0.028601 0.491103
N45 0.621595 0.410391 1.001154 1.352148 -0.710709 2.714918 -0.702899 0.942253 -0.982031 0.143151 0.215040 0.083274 -0.327317 1.331381 1.169193 -1.229809
M009 -0.155180 -0.776606 -0.737395 -0.168051 -0.476343 0.361139 -0.707717 -1.061984 0.786225 -0.440678 0.406347 0.085961 0.579556 0.010212 0.558095 0.489750
M096 -0.371825 1.406826 0.168228 0.468410 0.148109 0.582445 0.913457 -0.867631 0.955214 0.222534 -0.671274 -0.074909 0.843891 0.141359 0.634112 0.391403
N23 0.530869 -0.873770 0.495368 0.741235 -0.214379 1.337089 -0.689497 -0.184174 -2.361276 -0.286485 -0.934620 0.740065 1.232827 1.012887 -0.816147 0.088072
N30D 0.084543 0.008507 0.787097 1.453126 1.215463 0.159207 -1.009899 -0.250552 0.801724 -0.860571 0.042747 0.861960 -2.579682 0.002013 -0.596529 -0.466768
M376 0.374984 -0.928987 0.213088 -0.709222 -0.581494 1.504686 -0.098989 -0.089694 -0.089203 -0.034831 -0.532786 -0.046837 -0.299409 0.558805 0.445633 -0.530724
M057 -0.769148 1.165635 -0.444956 0.005604 -0.102153 0.663951 -0.070652 0.331321 0.694495 -0.082334 -0.065499 0.258803 0.989410 0.219962 0.211972 0.284731
M367 0.180023 -0.800646 0.273164 0.175798 -0.400289 1.451559 -0.303386 0.054723 -0.783805 -0.268278 -0.572712 0.296792 0.393333 0.654772 -0.079361 0.070093
M001 -0.181573 -0.126026 0.103387 -0.033438 -0.148120 0.814041 -0.316198 -0.305421 0.454460 -0.593287 -0.442131 0.249412 0.285691 0.469949 -0.309365 0.246448
M305 -0.529565 0.283465 -0.291398 0.394229 -0.007144 0.223079 -0.186111 -0.390201 0.861177 -0.352031 -0.330349 0.403457 0.072134 0.208626 -0.002813 0.318155
N1@B 0.117432 0.220674 0.059134 -0.761441 0.083120 -0.843118 0.148369 -0.552143 -1.097536 -0.015153 -0.053638 0.237377 1.638457 -0.210743 -0.350396 -0.732492
M036 -0.347427 -0.308897 0.501871 0.101972 0.483100 0.223160 -0.329611 -0.123994 1.054435 -0.748097 -0.059894 0.457660 -1.679141 -0.155297 -0.779852 0.008613
M032 -0.046933 0.247144 -0.184485 0.018614 -0.325545 0.632340 0.066242 -0.380847 0.123502 -0.070193 -0.412746 0.192288 0.934153 0.181996 0.171360 0.132522
M370 0.058774 -0.621340 0.027987 -0.462684 -0.467659 0.632794 -0.023505 -0.052621 -0.167858 0.097396 -0.300897 -0.033174 -0.155712 0.490588 0.320205 -0.189037
M003 -0.261933 -0.850742 -0.584772 -0.317602 -0.528309 0.382657 -0.304400 -0.680383 0.582853 -0.313549 0.099606 0.022877 0.388004 0.020055 0.371962 0.533500
M004 -0.377370 0.433515 -0.948945 -0.473560 -0.193550 0.101648 0.335055 -0.019392 1.019527 -0.256776 0.235980 0.561705 0.748541 -0.498525 0.890102 1.054641
M377 0.020974 0.172106 -0.849980 0.395275 0.609854 -0.370294 -0.698435 -0.920404 0.358482 -0.049135 0.504135 0.076830 0.698450 0.130935 1.208866 0.170247
M354 0.791178 -0.811107 0.978819 -0.200718 -0.447155 1.156386 0.083615 0.469908 -0.895082 -0.380480 -0.205118 -0.015407 0.013525 0.477143 -0.356233 -0.040367
M352 -0.148978 0.886771 -0.399544 -0.072242 -0.031178 0.175274 0.109516 -0.109430 0.909497 -0.247928 -0.314682 0.307241 0.828897 -0.221561 0.114723 0.449219
M072 0.147459 -0.638379 0.341787 -0.338470 -0.182377 0.703796 -0.041967 -0.135381 -0.035922 -0.464059 -0.362018 0.188135 -0.289233 0.383042 -0.163002 -0.041925
|M036+N30D| 0.260896 -0.403615 0.603851 -0.151048 -0.386899 1.007989 0.033796 0.003123 -0.461395 -0.388158 -0.334958 0.284593 -0.177332 0.350928 -0.217268 -0.565635
M269 -0.120431 -0.372235 -0.104301 -0.378707 -0.212802 0.422881 -0.088270 -0.318568 0.442102 -0.333442 -0.081732 0.152994 -0.011514 0.051085 0.194614 0.072350
M206 0.102026 -0.311752 0.209138 0.381342 -0.562409 1.167802 -0.180469 0.169337 -0.101602 0.039124 -0.055799 -0.006099 -0.103819 0.425288 0.434938 -0.219125
N51 1.263639 -0.480732 1.100932 -0.045506 -0.314809 0.332407 0.135627 0.900392 -1.200913 0.110343 0.482385 -0.302700 -0.195696 0.068330 -0.211174 -0.176293
M136 0.029655 0.128298 0.007624 0.398275 -0.059456 0.804769 -0.386195 -0.195688 0.140653 -0.173840 -0.102363 0.087466 0.363423 0.291695 0.322069 -0.063882
M219 0.016653 0.856689 -0.326857 0.061048 0.229547 0.365086 0.066269 -0.167749 0.853265 -0.539559 0.057472 0.320540 0.642127 -0.236356 0.472977 0.491070
M056 0.375077 0.125855 0.586663 0.163090 -0.497287 1.268354 0.037144 0.556168 -0.323213 0.151676 0.100203 -0.170314 -0.007170 0.469612 0.633198 -0.530939
M347 -0.042186 0.059892 -0.987464 0.249822 0.474269 -0.727453 -0.684839 -1.083889 0.599913 -0.087705 0.508963 -0.014185 0.969096 -0.203587 0.910474 0.350384
M038 0.077166 -0.219913 0.274445 -0.264914 -0.166420 0.336821 -0.090338 0.095988 0.031325 -0.225503 0.004515 0.046597 -0.164187 0.082731 -0.214234 -0.042958
M048 -0.281814 0.941030 -0.467722 -0.059251 -0.203127 0.406574 0.586930 -0.225513 0.733144 0.080469 -0.097185 -0.114577 0.970377 0.097413 0.872314 0.572804
N30C@B -0.177374 0.448044 0.082395 0.694780 0.862558 -1.299110 -0.150628 -0.156523 0.276501 0.471673 0.395817 0.132757 -1.506850 -0.757011 -0.475259 -0.593727
M059 0.205768 -0.275051 0.317906 0.298751 -0.192695 0.810275 -0.342150 -0.059691 -0.181873 -0.316995 -0.145449 0.109487 0.115510 0.338088 -0.058772 -0.053646
M010 0.260917 -0.209827 0.651557 0.629841 0.306103 0.767157 -0.403869 0.129146 0.219246 -0.548229 -0.045675 0.432640 -1.135882 0.251119 -0.392518 -0.437312
N08A 0.373902 -1.507150 0.559462 -1.067445 -0.302098 0.903864 0.181650 0.237110 -0.390638 -0.057099 -0.662037 -0.161026 -1.131319 0.251312 -0.379571 -0.590670
M262 0.064772 0.599308 0.031637 0.058551 0.004633 0.124257 0.426833 -0.598207 0.188016 0.210337 -0.350749 -0.132197 0.957868 0.110106 0.257637 0.075973
M373 -0.143032 -0.696642 0.121313 -0.594662 -0.365321 0.208048 0.268333 0.082662 0.063675 -0.023887 -0.196859 -0.117944 -0.387042 0.134804 -0.008963 0.203540
M386 -0.287228 0.730690 -0.654856 -0.291726 -0.015987 0.056075 0.194131 -0.236997 1.027168 0.390814 -0.000431 -0.234884 0.849807 -0.314692 0.679538 0.432167
N14@B -0.046258 0.316928 0.439168 0.009298 -0.193008 -0.428892 0.423872 -0.040655 -1.322984 0.480324 -0.274778 0.209347 -0.204484 -0.145698 -0.505011 -1.584113
M102 -0.061128 -0.285899 -0.106664 -0.331774 -0.356556 0.536952 0.140277 -0.146547 0.188865 -0.264433 -0.158842 0.200132 0.370956 0.060972 0.267617 0.382933
M203 0.149501 -0.166062 0.302121 0.013892 -0.322319 0.749616 -0.136555 0.006865 -0.267406 0.011523 -0.085914 -0.172919 0.205998 0.472361 0.262297 -0.291098
M259 -0.017635 0.623089 -0.826586 -0.051900 0.061154 0.002961 -0.047885 -0.221890 0.675722 -0.133951 0.288917 0.191395 0.959353 -0.185140 0.955837 0.470508
M106 0.080148 -0.236332 0.427666 0.257217 0.351979 0.349344 -0.432022 -0.216456 0.577680 -0.467342 0.051643 0.388495 -1.206937 -0.027847 -0.199108 -0.271757
M260 -0.245294 -0.388734 0.002511 -0.420016 -0.264980 0.445834 0.006477 -0.451587 0.446887 -0.515373 -0.290144 0.197279 0.265745 0.236989 -0.146244 0.435670
M005 0.053750 -0.279410 0.078984 -0.081012 -0.257650 0.578727 -0.146601 -0.186870 -0.013349 -0.178114 -0.227067 0.154954 0.208761 0.216212 -0.063374 0.022939
M240 -0.439533 1.086475 -0.389939 -0.018614 -0.129404 0.222512 0.462695 -0.067857 0.498050 0.562776 -0.229221 -0.260618 1.122983 -0.049860 0.465862 0.273906
N39B@B 0.159736 0.023579 0.230722 -0.364541 0.617073 -1.358442 0.191704 -0.081451 -0.535166 0.287934 0.264591 0.148828 -0.792079 -0.711993 -0.327608 -0.538672
M149 -0.114562 -0.217179 0.098311 0.073160 -0.175150 0.563862 -0.101251 -0.139076 0.113556 -0.344246 -0.295123 0.177208 0.271114 0.346148 -0.049306 0.244314
M024 0.012219 0.078425 -0.661623 0.188594 0.053874 -0.530401 -0.316634 -0.786981 0.301471 0.420466 0.414792 -0.282864 0.617105 -0.137619 0.566764 -0.125354
M295 -0.046891 0.589507 -0.600682 -0.077139 0.256712 -0.228781 0.160599 0.050455 0.651231 -0.089696 0.158524 0.272808 0.169195 -0.332417 0.622094 0.586990
M317 0.223055 -0.189437 -0.168257 -0.042996 -0.299450 0.667552 -0.251705 -0.181509 0.041354 -0.169590 0.025377 -0.054204 0.632933 0.179206 0.409601 0.076678
N -0.210416 0.607692 -0.037730 0.743913 0.641097 -0.062386 -0.158697 -0.254915 0.265360 0.042998 -0.002788 0.378537 -0.453402 -0.225844 -0.216162 0.022434
M243 -0.033928 -0.191896 0.424686 0.305520 0.430777 0.355434 -0.240330 0.006398 0.379945 -0.316762 0.046060 0.221106 -1.163241 -0.087231 -0.057624 0.026829
M111 -0.072733 -0.094172 -0.082277 -0.015352 -0.273008 0.062617 -0.098368 -0.114030 -0.162254 -0.155686 -0.257726 0.125885 0.393822 0.138300 -0.243642 0.110947
M153 0.206539 -0.275817 0.086993 -0.101987 -0.263375 0.487378 -0.109174 0.093683 -0.305653 -0.208059 -0.073903 0.041054 0.236930 0.234992 -0.079727 0.093098
M365 0.064820 -0.046295 0.030282 0.054523 -0.268724 0.596679 -0.077217 0.016484 -0.102866 -0.069904 -0.270757 0.068815 0.322955 0.284251 0.059092 -0.071784
M264 -0.040910 -0.429992 0.207677 -0.426261 -0.208514 0.288126 0.061630 -0.014028 0.138812 -0.279709 -0.117832 0.021528 -0.163717 0.077953 -0.087695 0.123480
M304 -0.075531 -0.286040 0.028514 0.129467 -0.230214 0.455933 -0.138763 -0.035090 0.109330 -0.037144 -0.070758 0.022669 -0.169958 0.208818 0.163755 0.028228
M309 0.023011 -0.409448 0.016022 -0.199228 -0.295576 0.600780 -0.023178 -0.087379 0.011519 -0.216749 -0.235677 0.091963 0.194150 0.247546 0.080302 0.128950
M101 0.110691 0.389429 -0.196279 -0.036216 0.014026 0.133718 0.230734 0.067711 0.425606 -0.057503 -0.062573 -0.192271 0.531140 -0.271811 0.273134 0.106445
M146 -0.228572 0.419448 -0.703478 0.033390 -0.046647 -0.317264 -0.018506 -0.324105 0.367541 0.118203 0.139557 0.067504 0.796398 -0.204523 0.423564 0.342055
M292 -0.192175 0.015356 -0.184877 -0.153047 -0.280686 0.313650 -0.038619 -0.298816 0.161817 -0.354998 -0.244192 0.219567 0.818228 0.230005 0.002371 0.236037
M145 -0.148923 -0.408470 0.045668 0.003938 0.187169 -0.064387 -0.216966 -0.262682 0.475632 -0.301186 0.078053 0.039502 -0.596186 -0.134645 -0.223698 0.165475
M242 -0.322436 0.498338 -0.189336 0.357556 0.168837 -0.161120 0.400503 -0.637410 0.408093 0.167549 -0.375849 -0.050653 0.598207 0.026372 0.227017 0.419207
M320 -0.197132 -0.050869 -0.042787 -0.281590 -0.092778 0.111383 0.169761 0.018496 0.529896 -0.219293 -0.185582 0.027040 -0.004035 -0.027024 -0.112635 0.304221
M362 0.212730 -0.159574 0.261110 0.133828 -0.062059 0.690662 -0.107730 0.073027 -0.350229 -0.112848 -0.198184 0.090428 0.155324 0.318998 0.018247 -0.118142
M006 0.072813 -0.525885 0.211765 -0.236131 -0.315175 0.593186 0.099216 0.014951 -0.269081 -0.198618 -0.226999 -0.077306 0.285320 0.244522 -0.082215 0.131957
M318 -0.048533 -0.589916 -0.611217 -0.125231 -0.189628 -0.457285 -0.546766 -0.981992 0.278306 0.019571 0.666025 -0.370693 0.541581 -0.116935 0.265162 0.154168
M380 0.056392 0.045481 -0.405597 0.309164 0.108000 -0.478193 -0.314506 -0.539437 0.045973 0.215253 0.228663 -0.160929 0.464359 -0.080506 0.211649 -0.027254
M097 -0.332539 0.462629 -0.740914 -0.189698 0.026626 -0.312528 0.329515 0.037377 0.814224 0.117848 0.165466 0.193081 0.284156 -0.497437 0.607121 0.720004
M131 -0.293975 0.357695 -0.600948 -0.191430 0.019445 -0.226757 0.079407 -0.145808 0.562646 0.051302 0.026550 0.138117 0.432671 -0.223446 0.405327 0.315510
M002 0.359452 -0.357845 0.718159 0.337929 0.413348 -0.158831 -0.070775 0.312220 -0.300200 -0.259961 0.005857 0.081852 -1.330130 -0.002984 -0.683257 -0.482702
M338 -0.246936 0.200477 -0.707536 0.064071 -0.099754 -0.529156 -0.186410 -0.423797 0.701381 0.029655 0.129324 0.129991 0.369788 -0.347958 0.201397 0.127455
M223 0.224776 0.469260 -0.226879 0.238324 0.444934 0.159200 -0.106631 0.000729 0.297227 -0.248350 0.181285 0.286896 0.039372 -0.107056 0.574034 0.367759
M327 0.230166 -0.218274 0.193294 -0.185658 -0.030081 0.061048 0.047394 -0.011856 -0.149811 -0.086491 -0.009223 0.006479 -0.137384 -0.017443 -0.181653 -0.075069
N39C 0.243222 -0.304865 0.724687 0.622896 0.954053 -0.682100 -0.341865 0.160657 -0.078884 -0.320102 0.167870 0.236885 -1.941717 -0.307003 -0.785693 -0.221679
M254 -0.147063 0.138218 -0.428355 0.092451 -0.033440 -0.401586 0.006484 -0.183109 -0.136212 0.320099 -0.223023 -0.127022 0.400238 -0.089465 -0.107485 0.001366
M325 -0.049562 -0.176704 0.037204 0.009400 -0.013123 0.332388 -0.125520 -0.143182 0.199454 -0.244605 -0.187663 0.213142 -0.056013 0.117156 -0.105739 0.042044
M341 0.068375 0.032727 -0.099439 0.018443 -0.096051 0.165176 -0.173424 -0.075426 0.044948 -0.015880 0.070804 0.065700 0.135938 0.025703 0.199802 -0.116554
M348 0.137000 0.119959 0.174988 0.121541 -0.184892 0.740998 -0.068581 0.041990 -0.262732 -0.092902 -0.230584 0.168619 0.487244 0.284911 0.056100 -0.159528
M210 0.221252 -0.189612 0.327076 0.102630 -0.096944 0.604610 -0.115543 0.141016 -0.350005 -0.222064 -0.197870 -0.014493 -0.004809 0.310719 -0.186401 -0.167952
M384 0.212517 -0.284331 0.337155 0.000910 -0.257552 0.410077 -0.045368 -0.046769 -0.729509 -0.090243 -0.253627 -0.006131 0.456277 0.401997 -0.323376 -0.152111
N48 0.286906 0.248797 -0.034645 0.770072 -0.805807 0.354060 0.208102 1.084929 -1.213351 1.235819 0.386339 -0.803006 0.187037 0.495364 0.917693 -0.753762
M099 -0.265592 0.207282 -0.472889 0.248094 0.191045 -0.235603 -0.214885 -0.448904 0.495399 -0.022625 0.174424 0.123250 0.128286 -0.099394 0.242958 0.139248
M314 -0.288018 0.657161 -0.584328 0.336265 0.019412 -0.406914 0.109764 -0.357011 0.577784 0.207496 -0.067549 0.068393 0.405922 -0.180178 0.210800 0.159377
|M136+M365| 0.157404 -0.029562 0.089832 0.008911 -0.102148 0.058738 -0.068863 0.104576 -0.211052 0.097979 0.121646 -0.112496 0.046121 -0.011659 0.066213 -0.107057
M033 -0.016147 -0.236433 -0.553545 -0.236203 -0.154631 -0.679003 0.125706 -0.484494 -0.045372 0.375570 0.257533 -0.424565 0.654737 -0.109492 0.352047 0.104924
M081 -0.188805 -0.022231 0.164400 -0.229233 0.080081 -0.086798 -0.044432 0.134799 0.328857 -0.364582 -0.088864 0.071422 -0.382095 -0.006019 -0.576803 0.277885
M217 0.072429 -0.066415 -0.214006 -0.322049 -0.015722 -0.049942 0.009637 -0.067196 -0.158643 0.150293 0.165953 -0.182854 0.402780 0.225466 0.495271 -0.059635
M329 -0.169805 0.184695 -0.546132 -0.234406 -0.104084 -0.214581 0.025888 -0.203514 0.440788 -0.026622 0.122905 0.110629 0.406774 -0.222715 0.504180 0.259314
M128 -0.359385 0.525268 -0.092906 0.062733 -0.029861 -0.658442 0.526121 -0.354358 -0.017648 0.354931 -0.143808 -0.199591 0.428673 -0.095193 -0.018800 0.235902
M139 -0.346619 0.103747 -0.439313 0.028991 -0.068637 -0.850587 -0.089433 -0.206996 -0.126974 0.087099 -0.235872 0.171863 0.525405 -0.149507 -0.348275 0.137688
M075 0.241365 0.019563 0.568730 0.310849 0.274907 0.428446 -0.128815 0.155263 0.101426 -0.344120 0.068050 0.185248 -0.748183 0.053568 -0.212894 -0.181763
M301 -0.328438 0.498267 -0.166298 -0.196737 0.056324 -0.312794 0.167409 0.357632 0.458597 0.092680 -0.057017 -0.027300 0.078201 -0.243634 -0.185604 0.108227
M029 -0.146277 0.054237 -0.035669 -0.164018 -0.175232 0.028060 0.249228 0.106673 -0.170972 0.182465 -0.080339 -0.235531 0.298877 0.154876 0.090259 0.078265
M265 -0.135306 -0.440553 0.270435 -0.057591 0.106808 -0.000218 0.076037 -0.019440 0.102111 -0.118652 -0.142905 -0.004003 -0.613497 0.013393 -0.372686 0.064995
M332 -0.158326 0.350277 -0.604405 0.051298 0.092230 -0.368971 -0.184924 -0.191387 0.340450 -0.001345 0.315114 0.217110 0.442104 -0.270869 0.289338 0.181029
M041 0.040870 -0.358000 0.072809 -0.514385 -0.202094 -0.202371 0.233456 0.161895 -0.244005 0.148691 0.067207 -0.227521 0.004253 -0.026540 -0.056841 0.001071
M046 -0.064530 -0.434180 -0.042559 -0.478095 -0.195695 -0.066106 0.237814 -0.007444 0.189964 -0.095809 -0.087844 -0.110734 -0.094083 -0.047709 -0.049818 0.168385
M372 -0.179923 0.092409 -0.168310 0.117285 0.089663 -0.125828 0.040070 0.049132 0.268006 0.035632 -0.105414 -0.148629 -0.019916 -0.063619 -0.022290 0.135782
M175 0.200418 -0.049112 -0.075811 -0.216022 -0.118917 0.133743 0.034352 0.132744 -0.245253 0.075397 0.122344 -0.042138 0.147252 -0.014418 0.177249 -0.051001
|M327+M342| -0.040032 0.000799 -0.031098 -0.110242 0.089827 -0.596079 0.107720 0.106100 -0.371465 0.320242 0.068383 -0.177022 0.043486 -0.152176 -0.175447 -0.090027
M051 -0.032390 -0.275403 0.051240 -0.308601 -0.332206 0.085263 0.290169 0.127032 -0.303369 0.026291 -0.196293 -0.180751 0.290716 0.102179 -0.117736 0.114190
M266 -0.131332 -0.587636 0.305682 -0.379889 0.094426 -0.214067 0.048846 0.139655 0.064796 -0.139814 0.105624 -0.060152 -0.833475 -0.163546 -0.461892 0.033644
M281 -0.285335 0.511134 -0.233054 0.053678 0.122687 -0.318998 0.589774 -0.363771 0.483441 0.306970 -0.161281 -0.112247 0.223186 -0.165034 0.396132 0.272376
M296 0.006629 0.008670 0.234429 0.020885 0.237453 0.130720 -0.087049 -0.048178 0.270197 -0.196432 0.119295 0.157806 -0.556604 -0.152453 -0.176698 -0.096853
M390 -0.162221 0.459334 -0.587867 -0.118572 0.172920 -0.319363 0.160514 -0.213553 0.562265 -0.010464 0.080257 0.165353 0.306191 -0.306616 0.443899 0.478471
M391 -0.023255 -0.565259 0.076890 -0.520619 -0.324525 0.150835 0.139457 0.030698 0.026924 -0.140390 -0.131315 -0.124108 0.004140 0.010025 -0.162628 0.161960
|M195+M057| -0.128706 -0.057671 -0.152300 0.146961 -0.201880 -0.707894 -0.078853 0.168976 -0.477683 0.228228 -0.116485 -0.013479 0.141838 -0.119683 -0.342311 -0.123142
N01@B 0.113224 -0.006922 -0.285582 -0.700997 0.152559 -1.353942 0.211294 0.379435 -0.855532 0.458348 0.342737 -0.204766 -0.006552 -0.459712 -0.238619 -0.242323
N02 0.128779 -0.229436 0.265698 -0.046256 0.183339 -1.340399 -0.020495 0.397175 -1.420453 0.715959 0.083212 -0.483528 -0.104972 0.108610 -0.887455 -0.425326
M105 -0.108111 -0.391136 -0.038727 -0.207950 -0.166991 0.078584 0.190915 0.022741 0.031704 -0.006344 -0.188988 -0.130687 -0.003895 0.056405 -0.053791 0.173352
M147 -0.203387 -0.102647 -0.172823 -0.030828 -0.252812 -0.908475 0.010739 0.215470 -0.513164 0.182910 -0.118341 0.008216 0.115188 -0.209212 -0.459690 -0.129357
M247 0.095371 -0.020980 -0.113125 0.032337 0.134217 -0.057362 -0.054787 -0.151540 -0.220573 0.051742 0.051276 -0.090288 0.258805 0.140858 0.151370 0.003492
|M351+N14| -0.061092 -0.018868 -0.111213 -0.006760 -0.127801 0.221501 -0.042230 -0.047133 0.068515 0.037885 -0.053538 0.066240 0.093409 0.022445 0.192889 0.051187
M122 0.275901 -0.235463 0.364585 -0.081452 -0.220794 0.463590 0.108429 0.071387 -0.844566 -0.070205 -0.241223 -0.070495 0.674035 0.407045 -0.308139 -0.015891
M246 0.060158 0.081798 0.099323 -0.125323 0.002400 0.188174 0.118153 0.253959 0.226051 -0.215167 -0.033128 0.051311 -0.082601 -0.106508 -0.025552 0.120510
|M218+M288| 0.144190 0.626502 0.031150 0.480077 0.055343 0.374323 -0.042414 0.334399 -0.013571 0.140404 0.095979 -0.011376 0.080283 0.084952 0.335281 -0.155544
|M296+M296| -0.458019 0.357611 -0.425270 -0.295737 0.003019 -0.513600 0.203638 0.156232 0.265255 0.242476 -0.109442 -0.080257 0.359725 -0.220859 -0.044727 0.348346
M195 0.127513 0.357048 0.180503 0.380607 -0.122594 0.193586 -0.107101 0.208981 -0.623659 0.177666 -0.010275 -0.021700 0.253190 0.293709 -0.009127 -0.377978
M321 -0.092028 -0.335900 0.005620 -0.198659 -0.118296 0.250040 0.002049 -0.146008 0.304235 -0.213687 -0.136122 0.147145 -0.189213 0.004869 -0.034690 0.051932
M340 -0.141985 -0.472917 -0.113363 -0.294630 -0.153549 -0.026622 -0.058937 -0.297932 -0.302817 -0.078032 -0.164412 0.001435 0.549969 0.363584 -0.299041 0.146680
M374 0.237745 -0.611140 0.140784 -0.728821 -0.531351 0.139782 0.479126 0.450868 -0.757134 0.274970 -0.064057 -0.433607 0.310347 0.116961 -0.048560 0.057244
M383 0.072648 -0.393530 0.162815 -0.237857 -0.243169 0.273032 0.065242 0.128164 -0.193458 -0.011443 -0.045050 -0.146675 0.026906 0.160079 -0.083470 0.035797
M103 -0.196995 0.208797 -0.369549 0.231678 0.067280 -0.456347 -0.105881 -0.068765 0.090323 0.248067 -0.005761 -0.000434 0.099360 -0.144064 0.048578 0.002817
M110 -0.280979 0.019237 -0.455149 -0.071102 0.229615 -0.832301 0.090504 -0.442158 0.314667 0.106952 0.057294 -0.152760 0.331434 -0.186610 0.040324 0.325108
M112 0.135022 -0.214647 0.558854 0.271392 0.240147 0.155397 -0.154530 0.151925 -0.036544 -0.186646 0.054534 0.123961 -0.941966 -0.017907 -0.293385 -0.233405
M250 -0.195355 0.418873 -0.584078 -0.188473 0.249191 -0.479555 -0.033518 -0.060619 0.577923 -0.132746 0.279254 0.262978 0.143974 -0.331217 0.243312 0.332461
M228 0.157680 -0.210117 0.156348 -0.072860 -0.196902 0.118688 0.029737 0.142248 -0.500870 0.112655 -0.120516 -0.145710 0.137358 0.176636 -0.062542 -0.109492
M230 -0.163582 0.476118 -0.195935 0.115003 0.101609 -0.223426 0.261138 -0.136677 0.178729 0.287778 -0.194676 -0.149317 0.294874 -0.096843 0.089827 0.057125
M207 0.245835 -0.208628 0.316624 -0.083139 -0.093673 0.428733 -0.049847 0.220709 -0.370291 -0.121379 -0.103237 0.013970 -0.011116 0.175893 -0.131535 -0.114496
M251 -0.085076 -0.095328 -0.355306 -0.194808 -0.140460 -0.442111 -0.025874 -0.130835 0.116707 0.090935 0.112247 -0.186980 0.297113 -0.164711 0.019960 0.188908
M417 -0.065625 -0.296258 0.036670 -0.181519 -0.102413 0.092262 0.031198 -0.014480 0.081764 -0.065304 -0.068605 -0.019949 -0.233851 -0.018786 -0.019881 0.025989
|M131+M388| -0.311525 0.260326 -0.500366 -0.297287 0.041208 -0.556366 0.371926 0.023856 0.567886 0.089753 0.138469 0.050022 0.262763 -0.462881 0.255880 0.373008
M248 -0.181320 0.233270 -0.206846 0.110688 0.187176 -0.480553 -0.159795 -0.142452 0.308229 -0.077199 0.058719 0.107470 -0.203013 -0.184370 -0.216485 -0.074848
N24@B 0.038374 -0.069647 0.209420 -0.235410 0.512349 -1.203414 0.253166 0.147110 -0.234856 0.371426 0.231531 -0.153732 -0.811375 -0.593075 -0.433783 -0.143084
|M305+M342| -0.017552 -0.136383 -0.144041 -0.199499 -0.060602 -0.419317 0.089120 0.079644 -0.239154 0.281434 0.046931 -0.194959 0.061537 -0.150974 -0.006011 -0.077144
M039 0.166498 -0.200388 0.366462 -0.066353 -0.081102 0.056057 0.087424 0.264312 -0.438000 0.089112 0.054580 -0.134532 -0.140836 0.088158 -0.136506 -0.191744
M125 -0.105791 -0.212557 0.014577 -0.043829 0.036319 -0.438847 -0.004635 -0.004582 -0.052004 0.101270 0.099598 -0.069770 -0.344283 -0.164773 -0.218892 0.040113
M302 0.156287 -0.242503 0.284327 -0.060411 -0.040802 0.259935 -0.052754 0.069999 -0.198907 -0.158707 -0.017995 -0.063238 -0.058152 0.080909 -0.142230 -0.002063
M379 0.159797 -0.009509 0.329115 0.489310 0.532874 -0.539137 -0.171616 0.207442 0.043692 0.018797 0.246583 0.069325 -1.252381 -0.222657 -0.505903 -0.479846
|M305+X| 0.212849 -0.267108 0.353399 0.014717 0.015510 -0.028515 -0.038354 0.088178 -0.448820 -0.007547 0.001012 -0.081710 -0.104642 0.216148 -0.355246 -0.134825
M069 -0.189200 0.222381 -0.002358 -0.095283 0.114497 -0.306428 -0.013383 -0.168410 0.276013 -0.264818 -0.081609 0.106593 0.093526 -0.016966 -0.254626 0.233783
M319 0.055809 0.081472 0.022410 0.023101 0.192857 -0.308912 0.044228 0.108552 -0.206538 0.064168 0.045904 0.025796 -0.099451 -0.108127 -0.149738 -0.025801
M323 -0.141519 -0.104891 -0.066369 -0.006367 -0.131971 -0.376524 0.143721 0.143206 -0.240085 0.264030 0.015673 -0.195460 -0.023396 -0.051803 -0.161388 -0.050175
|M106+M288| -0.091435 0.443771 -0.329596 -0.035732 0.134742 -0.324214 0.062875 0.008085 0.479112 -0.012556 0.113124 0.116293 0.055261 -0.376870 0.041335 -0.009277
M049 -0.308032 0.273113 -0.239746 -0.065448 0.150108 -0.860324 0.175015 -0.005623 0.023323 0.215489 -0.018903 -0.176218 0.186168 -0.207422 -0.219200 0.179250
M050 0.185550 0.056692 0.261589 0.274629 0.614920 -1.172164 0.084811 0.403981 -0.304902 0.342227 0.326503 -0.158516 -1.113016 -0.376956 -0.611784 -0.596010
M073 -0.038110 -0.234275 -0.208270 -0.329186 -0.085953 -0.318650 0.158629 -0.062777 -0.092621 0.089147 0.028473 -0.156604 0.146473 -0.135813 -0.046710 0.047616
M220 0.068434 0.113145 -0.162647 -0.049858 0.037425 -0.162724 0.077729 0.157496 0.048139 0.091130 0.153668 0.004888 -0.156074 -0.191738 0.221845 0.080292
M261 -0.315640 -0.021694 -0.072694 -0.384895 0.093239 -0.343616 0.189206 -0.139578 0.431726 -0.261569 -0.073567 0.045198 -0.072857 -0.112037 -0.338473 0.322027
M418 -0.022811 -0.343368 0.081883 -0.352942 -0.134528 0.111083 0.083886 0.023471 0.089139 -0.183115 -0.081438 -0.015451 -0.076697 0.040562 -0.070473 0.077544
|M153+M342| 0.030385 -0.046246 0.110563 -0.149376 0.088977 -0.513919 0.192822 0.249928 -0.409411 0.254187 0.043797 -0.270839 -0.053508 -0.147484 -0.233222 -0.123828
M080 -0.162173 -0.052581 -0.135169 -0.424247 -0.040435 -0.578199 0.320297 0.262595 0.029378 0.140111 -0.075196 -0.239185 0.135259 -0.166298 -0.264064 0.232384
M205 -0.062720 -0.260124 0.047755 -0.367569 -0.041821 -0.341384 0.219628 0.077099 -0.019761 -0.026941 0.049682 -0.167615 -0.207974 -0.135400 -0.182347 0.134063
M278 -0.018371 -0.468063 0.041065 -0.401276 -0.246315 -0.075406 0.235249 0.027842 -0.179576 -0.020526 -0.113090 -0.159957 0.001996 -0.007790 -0.151328 0.190580
M286 0.020458 -0.090243 0.034657 -0.132388 -0.025412 -0.195540 0.115785 0.083229 -0.146085 0.138405 0.047833 -0.113177 -0.029573 -0.043365 -0.123816 -0.011951
N39B@C -0.078676 -0.270093 0.080876 -0.193034 0.118725 -0.811723 0.311712 0.474077 -0.714403 0.276960 0.107733 -0.270944 -0.265231 -0.196497 -0.168706 -0.071908
|M036+N14| 0.187539 -0.367617 0.428862 -0.257550 -0.195531 0.116185 0.174777 0.282167 -0.568249 0.035510 -0.099598 -0.168882 -0.094585 0.090950 -0.211024 -0.174117
|M327+X| 0.152154 -0.002701 0.141876 -0.109000 0.063979 -0.617107 0.168401 0.302604 -0.600504 0.301738 0.083800 -0.252648 -0.049982 -0.121984 -0.264120 -0.169129
M109 -0.099241 0.099215 -0.212390 -0.425030 -0.024993 -0.641302 0.415429 0.034094 0.193477 0.130841 0.021826 -0.161776 0.140681 -0.341275 -0.033511 0.186949
M291 0.038852 0.105470 -0.069463 0.062161 -0.018285 -0.211084 0.018546 -0.007811 -0.237390 0.044450 0.019586 -0.038663 0.361226 0.015443 -0.083144 0.060356
M316 -0.026155 -0.069225 0.015297 -0.085236 -0.002223 -0.292419 0.108362 0.069669 -0.082810 0.128479 0.010273 -0.092607 -0.073060 -0.087790 -0.081125 -0.035957
|M136+X| 0.283375 0.086259 0.221122 0.154736 -0.052204 0.133640 0.023526 0.232451 -0.646224 0.172480 -0.040830 -0.155418 0.242932 0.134703 0.029759 -0.217704
M044 0.062402 -0.124206 0.192315 0.034546 0.114623 -0.217622 -0.044731 0.249982 -0.083406 0.081581 0.161791 -0.071189 -0.627922 -0.131593 -0.194666 -0.263653
M158 -0.071811 -0.091949 -0.082317 -0.190861 0.073362 -0.348605 0.115464 0.010455 -0.037953 0.083836 0.126653 -0.083842 -0.099754 -0.146351 -0.058214 0.065975
M209 -0.133225 0.115670 -0.133736 0.147484 0.169734 -0.290692 0.046274 0.101754 0.080891 0.266212 0.042436 -0.122978 -0.109238 -0.106157 0.090558 0.093002
M328 0.023398 0.020769 -0.084930 -0.081822 -0.038547 -0.391809 0.090825 0.030000 -0.315654 0.241459 -0.008631 -0.127688 0.220008 -0.077594 -0.145870 -0.005633
M369 0.217051 -0.340032 0.283149 -0.292486 -0.228226 0.166662 0.151520 0.210836 -0.459285 0.000998 -0.073281 -0.133644 0.021521 0.132300 -0.199059 -0.062156
|M370M072| -0.079437 -0.337553 0.015254 -0.423712 -0.131653 -0.152530 0.218956 0.072489 0.068901 -0.055665 -0.087604 -0.181134 -0.123946 -0.077039 -0.154513 0.215888
M193 0.037937 -0.398036 0.137379 -0.292705 -0.160812 -0.039757 0.147156 0.166840 -0.249149 0.025805 -0.109719 -0.185353 -0.087799 0.072914 -0.197469 0.048938
M221 0.016633 0.089494 0.306490 0.126272 0.274320 -0.196352 -0.015250 0.123967 -0.024962 0.018904 0.039150 0.033735 -0.558750 -0.130499 -0.255237 -0.109106
M252 0.249260 -0.183522 0.297074 -0.156188 -0.130388 0.102965 0.189761 0.184833 -0.525777 -0.009482 -0.080691 -0.133094 0.193572 0.101107 -0.178270 -0.078231
M285 -0.067352 0.124601 -0.266917 -0.066858 -0.133841 -0.102299 0.017386 0.033496 0.087051 0.102616 0.007716 -0.009794 0.267418 -0.041522 0.174906 0.036958
M315 -0.063410 0.316836 -0.155297 0.004076 0.166515 -0.618533 0.080446 0.044180 0.083528 0.124767 0.013886 -0.066832 0.088134 -0.199646 -0.213677 0.032322
N8B 0.007706 -0.515356 0.137860 -0.529223 -0.189711 0.005390 0.269324 0.106116 -0.091562 -0.076124 -0.152462 -0.187456 -0.103709 -0.037495 -0.185279 0.116137
|M195+M038| 0.212240 0.127122 0.217318 0.113589 0.041873 -0.366014 0.148625 0.404056 -0.646974 0.372834 0.136138 -0.308335 -0.140511 -0.065253 -0.153046 -0.297192
|M260| 0.095229 -0.342189 0.150622 -0.363161 -0.206820 0.145257 0.226145 0.098988 -0.214089 -0.065845 -0.075307 -0.120944 0.169583 0.040857 0.005726 0.098156
M293 0.254704 -0.059442 0.353804 0.282518 0.041969 0.110224 -0.101166 0.185803 -0.444780 0.046436 0.008428 -0.081831 -0.215383 0.088436 -0.173796 -0.209700
M381 -0.050287 -0.172761 0.033158 -0.275240 -0.052836 -0.393554 0.210216 0.121832 -0.063922 0.079626 0.004818 -0.187673 -0.066289 -0.099677 -0.263517 0.092949
N08 0.074157 -0.484778 0.196660 -0.462181 -0.181152 0.096882 0.256254 0.218986 -0.123934 0.058214 -0.130705 -0.194507 -0.288668 -0.023115 -0.140111 -0.035197
|M370M388| 0.041280 -0.063671 0.027173 -0.079725 0.035299 -0.127889 0.102874 0.048240 -0.113225 0.061233 0.057982 -0.059692 -0.027481 -0.005336 -0.068471 0.047138
|M377+M320+M377| 0.043613 0.197939 -0.093788 0.018011 0.142397 -0.610963 0.131334 0.138141 -0.296777 0.314489 0.125935 -0.164447 -0.027916 -0.236296 -0.130342 -0.179113
M180 0.000924 0.197612 -0.126850 -0.149852 0.029911 -0.572950 0.072857 0.072827 -0.093569 0.218541 0.145580 -0.141157 0.176866 -0.158166 -0.138901 -0.026439
M277 0.003738 -0.488294 0.052805 -0.507570 -0.177011 -0.292617 0.265067 0.113915 -0.113195 0.052396 -0.085975 -0.219263 -0.071863 -0.072889 -0.215311 0.185779
M324 0.124663 0.160846 0.064748 0.122059 0.063628 -0.074894 -0.005747 0.144762 -0.207731 0.108478 0.106338 0.006817 -0.193315 -0.051074 -0.022396 -0.235978
N34@B -0.458718 0.154706 -0.492665 -0.056219 0.004779 -0.957588 0.403907 -0.127812 0.267025 0.479416 -0.053746 -0.231134 -0.137099 -0.365233 -0.131301 -0.003169
N51G 0.466886 -0.795004 0.469191 0.118981 -0.108193 0.507967 -0.230328 0.506087 -1.416802 0.225243 -0.147721 -0.041948 -0.227612 0.378998 -0.288634 -0.282065
|M036+N30C| 0.168737 0.077536 0.222086 0.212671 0.236643 -0.198152 -0.046817 0.133092 -0.110875 -0.045280 0.077659 0.024918 -0.399020 -0.032022 -0.300724 -0.126247
M053 0.113111 -0.303988 0.166599 -0.287672 -0.097904 0.108921 0.099936 0.114972 -0.135172 -0.118184 -0.030447 -0.111252 -0.111267 0.013761 -0.141669 -0.022224
M134 0.017456 -0.325156 0.140229 -0.246501 -0.020250 -0.213096 0.219982 0.244082 -0.209037 0.074247 -0.015623 -0.195162 -0.257925 -0.082162 -0.212482 0.001465
M144 -0.001720 -0.144636 -0.094761 -0.131421 0.028705 -0.414022 0.037112 0.060237 -0.089969 0.169781 0.121425 -0.087830 -0.116007 -0.116447 -0.136811 -0.084776
M222 0.040646 0.255052 -0.233686 -0.047554 0.049457 -0.343251 0.125335 0.190475 -0.155631 0.197048 0.084076 -0.072012 0.255708 -0.175826 0.134174 0.186832
M249 0.063127 0.166648 -0.042019 0.062368 0.022074 -0.477260 -0.006979 0.166912 -0.319441 0.291911 0.227121 -0.155101 -0.028202 -0.142851 -0.030771 -0.260577
M311 0.076188 -0.079814 0.322594 0.140320 0.356602 -0.594441 0.017666 0.232720 -0.150826 0.186945 0.172029 -0.099665 -0.919168 -0.262745 -0.369033 -0.344575
M361 0.069661 -0.168181 0.025557 -0.307737 -0.079539 -0.588018 0.246387 0.194558 -0.432719 0.316999 0.075176 -0.310326 0.048560 -0.139831 -0.149125 -0.136504
N30D@B 0.055825 0.113642 -0.037903 0.120483 0.205486 -0.820996 0.102442 0.213771 -0.328685 0.435177 0.210990 -0.194102 -0.238897 -0.261762 -0.200536 -0.180245
|M217+M388| -0.084608 -0.232008 0.015212 -0.417377 -0.107140 -0.080437 0.241071 0.116908 0.107601 -0.059206 -0.102214 -0.081729 -0.059515 -0.115537 -0.128938 0.217824
|M218+M320| 0.056529 0.103132 -0.224772 0.180564 0.192645 -0.799154 -0.049854 0.108465 -0.275152 0.395057 0.311268 -0.293616 -0.042080 -0.235847 0.077080 -0.139452
M006@G -0.092150 -0.315427 0.038914 -0.388995 -0.083193 -0.212259 0.267028 0.115730 -0.016560 0.028903 -0.028693 -0.131228 -0.087679 -0.134501 -0.113774 0.164933
M035 -0.063819 0.304902 -0.200275 -0.198090 0.052158 -0.591406 0.320262 0.211178 0.032653 0.236476 0.027683 -0.212850 0.205265 -0.223546 -0.069703 0.043597
M061 0.060707 -0.192118 0.094050 -0.157169 -0.030108 -0.094546 0.178888 0.105712 -0.211332 0.026837 -0.019720 -0.137271 -0.037888 0.020784 -0.145873 -0.010500
M151 0.061333 -0.246406 0.030609 -0.204490 -0.006234 -0.503055 0.179635 0.131013 -0.357294 0.213405 0.042314 -0.261417 -0.064977 -0.138338 -0.201071 -0.027066
M152 0.042965 -0.334664 0.109710 -0.261544 -0.079830 -0.080343 0.222876 0.143964 -0.166177 0.022098 -0.040983 -0.176757 -0.158965 -0.016981 -0.128599 0.077549
M310 -0.020573 -0.277381 0.034818 -0.350765 -0.037899 -0.401653 0.188265 0.136519 -0.139196 0.082372 0.083896 -0.162160 -0.110296 -0.133070 -0.230001 0.095863
M312 -0.021822 -0.024395 0.079799 -0.043076 0.022220 -0.114106 0.069470 0.089809 -0.103993 0.044163 0.000656 -0.064332 -0.073699 -0.095417 -0.145266 -0.011242
M382 -0.031937 -0.353115 -0.051864 -0.533832 -0.191328 -0.348500 0.310797 0.103459 -0.104032 0.048578 -0.038300 -0.230153 0.074622 -0.096331 -0.123563 0.152448
N(N01) 0.249796 -0.090073 0.312211 0.057118 -0.000726 0.040632 0.074136 0.299132 -0.510668 0.131445 0.002120 -0.077593 -0.214528 0.034924 -0.157939 -0.199714
N46 0.157977 0.203816 -0.044847 -0.117127 -0.183406 -0.744256 0.560345 0.626926 -1.116425 0.686018 0.205444 -0.596021 0.411447 -0.131335 0.053567 -0.477492
|M175+M288| 0.069537 -0.121101 0.008435 -0.233337 0.043876 -0.637354 0.195438 0.330522 -0.426686 0.343025 0.093412 -0.238316 -0.252665 -0.183349 -0.210509 -0.103458
|M370+M072+M370| -0.078849 -0.133389 -0.088941 -0.215028 -0.001352 -0.395547 0.206747 0.082757 -0.047552 0.122230 0.074356 -0.105620 -0.070905 -0.103509 -0.082714 0.052989
M058 -0.242341 0.378559 -0.264981 -0.410496 0.063068 -0.638144 0.343426 0.510255 -0.352251 0.448107 0.196552 -0.204537 0.300401 -0.214276 -0.178072 -0.002830
M123 0.088523 -0.122891 0.188686 0.027485 -0.127989 -0.120699 0.109679 0.437422 -0.473805 0.369207 0.131506 -0.264357 -0.184284 0.034078 -0.020377 -0.245696
M375 0.071278 -0.369878 0.126918 -0.333775 -0.129639 -0.040563 0.218929 0.163770 -0.242889 0.028798 -0.107351 -0.144004 -0.198484 -0.055513 -0.097716 0.028325
|M036+N24| 0.101748 -0.396964 0.209941 -0.302146 -0.157090 -0.040962 0.225065 0.210806 -0.227475 -0.003903 -0.062056 -0.204396 -0.176602 -0.004965 -0.200138 0.042823
|M106M288| 0.087210 0.075043 -0.054241 -0.039293 0.183385 -0.882901 0.044138 0.259958 -0.506575 0.442434 0.192954 -0.251645 -0.120897 -0.215576 -0.215175 -0.296503
|M305+M136| -0.000878 -0.073767 -0.078728 -0.252382 0.015532 -0.675887 0.254635 0.194679 -0.373281 0.287629 0.131645 -0.208696 0.063519 -0.190685 -0.161345 -0.034412
|M327+M059| 0.013342 0.084889 0.042548 0.025070 0.175215 -0.541527 0.027744 0.176581 -0.245141 0.223683 0.151312 -0.138318 -0.214949 -0.180284 -0.185381 -0.152527
M026 0.010722 -0.221309 -0.040141 -0.335560 -0.107047 -0.193652 0.167555 0.101943 -0.167830 0.093821 0.022366 -0.203542 0.038085 -0.141091 -0.044531 0.035345
M064 0.085622 -0.122443 -0.015947 -0.218624 -0.056774 -0.332193 0.137515 0.177696 -0.282746 0.222500 0.022705 -0.191330 0.057853 -0.052416 -0.140186 -0.082340
M115 -0.113642 0.072939 -0.192760 -0.253056 0.049451 -0.941505 0.326264 0.119820 -0.305157 0.475922 0.081524 -0.298664 0.110296 -0.286995 -0.085415 0.039071
M214 -0.008292 0.129075 -0.214122 -0.104586 0.061843 -0.847254 0.195421 0.123745 -0.291086 0.382895 0.176494 -0.215244 -0.025752 -0.263157 -0.049710 -0.098272
M226 -0.067093 0.200305 -0.356544 -0.019908 0.139939 -0.634243 0.074820 -0.059838 -0.125447 0.303904 0.076122 -0.050099 0.213571 -0.252071 0.000218 0.029283
M298 -0.001778 -0.184313 -0.028017 -0.228197 -0.011854 -0.318423 0.152022 0.057337 -0.053899 0.091860 0.080339 -0.103759 -0.141985 -0.147783 -0.111451 0.003255
M461 -0.131709 0.152417 -0.174325 -0.338351 -0.077914 -0.575551 0.386334 0.364325 -0.082229 0.218595 -0.021271 -0.201290 0.251414 -0.276703 -0.256015 0.107946
|M175+M136| 0.054649 -0.063274 0.097675 -0.236915 0.024702 -0.733410 0.248513 0.283887 -0.625886 0.453660 0.158072 -0.322736 -0.107990 -0.186554 -0.364019 -0.131326
|M288+N01| -0.036575 0.004816 0.206054 -0.084545 -0.067444 0.030717 0.288094 0.046666 -0.079805 -0.000648 -0.201615 -0.161280 0.129487 0.048583 -0.116627 0.084574
|M370+M388+M370| 0.062094 -0.206302 0.083029 -0.166182 -0.035161 -0.157337 0.135613 0.148690 -0.166363 0.042727 0.033900 -0.130953 -0.078523 -0.093299 -0.065642 -0.005495
M047 -0.096544 0.068110 -0.228286 -0.223212 0.003866 -0.776288 0.296948 0.120728 -0.280493 0.338821 0.111254 -0.295617 0.244290 -0.233587 -0.067605 -0.000292
M143 -0.061248 -0.152163 -0.004204 -0.217497 -0.003431 -0.429285 0.221163 0.143807 -0.209136 0.187229 0.095141 -0.193447 -0.143677 -0.189704 -0.181452 0.006456
M208 0.067973 -0.112308 0.006521 -0.309204 -0.091084 -0.334824 0.218754 0.187524 -0.339884 0.219979 0.051397 -0.262519 0.142302 -0.063252 -0.078825 0.031083
N51@B -0.025520 0.130213 0.034241 0.057064 -0.094904 -0.089093 -0.044780 -0.015510 -0.084184 0.061183 -0.070567 0.071838 0.050511 0.051078 0.013494 -0.118638
|M157M131| 0.114006 0.054051 0.041582 -0.089547 0.111242 -0.722460 0.187847 0.234844 -0.401399 0.363026 0.165759 -0.254426 -0.148170 -0.226039 -0.220811 -0.199873
|M370+M046+M370| 0.025100 -0.093132 0.018928 -0.119789 0.025924 -0.322239 0.160513 0.169248 -0.244882 0.109361 0.059511 -0.156768 -0.016909 -0.050312 -0.142842 -0.042735
|M377+M377| -0.057764 0.136097 -0.187314 0.065624 0.183621 -0.621653 0.046708 0.035020 -0.129210 0.310353 0.228571 -0.119527 -0.169773 -0.228092 -0.066958 -0.165866
M037 0.014356 -0.004050 -0.000113 -0.164383 -0.007422 -0.656335 0.130862 0.228835 -0.424009 0.368345 0.107028 -0.309049 0.020363 -0.123264 -0.175083 -0.112500
M176 0.077260 0.049797 0.045203 -0.145688 0.103290 -0.669882 0.242380 0.238962 -0.353023 0.319420 0.096853 -0.257402 -0.097252 -0.199997 -0.175637 -0.121249
M290 0.007366 -0.259461 0.058681 -0.296776 -0.032908 -0.348165 0.213551 0.167365 -0.204965 0.102930 0.022440 -0.222426 -0.076563 -0.110071 -0.194261 0.015640
M356 0.087148 -0.033979 0.238777 0.004426 0.148439 -0.358124 0.125773 0.248096 -0.467002 0.243201 0.086185 -0.215920 -0.260134 -0.139088 -0.277404 -0.218402
M393 0.050133 -0.096344 -0.035228 -0.155668 0.070805 -0.573123 0.178335 0.182131 -0.440063 0.299379 0.067394 -0.196866 -0.035300 -0.144592 -0.313604 -0.055723
N39A 0.088667 -0.092312 0.205648 -0.287951 -0.072722 -1.005570 0.432153 0.389261 -0.786255 0.550621 0.200427 -0.425196 -0.154781 -0.308033 -0.406617 -0.255455
|M153+X| 0.069106 -0.008244 0.075864 -0.085752 0.075393 -0.282891 0.144285 0.208263 -0.296380 0.186931 0.063633 -0.143161 -0.162424 -0.118943 -0.126101 -0.059639
|M218+M101| -0.076890 -0.187089 -0.277400 -0.332978 -0.056362 -0.520246 0.211682 0.066934 -0.001014 0.135883 0.206663 -0.159202 0.056840 -0.284222 -0.012203 0.278621
M052 0.069192 -0.055326 0.093983 -0.113092 0.023872 -0.425863 0.143211 0.112602 -0.260201 0.145006 0.071037 -0.137457 -0.093410 -0.148781 -0.192020 -0.078599
M075M 0.124215 0.106849 0.300592 0.161117 0.383661 -0.597236 0.050752 0.302988 -0.339050 0.203097 0.255710 -0.133832 -0.652602 -0.256620 -0.313302 -0.273687
M076 0.177638 0.021412 0.095775 -0.106986 -0.036892 -0.430793 0.193301 0.330864 -0.603800 0.317747 0.108112 -0.199396 0.151694 -0.087722 -0.180477 -0.161429
M188 0.055980 -0.041115 0.017239 -0.125896 0.026654 -0.479578 0.223853 0.268365 -0.398402 0.231106 0.036940 -0.200099 -0.064726 -0.144324 -0.161743 -0.042047
M224 -0.023746 -0.054308 -0.092951 -0.187865 0.043193 -0.455477 0.192122 0.148787 -0.134406 0.219890 0.085000 -0.219077 -0.077229 -0.239491 -0.084098 -0.027530
M268 0.073546 -0.207163 0.109384 -0.189341 -0.047320 -0.131206 0.165927 0.155964 -0.140739 0.047724 -0.008347 -0.174486 -0.046315 -0.051026 -0.074238 0.108591
M270 0.031518 -0.266711 0.016512 -0.366473 -0.023196 -0.606701 0.197983 0.194347 -0.251721 0.161181 0.069403 -0.232480 -0.158433 -0.207649 -0.267985 0.076097
M294 0.097605 -0.008217 0.059681 0.029033 0.199545 -0.522084 0.128175 0.219371 -0.210551 0.248536 0.161522 -0.159113 -0.282606 -0.130488 -0.195209 -0.226430
M342 0.018885 0.039834 -0.229731 -0.248493 0.025879 -0.805052 0.184517 0.247600 -0.440314 0.465171 0.195011 -0.240769 0.161123 -0.264677 -0.087483 -0.112776
N1B 0.002752 0.033596 -0.010886 0.068376 0.023545 -0.099020 0.017472 0.027221 0.147139 0.118513 -0.145256 0.142764 0.026647 -0.014103 0.047351 -0.003157
|M036+N39C| -0.091279 0.002191 -0.020194 0.095166 0.111970 -0.294419 -0.033289 -0.018885 0.131090 0.025518 0.074720 0.001564 -0.345478 -0.139805 -0.098628 0.014834
|M175+M175| 0.032423 -0.131824 -0.053891 -0.197480 -0.051590 -0.428254 0.226068 0.190306 -0.300321 0.231702 0.022636 -0.224685 0.089254 -0.153528 -0.208986 -0.001475
|M218M288| 0.024637 0.079672 -0.050124 -0.186049 0.031406 -0.682416 0.230163 0.219873 -0.360062 0.293372 0.123138 -0.208623 -0.024818 -0.235863 -0.171653 -0.065207
|M362+X| 0.097117 -0.031413 0.101035 -0.054689 0.038195 -0.544383 0.210020 0.234131 -0.511441 0.322545 0.115592 -0.205600 -0.071626 -0.104328 -0.172893 -0.108954
M007 0.129066 0.008701 0.026842 0.022923 0.007825 -0.259662 0.130172 0.218609 -0.297595 0.318147 0.148582 -0.214335 -0.104486 -0.065966 0.012174 -0.161663
M014 0.044301 0.084231 0.122860 0.098815 0.272629 -0.588949 -0.029800 0.167628 -0.298079 0.246438 0.178863 -0.104463 -0.404981 -0.215550 -0.210832 -0.247184
M016 0.061060 -0.028011 0.099437 -0.109197 0.015595 -0.428278 0.168203 0.249389 -0.335902 0.148968 0.072287 -0.159992 -0.051997 -0.081128 -0.175870 -0.068021
M126 0.029303 -0.067510 0.000379 -0.160169 0.072163 -0.582734 0.216060 0.232851 -0.396007 0.253043 0.090141 -0.255872 -0.026697 -0.172073 -0.203837 -0.044174
M141 0.078805 -0.106872 0.038542 -0.286849 -0.032238 -0.750080 0.277540 0.333198 -0.541835 0.332535 0.123250 -0.358325 -0.003209 -0.195500 -0.334613 -0.100240
M150 0.021410 -0.031925 0.227644 0.019614 0.171879 -0.252460 0.039365 0.150081 -0.132334 0.022495 0.007935 -0.057794 -0.336983 -0.065585 -0.314577 -0.073619
M207M 0.079936 0.042903 0.084850 -0.022189 0.212777 -0.709791 0.166871 0.186607 -0.255249 0.260138 0.099208 -0.175395 -0.283556 -0.223330 -0.284179 -0.175993
M244 0.153421 -0.093890 0.172723 -0.162620 0.055270 -0.558493 0.265721 0.285381 -0.567950 0.279234 0.104014 -0.268227 -0.059563 -0.148091 -0.260488 -0.121060
M271 0.045170 -0.079645 0.056561 -0.159793 -0.028012 -0.385923 0.144346 0.156172 -0.272315 0.202590 0.007562 -0.172903 -0.056760 -0.142728 -0.200856 -0.075263
M351 0.094738 0.029291 0.076677 -0.071997 0.077004 -0.528703 0.182135 0.291483 -0.497711 0.299178 0.117424 -0.185630 -0.064669 -0.139924 -0.196285 -0.139082
M359 0.185593 -0.098454 0.164093 -0.092711 0.017337 -0.348836 0.175663 0.228951 -0.507583 0.192140 0.099010 -0.178310 -0.037132 -0.071351 -0.229269 -0.119297
M362+X 0.277007 0.018910 0.180967 0.022466 0.041247 -0.353964 0.073041 0.309185 -0.700913 0.253234 0.067526 -0.203526 0.049345 -0.007847 -0.240762 -0.250372
M385 -0.008838 0.010926 -0.051879 -0.134645 0.073442 -0.313788 0.058156 0.023392 -0.078338 0.078360 0.032378 -0.053566 -0.035242 -0.121033 -0.092267 0.011482
N8A 0.091969 0.258335 -0.137560 -0.008862 0.270630 -1.212922 0.160307 0.303611 -0.671890 0.494082 0.226000 -0.260617 -0.137612 -0.263056 -0.262912 -0.260272
|M157+M131| 0.053443 -0.053127 0.035698 -0.172131 0.050092 -0.640623 0.258139 0.275836 -0.402455 0.330403 0.153022 -0.283278 -0.138497 -0.171790 -0.204277 -0.094534
|M157+M288| 0.030211 0.146972 -0.070039 -0.007351 0.183518 -0.797181 0.160086 0.166634 -0.304550 0.373236 0.212599 -0.149105 -0.186855 -0.282078 -0.138111 -0.192722
|M175+M153| 0.043986 -0.001994 -0.052797 -0.230277 0.040350 -0.776107 0.267955 0.241764 -0.560810 0.446268 0.071988 -0.340287 0.091799 -0.249541 -0.206222 -0.035940
|M218+X| 0.019353 0.052506 0.003448 -0.072609 0.129380 -0.661065 0.142499 0.206536 -0.358864 0.328134 0.153277 -0.207269 -0.166760 -0.219940 -0.173821 -0.142730
|M260+N24| 0.120202 0.026598 0.082836 -0.070768 0.027124 -0.383611 0.130442 0.246629 -0.436989 0.229642 0.043201 -0.229023 0.038698 -0.096686 -0.181006 -0.064899
|M305+M009| 0.080634 0.080964 -0.181809 -0.243921 0.028738 -0.793112 0.204432 0.237806 -0.493395 0.521153 0.227600 -0.277154 0.023552 -0.250635 -0.121927 -0.121815
|M305+M320| 0.120272 0.085381 0.083886 0.013464 0.129786 -0.563830 0.085751 0.202378 -0.458671 0.326409 0.081305 -0.171043 -0.157267 -0.146195 -0.220817 -0.214997
|M351+X| 0.211305 0.092453 0.076585 0.053935 0.135570 -0.632612 0.132201 0.309231 -0.513071 0.280694 0.217318 -0.209992 -0.009899 -0.179542 -0.269383 -0.120844
M034 0.064526 -0.029613 0.069985 -0.135119 0.043907 -0.755569 0.204830 0.322185 -0.508522 0.352884 0.091456 -0.263326 -0.112328 -0.189144 -0.364352 -0.106833
M063 -0.017697 0.060676 -0.105844 -0.060469 0.089634 -0.724815 0.153439 0.203813 -0.223595 0.367649 0.175561 -0.269667 -0.082736 -0.241129 -0.182515 -0.083931
M074 0.071091 0.005558 0.022649 -0.161838 0.056941 -0.548117 0.214097 0.265053 -0.398776 0.347722 0.127842 -0.208122 -0.044253 -0.189113 -0.165878 -0.150876
M086 0.074217 -0.017789 0.027686 -0.172330 0.138672 -0.801673 0.252058 0.293716 -0.478838 0.357981 0.146888 -0.245999 -0.138702 -0.247670 -0.276062 -0.185263
M289 0.153200 -0.007488 0.163323 0.055428 0.131862 -0.406276 0.110143 0.318299 -0.421318 0.289496 0.157396 -0.255565 -0.378336 -0.087855 -0.181938 -0.244320
M343 0.049651 -0.110377 0.089161 -0.095026 0.057271 -0.502981 0.220812 0.238970 -0.277074 0.266207 0.097682 -0.206377 -0.287765 -0.148047 -0.179010 -0.004443
M358 0.050564 -0.117003 0.009197 -0.234488 -0.027573 -0.680809 0.264981 0.269003 -0.402282 0.330365 0.105351 -0.254545 -0.084526 -0.244166 -0.175343 -0.036525
M368 0.029155 0.059188 -0.057482 -0.072284 0.017837 -0.467768 0.134967 0.169247 -0.290977 0.264652 0.078950 -0.152903 0.069859 -0.179954 -0.098927 -0.061173
M447 0.133930 0.058747 0.108956 -0.001166 0.095226 -0.468618 0.131085 0.273602 -0.605686 0.316700 0.080658 -0.195832 -0.036199 -0.111330 -0.221860 -0.196451
M449 0.075027 0.140311 -0.046249 0.035773 0.135135 -0.560586 0.131064 0.236928 -0.432985 0.272784 0.100109 -0.158945 -0.011883 -0.150796 -0.185306 -0.207660
N(N@B) 0.044105 0.081954 -0.001404 0.007462 0.219374 -0.630856 0.124554 0.206618 -0.314749 0.325344 0.167065 -0.207514 -0.206421 -0.242580 -0.170949 -0.166477
|M054+M365+M054| 0.062089 -0.105423 0.033969 -0.228471 0.033057 -0.699593 0.308989 0.314129 -0.510074 0.360277 0.166579 -0.303027 -0.065710 -0.226519 -0.309839 -0.073116
|M153+M106| 0.091553 0.008962 -0.000948 -0.095159 0.074158 -0.731861 0.208076 0.295183 -0.527860 0.402162 0.146201 -0.298971 -0.113882 -0.213562 -0.176542 -0.212895
|M157+X| 0.046438 -0.004319 -0.005934 -0.152263 0.102989 -0.827782 0.256362 0.325978 -0.446035 0.465828 0.176789 -0.305943 -0.203400 -0.322800 -0.223988 -0.117760
|M351+3(N01)| 0.024819 0.074779 -0.017822 -0.120129 0.099219 -0.860753 0.233255 0.265197 -0.512458 0.436966 0.130640 -0.258373 -0.008440 -0.274750 -0.231669 -0.118332
|M362+M059| -0.056890 -0.033308 -0.109515 -0.135361 0.045105 -0.430027 0.143621 0.074972 -0.109869 0.150585 0.080183 -0.133810 -0.025550 -0.163022 -0.059426 -0.004130
<unk> 0.042352 -0.030976 0.011847 -0.134062 0.040354 -0.508480 0.180478 0.206635 -0.325764 0.255067 0.091814 -0.201343 -0.066853 -0.157209 -0.165496 -0.078630
